Time (seconds), Duration (seconds),pred_unlabeled,pred_down,pred_bottom left,pred_bottom right,pred_left,pred_right,pred_top,pred_top left,pred_top right
0.00000,0.12794,0.99232,0.00000,0.00001,0.00034,0.00000,0.00731,0.00000,0.00000,0.00003
0.03200,0.12794,0.99032,0.00000,0.00020,0.00038,0.00000,0.00899,0.00000,0.00000,0.00010
0.06400,0.12794,0.98392,0.00000,0.00510,0.00032,0.00011,0.01025,0.00001,0.00002,0.00028
0.09600,0.12794,0.85775,0.00000,0.12009,0.00024,0.00620,0.01453,0.00002,0.00025,0.00092
0.12800,0.12794,0.20173,0.00000,0.70891,0.00005,0.08411,0.00343,0.00001,0.00121,0.00054
0.16000,0.12794,0.18731,0.00000,0.75115,0.00004,0.05694,0.00330,0.00001,0.00082,0.00043
0.19200,0.12794,0.17462,0.00000,0.72178,0.00005,0.09869,0.00312,0.00001,0.00143,0.00030
0.22400,0.12794,0.18975,0.00000,0.71371,0.00008,0.09009,0.00303,0.00001,0.00299,0.00033
0.25600,0.12794,0.22797,0.00000,0.66739,0.00012,0.09573,0.00276,0.00003,0.00553,0.00048
0.28800,0.12794,0.20367,0.00000,0.65245,0.00006,0.13779,0.00292,0.00001,0.00274,0.00036
0.32000,0.12794,0.19322,0.00000,0.60467,0.00003,0.19618,0.00207,0.00002,0.00345,0.00035
0.35200,0.12794,0.21262,0.00000,0.61022,0.00003,0.16942,0.00115,0.00002,0.00633,0.00021
0.38400,0.12794,0.24209,0.00000,0.55250,0.00004,0.18657,0.00102,0.00005,0.01751,0.00021
0.41600,0.12794,0.29703,0.00002,0.49288,0.00010,0.13135,0.00079,0.00020,0.07735,0.00027
0.44800,0.12794,0.34402,0.00004,0.47242,0.00017,0.07038,0.00077,0.00029,0.11159,0.00032
0.48000,0.12794,0.35499,0.00009,0.38172,0.00024,0.05758,0.00054,0.00048,0.20407,0.00029
0.51200,0.12794,0.38790,0.00006,0.44716,0.00026,0.04324,0.00073,0.00028,0.12007,0.00029
0.54400,0.12794,0.40338,0.00006,0.42513,0.00028,0.02864,0.00053,0.00021,0.14158,0.00019
0.57600,0.12794,0.37674,0.00009,0.32621,0.00022,0.02238,0.00032,0.00030,0.27367,0.00009
0.60800,0.12794,0.40236,0.00009,0.32032,0.00026,0.02051,0.00038,0.00026,0.25574,0.00008
0.64000,0.12794,0.34591,0.00013,0.24719,0.00022,0.01896,0.00027,0.00043,0.38683,0.00007
0.67200,0.12794,0.35556,0.00029,0.19123,0.00032,0.01458,0.00031,0.00084,0.43677,0.00010
0.70400,0.12794,0.43402,0.00063,0.18898,0.00066,0.01758,0.00044,0.00105,0.35635,0.00030
0.73600,0.12794,0.49418,0.00077,0.17353,0.00063,0.01765,0.00045,0.00189,0.31010,0.00079
0.76800,0.12794,0.55317,0.00069,0.17992,0.00067,0.01749,0.00050,0.00175,0.24475,0.00106
0.80000,0.12794,0.55181,0.00066,0.18235,0.00062,0.01964,0.00047,0.00203,0.24076,0.00167
0.83200,0.12794,0.54778,0.00045,0.23637,0.00069,0.02551,0.00072,0.00128,0.18557,0.00163
0.86400,0.12794,0.52232,0.00035,0.29905,0.00095,0.04455,0.00136,0.00098,0.12860,0.00183
0.89600,0.12794,0.48640,0.00026,0.36102,0.00120,0.05670,0.00225,0.00068,0.08970,0.00180
0.92800,0.12794,0.51173,0.00015,0.32229,0.00085,0.09944,0.00225,0.00043,0.06079,0.00208
0.96000,0.12794,0.45931,0.00005,0.38347,0.00044,0.10524,0.00180,0.00027,0.04824,0.00116
0.99200,0.12794,0.48157,0.00006,0.37904,0.00051,0.08915,0.00172,0.00025,0.04615,0.00155
1.02400,0.12794,0.45941,0.00004,0.40215,0.00035,0.10006,0.00168,0.00019,0.03457,0.00155
1.05600,0.12794,0.49805,0.00004,0.42898,0.00035,0.03305,0.00148,0.00023,0.03671,0.00110
1.08800,0.12794,0.51864,0.00004,0.43129,0.00042,0.02083,0.00157,0.00017,0.02557,0.00147
1.12000,0.12794,0.50422,0.00002,0.45895,0.00025,0.01588,0.00135,0.00012,0.01815,0.00105
1.15200,0.12794,0.53976,0.00003,0.41851,0.00023,0.01108,0.00107,0.00027,0.02800,0.00106
1.18400,0.12794,0.45415,0.00003,0.48960,0.00019,0.02714,0.00111,0.00026,0.02640,0.00113
1.21600,0.12794,0.42195,0.00004,0.47003,0.00011,0.03920,0.00059,0.00064,0.06675,0.00070
1.24800,0.12794,0.35625,0.00004,0.52118,0.00007,0.05105,0.00055,0.00097,0.06937,0.00051
1.28000,0.12794,0.33974,0.00003,0.52397,0.00006,0.07723,0.00063,0.00062,0.05729,0.00044
1.31200,0.12794,0.32949,0.00004,0.53626,0.00006,0.06977,0.00080,0.00105,0.06204,0.00049
1.34400,0.12794,0.40638,0.00007,0.47783,0.00013,0.05978,0.00130,0.00137,0.05199,0.00115
1.37600,0.12794,0.43427,0.00014,0.40106,0.00016,0.05870,0.00085,0.00166,0.10199,0.00117
1.40800,0.12794,0.37616,0.00012,0.51908,0.00024,0.04644,0.00121,0.00074,0.05506,0.00095
1.44000,0.12794,0.39645,0.00014,0.52934,0.00060,0.02794,0.00136,0.00025,0.04308,0.00084
1.47200,0.12794,0.34249,0.00010,0.60560,0.00066,0.01424,0.00094,0.00008,0.03557,0.00032
1.50400,0.12794,0.36502,0.00011,0.58918,0.00058,0.00550,0.00057,0.00006,0.03880,0.00018
1.53600,0.12794,0.42052,0.00022,0.35979,0.00021,0.00234,0.00011,0.00014,0.21661,0.00005
1.56800,0.12794,0.34194,0.00014,0.38754,0.00007,0.00166,0.00008,0.00020,0.26836,0.00002
1.60000,0.12794,0.29093,0.00018,0.40942,0.00003,0.00154,0.00004,0.00036,0.29748,0.00002
1.63200,0.12794,0.31087,0.00028,0.46159,0.00008,0.00250,0.00014,0.00063,0.22387,0.00004
1.66400,0.12794,0.32337,0.00051,0.54069,0.00015,0.00280,0.00030,0.00125,0.13085,0.00010
1.69600,0.12794,0.36950,0.00049,0.41384,0.00011,0.00304,0.00019,0.00200,0.21072,0.00010
1.72800,0.12794,0.41910,0.00036,0.29290,0.00012,0.00369,0.00029,0.00462,0.27873,0.00020
1.76000,0.12794,0.37861,0.00025,0.21493,0.00005,0.00266,0.00011,0.00517,0.39809,0.00012
1.79200,0.12794,0.43094,0.00028,0.23682,0.00012,0.00528,0.00022,0.00380,0.32220,0.00033
1.82400,0.12794,0.48043,0.00031,0.19425,0.00019,0.00559,0.00029,0.00465,0.31372,0.00057
1.85600,0.12794,0.55307,0.00018,0.26315,0.00031,0.00686,0.00054,0.00182,0.17331,0.00077
1.88800,0.12794,0.55069,0.00012,0.24559,0.00023,0.00641,0.00043,0.00145,0.19460,0.00049
1.92000,0.12794,0.61148,0.00006,0.27810,0.00032,0.00650,0.00080,0.00070,0.10134,0.00070
1.95200,0.12794,0.57169,0.00003,0.38047,0.00040,0.00783,0.00155,0.00022,0.03702,0.00080
1.98400,0.12794,0.55841,0.00002,0.40508,0.00046,0.01646,0.00324,0.00009,0.01511,0.00112
2.01600,0.12794,0.51401,0.00000,0.44351,0.00067,0.02131,0.01633,0.00002,0.00173,0.00240
2.04800,0.12794,0.48904,0.00000,0.47059,0.00064,0.01304,0.02302,0.00001,0.00071,0.00294
2.08000,0.12794,0.49183,0.00000,0.45328,0.00088,0.00951,0.04003,0.00001,0.00033,0.00414
2.11200,0.12794,0.46800,0.00000,0.50052,0.00065,0.00418,0.02350,0.00000,0.00032,0.00283
2.14400,0.12794,0.42061,0.00000,0.56560,0.00046,0.00224,0.00878,0.00001,0.00084,0.00146
2.17600,0.12794,0.41771,0.00000,0.57372,0.00026,0.00220,0.00308,0.00001,0.00241,0.00060
2.20800,0.12794,0.44407,0.00000,0.54814,0.00022,0.00111,0.00138,0.00002,0.00458,0.00047
2.24000,0.12794,0.47070,0.00001,0.51990,0.00037,0.00071,0.00138,0.00005,0.00610,0.00077
2.27200,0.12794,0.48882,0.00001,0.50197,0.00057,0.00060,0.00160,0.00005,0.00498,0.00139
2.30400,0.12794,0.48509,0.00001,0.50376,0.00097,0.00059,0.00259,0.00007,0.00347,0.00345
2.33600,0.12794,0.48073,0.00002,0.50648,0.00104,0.00078,0.00303,0.00009,0.00336,0.00449
2.36800,0.12794,0.42945,0.00001,0.55734,0.00116,0.00090,0.00396,0.00006,0.00268,0.00445
2.40000,0.12794,0.40295,0.00001,0.58437,0.00127,0.00086,0.00410,0.00004,0.00224,0.00416
2.43200,0.12794,0.42157,0.00001,0.56735,0.00128,0.00074,0.00296,0.00004,0.00359,0.00246
2.46400,0.12794,0.46018,0.00002,0.52529,0.00152,0.00096,0.00228,0.00005,0.00801,0.00169
2.49600,0.12794,0.52425,0.00003,0.45260,0.00117,0.00115,0.00124,0.00008,0.01844,0.00104
2.52800,0.12794,0.58658,0.00005,0.36664,0.00091,0.00151,0.00074,0.00011,0.04280,0.00064
2.56000,0.12794,0.56901,0.00009,0.34010,0.00072,0.00260,0.00053,0.00018,0.08634,0.00044
2.59200,0.12794,0.55783,0.00010,0.30357,0.00039,0.00205,0.00028,0.00017,0.13542,0.00019
2.62400,0.12794,0.47381,0.00021,0.23928,0.00035,0.00383,0.00020,0.00028,0.28191,0.00014
2.65600,0.12794,0.41605,0.00025,0.21529,0.00029,0.00491,0.00015,0.00026,0.36269,0.00012
2.68800,0.12794,0.37219,0.00021,0.18646,0.00018,0.00588,0.00010,0.00033,0.43454,0.00011
2.72000,0.12794,0.34421,0.00031,0.20282,0.00031,0.01848,0.00016,0.00062,0.43279,0.00029
2.75200,0.12794,0.40005,0.00026,0.26644,0.00031,0.01548,0.00018,0.00060,0.31622,0.00046
2.78400,0.12794,0.36981,0.00035,0.27547,0.00042,0.02587,0.00026,0.00120,0.32579,0.00083
2.81600,0.12794,0.37063,0.00040,0.35872,0.00083,0.05091,0.00054,0.00116,0.21495,0.00185
2.84800,0.12794,0.36436,0.00030,0.39434,0.00087,0.07906,0.00073,0.00088,0.15724,0.00222
2.88000,0.12794,0.32295,0.00022,0.37720,0.00073,0.15432,0.00078,0.00076,0.14077,0.00228
2.91200,0.12794,0.31622,0.00018,0.40767,0.00076,0.17660,0.00093,0.00056,0.09482,0.00227
2.94400,0.12794,0.32950,0.00027,0.45303,0.00064,0.10518,0.00063,0.00048,0.10880,0.00147
2.97600,0.12794,0.29250,0.00042,0.51425,0.00048,0.05559,0.00035,0.00054,0.13500,0.00088
3.00800,0.12794,0.17763,0.00104,0.69647,0.00039,0.01614,0.00020,0.00042,0.10740,0.00032
3.04000,0.12794,0.10818,0.00164,0.71911,0.00013,0.00402,0.00006,0.00036,0.16644,0.00005
3.07200,0.12794,0.06908,0.00174,0.71742,0.00006,0.00221,0.00003,0.00042,0.20904,0.00002
3.10400,0.12794,0.06158,0.00203,0.62949,0.00004,0.00236,0.00003,0.00076,0.30370,0.00001
3.13600,0.12794,0.07465,0.00100,0.41792,0.00003,0.00682,0.00003,0.00166,0.49787,0.00002
3.16800,0.12794,0.08784,0.00066,0.34957,0.00003,0.01983,0.00003,0.00278,0.53921,0.00004
3.20000,0.12794,0.11138,0.00047,0.29583,0.00004,0.05861,0.00005,0.00462,0.52889,0.00012
3.23200,0.12794,0.11743,0.00031,0.23869,0.00003,0.08851,0.00004,0.00517,0.54968,0.00014
3.26400,0.12794,0.13605,0.00030,0.26809,0.00004,0.13713,0.00006,0.00520,0.45292,0.00021
3.29600,0.12794,0.14172,0.00023,0.24941,0.00003,0.17494,0.00006,0.00491,0.42849,0.00021
3.32800,0.12794,0.15030,0.00017,0.24689,0.00002,0.19265,0.00006,0.00376,0.40595,0.00019
3.36000,0.12794,0.16535,0.00021,0.33509,0.00004,0.16144,0.00009,0.00302,0.33458,0.00019
3.39200,0.12794,0.15181,0.00035,0.44755,0.00004,0.08533,0.00009,0.00295,0.31172,0.00015
3.42400,0.12794,0.12968,0.00054,0.57101,0.00005,0.03947,0.00009,0.00320,0.25584,0.00011
3.45600,0.12794,0.08443,0.00109,0.64786,0.00005,0.01354,0.00008,0.00393,0.24897,0.00004
3.48800,0.12794,0.09044,0.00104,0.58194,0.00003,0.00503,0.00004,0.00407,0.31737,0.00003
3.52000,0.12794,0.07654,0.00196,0.62633,0.00002,0.00204,0.00004,0.00894,0.28408,0.00002
3.55200,0.12794,0.07895,0.00280,0.59885,0.00002,0.00115,0.00005,0.01569,0.30247,0.00002
3.58400,0.12794,0.13746,0.00392,0.51820,0.00006,0.00143,0.00012,0.02865,0.31010,0.00007
3.61600,0.12794,0.18830,0.00735,0.46952,0.00026,0.00217,0.00055,0.06493,0.26669,0.00022
3.64800,0.12794,0.31251,0.00634,0.30592,0.00087,0.00358,0.00166,0.06903,0.29922,0.00087
3.68000,0.12794,0.50708,0.00479,0.18633,0.00358,0.00542,0.00559,0.05509,0.22811,0.00402
3.71200,0.12794,0.62537,0.00257,0.11579,0.00821,0.00851,0.01177,0.03947,0.17827,0.01004
3.74400,0.12794,0.65031,0.00181,0.10660,0.01376,0.01703,0.01882,0.02527,0.14838,0.01801
3.77600,0.12794,0.63650,0.00100,0.09961,0.01349,0.05067,0.02135,0.01494,0.13966,0.02278
3.80800,0.12794,0.51693,0.00068,0.11858,0.00715,0.16288,0.02006,0.01195,0.14325,0.01852
3.84000,0.12794,0.49403,0.00070,0.13429,0.00977,0.19398,0.02499,0.00915,0.11263,0.02046
3.87200,0.12794,0.37190,0.00045,0.14263,0.00538,0.34770,0.02156,0.00670,0.09000,0.01366
3.90400,0.12794,0.37973,0.00052,0.16057,0.00524,0.31472,0.01826,0.00722,0.10028,0.01346
3.93600,0.12794,0.37114,0.00053,0.18587,0.00555,0.30381,0.01473,0.00607,0.09933,0.01298
3.96800,0.12794,0.37316,0.00090,0.26806,0.00259,0.17239,0.00872,0.01143,0.15740,0.00535
4.00000,0.12794,0.24976,0.00173,0.45712,0.00082,0.04404,0.00171,0.01213,0.23163,0.00105
4.03200,0.12794,0.14216,0.00179,0.56489,0.00018,0.01136,0.00033,0.00730,0.27187,0.00013
4.06400,0.12794,0.09541,0.00216,0.65680,0.00009,0.00289,0.00010,0.00323,0.23929,0.00004
4.09600,0.12794,0.10038,0.00100,0.73548,0.00012,0.00605,0.00010,0.00075,0.15606,0.00005
4.12800,0.12794,0.18373,0.00045,0.70467,0.00043,0.01781,0.00041,0.00037,0.09186,0.00027
4.16000,0.12794,0.27453,0.00013,0.65882,0.00137,0.03510,0.00203,0.00016,0.02627,0.00159
4.19200,0.12794,0.34279,0.00004,0.58249,0.00200,0.05038,0.00675,0.00014,0.01060,0.00482
4.22400,0.12794,0.34373,0.00001,0.61324,0.00113,0.02473,0.00686,0.00009,0.00511,0.00510
4.25600,0.12794,0.36756,0.00001,0.60285,0.00080,0.01518,0.00625,0.00006,0.00387,0.00342
4.28800,0.12794,0.40961,0.00001,0.55525,0.00043,0.02241,0.00431,0.00006,0.00613,0.00180
4.32000,0.12794,0.47235,0.00001,0.49020,0.00023,0.01997,0.00195,0.00007,0.01441,0.00081
4.35200,0.12794,0.55775,0.00002,0.35389,0.00025,0.03011,0.00127,0.00019,0.05594,0.00057
4.38400,0.12794,0.58139,0.00009,0.26989,0.00025,0.02124,0.00074,0.00059,0.12505,0.00077
4.41600,0.12794,0.56367,0.00015,0.25247,0.00027,0.01659,0.00071,0.00165,0.16363,0.00085
4.44800,0.12794,0.49518,0.00005,0.35026,0.00012,0.07513,0.00100,0.00079,0.07705,0.00042
4.48000,0.12794,0.39129,0.00008,0.42814,0.00014,0.10399,0.00072,0.00041,0.07506,0.00016
4.51200,0.12794,0.31801,0.00004,0.49414,0.00009,0.11369,0.00048,0.00021,0.07329,0.00006
4.54400,0.12794,0.25954,0.00003,0.49510,0.00004,0.12009,0.00017,0.00010,0.12491,0.00002
4.57600,0.12794,0.24434,0.00004,0.53863,0.00005,0.06831,0.00017,0.00017,0.14827,0.00003
4.60800,0.12794,0.21624,0.00001,0.62189,0.00002,0.07459,0.00021,0.00021,0.08678,0.00004
4.64000,0.12794,0.16337,0.00001,0.71999,0.00001,0.09082,0.00042,0.00018,0.02515,0.00005
4.67200,0.12794,0.12867,0.00000,0.75410,0.00001,0.10706,0.00060,0.00011,0.00939,0.00006
4.70400,0.12794,0.14574,0.00000,0.75991,0.00001,0.08255,0.00051,0.00010,0.01111,0.00006
4.73600,0.12794,0.13842,0.00000,0.79490,0.00002,0.06193,0.00081,0.00003,0.00381,0.00008
4.76800,0.12794,0.14638,0.00000,0.77024,0.00001,0.07959,0.00085,0.00002,0.00282,0.00009
4.80000,0.12794,0.14323,0.00000,0.81043,0.00002,0.04333,0.00164,0.00001,0.00119,0.00015
4.83200,0.12794,0.13536,0.00000,0.81021,0.00003,0.05060,0.00297,0.00000,0.00059,0.00024
4.86400,0.12794,0.16124,0.00000,0.73537,0.00003,0.09865,0.00347,0.00001,0.00090,0.00033
4.89600,0.12794,0.17429,0.00000,0.70160,0.00004,0.11743,0.00497,0.00001,0.00113,0.00053
4.92800,0.12794,0.17183,0.00000,0.58928,0.00003,0.23316,0.00335,0.00002,0.00184,0.00048
4.96000,0.12794,0.18598,0.00000,0.58174,0.00005,0.22530,0.00241,0.00003,0.00389,0.00060
4.99200,0.12794,0.23421,0.00000,0.66813,0.00007,0.08736,0.00184,0.00006,0.00789,0.00045
5.02400,0.12794,0.25127,0.00000,0.65183,0.00006,0.07090,0.00074,0.00009,0.02484,0.00025
5.05600,0.12794,0.30419,0.00001,0.62742,0.00007,0.02852,0.00064,0.00014,0.03880,0.00021
5.08800,0.12794,0.35099,0.00001,0.57853,0.00006,0.01769,0.00057,0.00019,0.05180,0.00016
5.12000,0.12794,0.36907,0.00001,0.54440,0.00010,0.02273,0.00062,0.00021,0.06257,0.00028
5.15200,0.12794,0.36115,0.00001,0.59541,0.00014,0.01278,0.00110,0.00014,0.02893,0.00033
5.18400,0.12794,0.33502,0.00001,0.62972,0.00018,0.01606,0.00157,0.00009,0.01694,0.00040
5.21600,0.12794,0.34599,0.00001,0.60793,0.00022,0.02087,0.00145,0.00010,0.02302,0.00041
5.24800,0.12794,0.33739,0.00001,0.63262,0.00016,0.01305,0.00163,0.00008,0.01474,0.00032
5.28000,0.12794,0.34918,0.00001,0.61487,0.00020,0.01193,0.00150,0.00012,0.02187,0.00032
5.31200,0.12794,0.38527,0.00002,0.57081,0.00026,0.00844,0.00108,0.00015,0.03361,0.00036
5.34400,0.12794,0.39711,0.00002,0.56493,0.00045,0.00696,0.00155,0.00023,0.02798,0.00078
5.37600,0.12794,0.38802,0.00005,0.56387,0.00083,0.01151,0.00245,0.00040,0.03119,0.00168
5.40800,0.12794,0.45472,0.00013,0.47132,0.00147,0.01364,0.00228,0.00078,0.05245,0.00321
5.44000,0.12794,0.46590,0.00018,0.45985,0.00185,0.01604,0.00268,0.00095,0.04824,0.00431
5.47200,0.12794,0.49907,0.00028,0.42725,0.00296,0.01478,0.00312,0.00087,0.04647,0.00520
5.50400,0.12794,0.52981,0.00039,0.37529,0.00295,0.01821,0.00219,0.00070,0.06659,0.00386
5.53600,0.12794,0.49039,0.00020,0.41711,0.00145,0.01309,0.00154,0.00051,0.07434,0.00137
5.56800,0.12794,0.48202,0.00013,0.42326,0.00099,0.00787,0.00122,0.00041,0.08340,0.00071
5.60000,0.12794,0.43903,0.00003,0.48269,0.00030,0.00886,0.00083,0.00025,0.06768,0.00033
5.63200,0.12794,0.37835,0.00001,0.53055,0.00010,0.01016,0.00048,0.00024,0.07996,0.00015
5.66400,0.12794,0.31863,0.00001,0.61387,0.00008,0.01540,0.00052,0.00018,0.05113,0.00018
5.69600,0.12794,0.31134,0.00001,0.61137,0.00008,0.02930,0.00064,0.00021,0.04677,0.00028
5.72800,0.12794,0.32336,0.00001,0.60823,0.00010,0.02899,0.00086,0.00022,0.03784,0.00037
5.76000,0.12794,0.31492,0.00001,0.62663,0.00010,0.03432,0.00106,0.00013,0.02242,0.00043
5.79200,0.12794,0.29987,0.00001,0.62114,0.00011,0.06273,0.00162,0.00009,0.01383,0.00061
5.82400,0.12794,0.25247,0.00000,0.64467,0.00008,0.09117,0.00185,0.00007,0.00910,0.00059
5.85600,0.12794,0.23066,0.00001,0.64421,0.00009,0.11320,0.00177,0.00008,0.00934,0.00063
5.88800,0.12794,0.21916,0.00002,0.63733,0.00010,0.12897,0.00158,0.00013,0.01205,0.00067
5.92000,0.12794,0.23074,0.00002,0.64241,0.00008,0.10665,0.00124,0.00021,0.01813,0.00052
5.95200,0.12794,0.27413,0.00005,0.62919,0.00014,0.06567,0.00110,0.00036,0.02882,0.00055
5.98400,0.12794,0.27821,0.00009,0.62396,0.00012,0.04581,0.00069,0.00069,0.04997,0.00046
6.01600,0.12794,0.29220,0.00009,0.60721,0.00011,0.03844,0.00062,0.00091,0.06001,0.00041
6.04800,0.12794,0.29462,0.00010,0.59702,0.00007,0.03022,0.00042,0.00099,0.07627,0.00027
6.08000,0.12794,0.24788,0.00004,0.66135,0.00005,0.03204,0.00038,0.00044,0.05766,0.00016
6.11200,0.12794,0.26633,0.00003,0.64076,0.00005,0.02149,0.00026,0.00018,0.07084,0.00007
6.14400,0.12794,0.22376,0.00004,0.64834,0.00003,0.01073,0.00010,0.00011,0.11687,0.00002
6.17600,0.12794,0.24347,0.00008,0.62437,0.00004,0.00330,0.00006,0.00007,0.12860,0.00001
6.20800,0.12794,0.22499,0.00013,0.45323,0.00002,0.00177,0.00002,0.00011,0.31973,0.00000
6.24000,0.12794,0.15282,0.00016,0.26052,0.00001,0.00072,0.00001,0.00022,0.58556,0.00000
6.27200,0.12794,0.08189,0.00005,0.07329,0.00000,0.00022,0.00000,0.00055,0.84400,0.00000
6.30400,0.12794,0.01441,0.00001,0.00918,0.00000,0.00003,0.00000,0.00131,0.97505,0.00000
6.33600,0.12794,0.01626,0.00002,0.00792,0.00000,0.00002,0.00000,0.00458,0.97120,0.00000
6.36800,0.12794,0.02469,0.00003,0.01299,0.00000,0.00005,0.00000,0.01618,0.94606,0.00000
6.40000,0.12794,0.04725,0.00008,0.03509,0.00000,0.00016,0.00000,0.02228,0.89514,0.00000
6.43200,0.12794,0.11237,0.00025,0.09095,0.00000,0.00058,0.00002,0.02516,0.77067,0.00000
6.46400,0.12794,0.12706,0.00025,0.11404,0.00000,0.00085,0.00003,0.02391,0.73385,0.00001
6.49600,0.12794,0.10783,0.00019,0.06658,0.00000,0.00051,0.00001,0.02760,0.79726,0.00001
6.52800,0.12794,0.14994,0.00023,0.07426,0.00001,0.00066,0.00002,0.02011,0.75475,0.00001
6.56000,0.12794,0.21199,0.00017,0.08212,0.00001,0.00090,0.00004,0.01390,0.69085,0.00003
6.59200,0.12794,0.29490,0.00016,0.08599,0.00003,0.00121,0.00006,0.00933,0.60825,0.00005
6.62400,0.12794,0.40658,0.00016,0.13294,0.00009,0.00287,0.00016,0.00358,0.45350,0.00012
6.65600,0.12794,0.58418,0.00009,0.19916,0.00020,0.00689,0.00049,0.00182,0.20678,0.00040
6.68800,0.12794,0.64846,0.00008,0.25548,0.00052,0.00953,0.00117,0.00082,0.08278,0.00115
6.72000,0.12794,0.64520,0.00003,0.31306,0.00067,0.00792,0.00186,0.00024,0.02936,0.00165
6.75200,0.12794,0.65366,0.00002,0.31780,0.00069,0.00509,0.00169,0.00011,0.01935,0.00159
6.78400,0.12794,0.66874,0.00002,0.30456,0.00074,0.00258,0.00128,0.00010,0.02059,0.00139
6.81600,0.12794,0.62978,0.00002,0.33094,0.00035,0.00422,0.00077,0.00012,0.03296,0.00084
6.84800,0.12794,0.61443,0.00002,0.31332,0.00019,0.00437,0.00040,0.00017,0.06662,0.00047
6.88000,0.12794,0.60090,0.00001,0.34329,0.00019,0.00300,0.00043,0.00018,0.05142,0.00057
6.91200,0.12794,0.55607,0.00001,0.41055,0.00019,0.00289,0.00058,0.00014,0.02864,0.00092
6.94400,0.12794,0.53804,0.00001,0.43834,0.00024,0.00219,0.00078,0.00013,0.01910,0.00118
6.97600,0.12794,0.48199,0.00001,0.50203,0.00027,0.00372,0.00149,0.00012,0.00793,0.00244
7.00800,0.12794,0.40222,0.00001,0.57482,0.00022,0.01086,0.00203,0.00013,0.00706,0.00265
7.04000,0.12794,0.38650,0.00001,0.58627,0.00029,0.01413,0.00269,0.00014,0.00707,0.00291
7.07200,0.12794,0.35717,0.00001,0.61998,0.00044,0.00991,0.00359,0.00011,0.00501,0.00378
7.10400,0.12794,0.35993,0.00001,0.61651,0.00081,0.00815,0.00402,0.00010,0.00621,0.00426
7.13600,0.12794,0.37581,0.00001,0.58987,0.00099,0.01345,0.00321,0.00014,0.01315,0.00335
7.16800,0.12794,0.40326,0.00003,0.52198,0.00080,0.03270,0.00200,0.00026,0.03696,0.00201
7.20000,0.12794,0.41591,0.00003,0.45650,0.00055,0.05362,0.00130,0.00032,0.07059,0.00116
7.23200,0.12794,0.39888,0.00004,0.38314,0.00033,0.08038,0.00072,0.00039,0.13562,0.00049
7.26400,0.12794,0.38956,0.00006,0.33837,0.00034,0.07848,0.00057,0.00042,0.19188,0.00034
7.29600,0.12794,0.36609,0.00004,0.35461,0.00022,0.08431,0.00036,0.00031,0.19385,0.00022
7.32800,0.12794,0.37212,0.00006,0.36704,0.00036,0.08748,0.00043,0.00028,0.17197,0.00027
7.36000,0.12794,0.30932,0.00008,0.34305,0.00041,0.16654,0.00047,0.00037,0.17935,0.00040
7.39200,0.12794,0.27320,0.00006,0.36301,0.00039,0.26487,0.00070,0.00028,0.09683,0.00065
7.42400,0.12794,0.18631,0.00006,0.28524,0.00046,0.46756,0.00120,0.00024,0.05806,0.00086
7.45600,0.12794,0.15045,0.00005,0.26581,0.00042,0.54275,0.00151,0.00021,0.03783,0.00097
7.48800,0.12794,0.15063,0.00005,0.29621,0.00044,0.51811,0.00154,0.00014,0.03197,0.00091
7.52000,0.12794,0.17946,0.00006,0.34501,0.00054,0.42986,0.00132,0.00014,0.04260,0.00101
7.55200,0.12794,0.24301,0.00012,0.46263,0.00070,0.22220,0.00094,0.00022,0.06899,0.00119
7.58400,0.12794,0.21140,0.00012,0.41452,0.00039,0.28506,0.00048,0.00018,0.08703,0.00082
7.61600,0.12794,0.19886,0.00010,0.43698,0.00029,0.28404,0.00040,0.00017,0.07843,0.00073
7.64800,0.12794,0.19864,0.00014,0.53232,0.00025,0.18369,0.00028,0.00019,0.08387,0.00062
7.68000,0.12794,0.16939,0.00014,0.57594,0.00022,0.17382,0.00022,0.00017,0.07963,0.00047
7.71200,0.12794,0.12835,0.00023,0.68558,0.00019,0.09041,0.00013,0.00022,0.09462,0.00028
7.74400,0.12794,0.08401,0.00052,0.77671,0.00014,0.02359,0.00006,0.00021,0.11466,0.00010
7.77600,0.12794,0.05402,0.00068,0.81211,0.00009,0.01065,0.00003,0.00020,0.12218,0.00004
7.80800,0.12794,0.03901,0.00098,0.83140,0.00007,0.00521,0.00002,0.00020,0.12310,0.00002
7.84000,0.12794,0.02791,0.00124,0.85520,0.00004,0.00210,0.00001,0.00020,0.11329,0.00001
7.87200,0.12794,0.03274,0.00102,0.78280,0.00003,0.00211,0.00001,0.00027,0.18100,0.00000
7.90400,0.12794,0.03552,0.00080,0.65296,0.00002,0.00206,0.00001,0.00042,0.30820,0.00000
7.93600,0.12794,0.03566,0.00047,0.46481,0.00001,0.00243,0.00000,0.00045,0.49616,0.00000
7.96800,0.12794,0.04120,0.00031,0.35343,0.00001,0.00315,0.00000,0.00054,0.60136,0.00000
8.00000,0.12794,0.04173,0.00033,0.37329,0.00001,0.00329,0.00000,0.00062,0.58072,0.00000
8.03200,0.12794,0.04618,0.00047,0.42727,0.00001,0.00244,0.00001,0.00078,0.52285,0.00000
8.06400,0.12794,0.05247,0.00080,0.54170,0.00001,0.00134,0.00001,0.00083,0.40285,0.00000
8.09600,0.12794,0.04690,0.00134,0.62402,0.00001,0.00075,0.00001,0.00087,0.32610,0.00000
8.12800,0.12794,0.06272,0.00161,0.59706,0.00001,0.00065,0.00001,0.00120,0.33673,0.00000
8.16000,0.12794,0.03846,0.00383,0.64581,0.00002,0.00057,0.00001,0.00144,0.30985,0.00000
8.19200,0.12794,0.04889,0.00463,0.50682,0.00002,0.00058,0.00002,0.00271,0.43632,0.00000
8.22400,0.12794,0.05978,0.00544,0.45043,0.00004,0.00076,0.00004,0.00641,0.47709,0.00000
8.25600,0.12794,0.07391,0.01085,0.51195,0.00008,0.00097,0.00012,0.02163,0.38049,0.00001
8.28800,0.12794,0.16316,0.00647,0.36963,0.00014,0.00141,0.00034,0.04679,0.41200,0.00007
8.32000,0.12794,0.24487,0.00693,0.31111,0.00044,0.00206,0.00112,0.07995,0.35329,0.00023
8.35200,0.12794,0.37477,0.00602,0.21998,0.00130,0.00265,0.00304,0.08409,0.30743,0.00071
8.38400,0.12794,0.47626,0.00450,0.15471,0.00383,0.00452,0.00634,0.05890,0.28840,0.00255
8.41600,0.12794,0.55952,0.00358,0.12779,0.00792,0.00924,0.01046,0.04572,0.22862,0.00716
8.44800,0.12794,0.55166,0.00305,0.12844,0.01032,0.02175,0.01230,0.03332,0.22741,0.01176
8.48000,0.12794,0.54291,0.00228,0.11651,0.01163,0.04217,0.01378,0.02514,0.22933,0.01625
8.51200,0.12794,0.57307,0.00169,0.11098,0.01673,0.05164,0.01979,0.02042,0.18604,0.01964
8.54400,0.12794,0.51376,0.00157,0.13869,0.01570,0.09154,0.02110,0.01720,0.17776,0.02267
8.57600,0.12794,0.48296,0.00144,0.16345,0.01177,0.11330,0.01788,0.01638,0.17156,0.02127
8.60800,0.12794,0.46318,0.00125,0.19233,0.01010,0.13108,0.01735,0.01555,0.14525,0.02392
8.64000,0.12794,0.36892,0.00112,0.21110,0.00555,0.20492,0.01206,0.01582,0.16037,0.02014
8.67200,0.12794,0.40056,0.00106,0.19086,0.00723,0.19910,0.01576,0.01576,0.14598,0.02370
8.70400,0.12794,0.43845,0.00081,0.18603,0.00891,0.19157,0.02169,0.01232,0.11220,0.02802
8.73600,0.12794,0.43965,0.00080,0.16719,0.01178,0.20285,0.02673,0.01217,0.10826,0.03057
8.76800,0.12794,0.48418,0.00062,0.17308,0.01058,0.17926,0.02545,0.00873,0.09036,0.02775
8.80000,0.12794,0.45757,0.00055,0.17105,0.01066,0.22193,0.03288,0.00721,0.07252,0.02564
8.83200,0.12794,0.40257,0.00043,0.15038,0.00801,0.31077,0.03111,0.00602,0.07283,0.01788
8.86400,0.12794,0.31052,0.00028,0.13975,0.00301,0.44679,0.01467,0.00411,0.06904,0.01183
8.89600,0.12794,0.20034,0.00017,0.10534,0.00128,0.61449,0.00843,0.00284,0.06055,0.00656
8.92800,0.12794,0.20085,0.00013,0.09615,0.00119,0.63665,0.00954,0.00214,0.04719,0.00616
8.96000,0.12794,0.22670,0.00012,0.10702,0.00131,0.59964,0.01103,0.00203,0.04466,0.00749
8.99200,0.12794,0.28325,0.00013,0.12303,0.00307,0.51633,0.02931,0.00194,0.03319,0.00976
9.02400,0.12794,0.33388,0.00016,0.14038,0.00502,0.43339,0.04467,0.00187,0.02974,0.01090
9.05600,0.12794,0.40919,0.00018,0.22837,0.00483,0.27959,0.02980,0.00165,0.03690,0.00948
9.08800,0.12794,0.38630,0.00016,0.28024,0.00285,0.26793,0.01621,0.00123,0.03984,0.00525
9.12000,0.12794,0.35958,0.00018,0.31539,0.00197,0.25930,0.00796,0.00089,0.05189,0.00284
9.15200,0.12794,0.38375,0.00018,0.33588,0.00170,0.21376,0.00558,0.00061,0.05646,0.00207
9.18400,0.12794,0.39827,0.00024,0.30845,0.00189,0.21493,0.00497,0.00062,0.06883,0.00179
9.21600,0.12794,0.41470,0.00053,0.30194,0.00331,0.16778,0.00474,0.00075,0.10483,0.00143
9.24800,0.12794,0.47893,0.00072,0.33522,0.00435,0.08066,0.00507,0.00070,0.09295,0.00140
9.28000,0.12794,0.45309,0.00079,0.36610,0.00572,0.08641,0.00685,0.00071,0.07910,0.00123
9.31200,0.12794,0.43452,0.00055,0.40008,0.00430,0.07868,0.00621,0.00058,0.07414,0.00096
9.34400,0.12794,0.43699,0.00040,0.44537,0.00517,0.06057,0.00884,0.00037,0.04116,0.00113
9.37600,0.12794,0.39013,0.00023,0.46408,0.00472,0.09765,0.01261,0.00030,0.02902,0.00126
9.40800,0.12794,0.41722,0.00015,0.50183,0.00453,0.04422,0.01136,0.00014,0.01950,0.00105
9.44000,0.12794,0.39482,0.00009,0.53107,0.00476,0.04268,0.01447,0.00008,0.01077,0.00127
9.47200,0.12794,0.38898,0.00002,0.55908,0.00188,0.03002,0.01486,0.00002,0.00424,0.00091
9.50400,0.12794,0.47958,0.00001,0.45109,0.00159,0.04317,0.01935,0.00002,0.00416,0.00104
9.53600,0.12794,0.48707,0.00001,0.46265,0.00169,0.02476,0.01857,0.00002,0.00428,0.00094
9.56800,0.12794,0.50149,0.00001,0.45935,0.00191,0.01389,0.01791,0.00002,0.00448,0.00094
9.60000,0.12794,0.54067,0.00003,0.42665,0.00276,0.00870,0.00989,0.00006,0.01002,0.00122
9.63200,0.12794,0.45566,0.00004,0.52036,0.00221,0.00342,0.00355,0.00006,0.01374,0.00096
9.66400,0.12794,0.46267,0.00004,0.50858,0.00176,0.00561,0.00271,0.00008,0.01717,0.00138
9.69600,0.12794,0.49459,0.00005,0.46181,0.00146,0.00895,0.00176,0.00010,0.03010,0.00119
9.72800,0.12794,0.47915,0.00005,0.46778,0.00137,0.01635,0.00186,0.00012,0.03173,0.00159
9.76000,0.12794,0.46093,0.00006,0.47251,0.00177,0.02827,0.00236,0.00017,0.03167,0.00226
9.79200,0.12794,0.44087,0.00008,0.47958,0.00159,0.03895,0.00217,0.00020,0.03380,0.00276
9.82400,0.12794,0.41668,0.00008,0.49471,0.00132,0.04613,0.00195,0.00026,0.03593,0.00294
9.85600,0.12794,0.39784,0.00011,0.48381,0.00104,0.05887,0.00140,0.00031,0.05426,0.00237
9.88800,0.12794,0.36742,0.00008,0.46789,0.00044,0.08565,0.00074,0.00029,0.07611,0.00138
9.92000,0.12794,0.34377,0.00013,0.44043,0.00039,0.07860,0.00047,0.00040,0.13485,0.00095
9.95200,0.12794,0.29003,0.00015,0.43647,0.00024,0.09187,0.00028,0.00042,0.17996,0.00059
9.98400,0.12794,0.25452,0.00016,0.44399,0.00016,0.07695,0.00018,0.00043,0.22326,0.00035
10.01600,0.12794,0.22912,0.00019,0.40346,0.00012,0.04887,0.00011,0.00055,0.31735,0.00022
10.04800,0.12794,0.21263,0.00022,0.36654,0.00011,0.04121,0.00009,0.00059,0.37846,0.00017
10.08000,0.12794,0.19583,0.00021,0.33533,0.00008,0.03309,0.00007,0.00066,0.43462,0.00011
10.11200,0.12794,0.19033,0.00016,0.29817,0.00005,0.03375,0.00006,0.00076,0.47662,0.00009
10.14400,0.12794,0.16425,0.00014,0.23395,0.00003,0.03947,0.00005,0.00083,0.56121,0.00007
10.17600,0.12794,0.17396,0.00008,0.26585,0.00002,0.05968,0.00004,0.00083,0.49949,0.00006
10.20800,0.12794,0.18088,0.00007,0.26228,0.00002,0.05449,0.00003,0.00075,0.50143,0.00006
10.24000,0.12794,0.16070,0.00006,0.24429,0.00001,0.06186,0.00003,0.00063,0.53238,0.00004
10.27200,0.12794,0.13364,0.00011,0.27060,0.00001,0.03611,0.00002,0.00094,0.55853,0.00003
10.30400,0.12794,0.14048,0.00029,0.30414,0.00003,0.01442,0.00004,0.00111,0.53946,0.00003
10.33600,0.12794,0.15304,0.00100,0.28742,0.00007,0.00877,0.00008,0.00214,0.54744,0.00004
10.36800,0.12794,0.17983,0.00331,0.30708,0.00022,0.00414,0.00019,0.00321,0.50196,0.00006
10.40000,0.12794,0.24755,0.00518,0.30586,0.00049,0.00254,0.00038,0.00330,0.43461,0.00009
10.43200,0.12794,0.28692,0.00730,0.28541,0.00083,0.00216,0.00059,0.00368,0.41300,0.00011
10.46400,0.12794,0.28109,0.00569,0.29403,0.00063,0.00201,0.00050,0.00305,0.41290,0.00010
10.49600,0.12794,0.30134,0.00960,0.32481,0.00115,0.00288,0.00083,0.00476,0.35445,0.00018
10.52800,0.12794,0.42778,0.02313,0.27325,0.00339,0.00378,0.00185,0.00733,0.25904,0.00046
10.56000,0.12794,0.62216,0.04005,0.17552,0.00842,0.00391,0.00399,0.01101,0.13350,0.00144
10.59200,0.12794,0.71844,0.04038,0.12169,0.02508,0.00334,0.01051,0.01379,0.06310,0.00368
10.62400,0.12794,0.77566,0.03721,0.08111,0.02598,0.00178,0.01103,0.01835,0.04471,0.00417
10.65600,0.12794,0.78614,0.02242,0.08525,0.03057,0.00140,0.01462,0.01830,0.03603,0.00527
10.68800,0.12794,0.76070,0.02115,0.09773,0.03021,0.00146,0.01548,0.02659,0.04056,0.00611
10.72000,0.12794,0.73373,0.04427,0.08586,0.04042,0.00170,0.01702,0.03205,0.03635,0.00859
10.75200,0.12794,0.74134,0.07930,0.06395,0.03087,0.00172,0.01283,0.02824,0.03477,0.00697
10.78400,0.12794,0.75112,0.13593,0.03219,0.02141,0.00129,0.00846,0.02330,0.01954,0.00676
10.81600,0.12794,0.78185,0.12207,0.02366,0.03090,0.00124,0.00972,0.01152,0.01348,0.00556
10.84800,0.12794,0.85862,0.06646,0.01505,0.03037,0.00079,0.01080,0.00648,0.00747,0.00396
10.88000,0.12794,0.84281,0.05864,0.02015,0.04236,0.00106,0.01427,0.00673,0.00879,0.00519
10.91200,0.12794,0.82648,0.09236,0.01832,0.02790,0.00106,0.01001,0.00930,0.00801,0.00655
10.94400,0.12794,0.80548,0.14352,0.01349,0.00496,0.00069,0.00300,0.01640,0.00868,0.00379
10.97600,0.12794,0.78526,0.17239,0.01025,0.00292,0.00060,0.00166,0.01537,0.00716,0.00438
11.00800,0.12794,0.69439,0.25209,0.00947,0.00454,0.00064,0.00235,0.02285,0.00451,0.00916
11.04000,0.12794,0.64986,0.25407,0.01515,0.01195,0.00100,0.00487,0.03338,0.00493,0.02480
11.07200,0.12794,0.49526,0.32081,0.02517,0.04090,0.00192,0.01105,0.03923,0.00563,0.06003
11.10400,0.12794,0.37824,0.40067,0.03118,0.04950,0.00261,0.01231,0.05037,0.00740,0.06772
11.13600,0.12794,0.47982,0.28228,0.03107,0.07216,0.00301,0.01610,0.03430,0.00860,0.07266
11.16800,0.12794,0.49440,0.30217,0.04877,0.05607,0.00368,0.01444,0.03110,0.01957,0.02981
11.20000,0.12794,0.56296,0.23168,0.03332,0.07528,0.00283,0.01692,0.02361,0.01213,0.04127
11.23200,0.12794,0.57763,0.26616,0.03069,0.03322,0.00213,0.00984,0.03598,0.01305,0.03130
11.26400,0.12794,0.45710,0.43013,0.02294,0.00800,0.00136,0.00288,0.04910,0.01122,0.01727
11.29600,0.12794,0.47346,0.43868,0.01445,0.00681,0.00116,0.00211,0.03709,0.00798,0.01825
11.32800,0.12794,0.43686,0.46891,0.02224,0.00648,0.00181,0.00205,0.03524,0.01473,0.01167
11.36000,0.12794,0.43272,0.45229,0.03956,0.01455,0.00292,0.00333,0.02234,0.02069,0.01159
11.39200,0.12794,0.47369,0.37132,0.06382,0.02040,0.00360,0.00526,0.02349,0.02533,0.01309
11.42400,0.12794,0.45250,0.35398,0.09216,0.01925,0.00426,0.00663,0.03448,0.02695,0.00977
11.45600,0.12794,0.45153,0.30194,0.13648,0.01281,0.00463,0.00517,0.03643,0.04592,0.00508
11.48800,0.12794,0.36073,0.40097,0.12643,0.00650,0.00395,0.00301,0.05322,0.04143,0.00377
11.52000,0.12794,0.37668,0.37441,0.13518,0.00960,0.00413,0.00435,0.05344,0.03840,0.00381
11.55200,0.12794,0.33077,0.37582,0.17883,0.01018,0.00408,0.00358,0.03111,0.06359,0.00204
11.58400,0.12794,0.28722,0.47277,0.14385,0.01118,0.00384,0.00333,0.02706,0.04867,0.00208
11.61600,0.12794,0.50638,0.32297,0.09300,0.01371,0.00289,0.00430,0.01642,0.03735,0.00297
11.64800,0.12794,0.58508,0.29733,0.05512,0.01133,0.00227,0.00296,0.01010,0.03148,0.00432
11.68000,0.12794,0.77369,0.15284,0.02473,0.01443,0.00146,0.00408,0.00740,0.01242,0.00896
11.71200,0.12794,0.83011,0.10742,0.01970,0.01035,0.00108,0.00376,0.00838,0.00916,0.01003
11.74400,0.12794,0.75600,0.14718,0.03177,0.01873,0.00194,0.00654,0.01334,0.01504,0.00947
11.77600,0.12794,0.75837,0.13801,0.03625,0.02298,0.00209,0.00789,0.01120,0.01720,0.00600
11.80800,0.12794,0.63863,0.22384,0.05262,0.02238,0.00320,0.00679,0.01657,0.02924,0.00673
11.84000,0.12794,0.68691,0.17856,0.04156,0.03546,0.00359,0.00703,0.00937,0.02887,0.00865
11.87200,0.12794,0.74729,0.15909,0.02816,0.02410,0.00257,0.00416,0.00634,0.01845,0.00983
11.90400,0.12794,0.82400,0.09761,0.02207,0.01920,0.00256,0.00322,0.00363,0.01661,0.01108
11.93600,0.12794,0.82363,0.11185,0.01572,0.01763,0.00203,0.00234,0.00229,0.01077,0.01374
11.96800,0.12794,0.80458,0.12657,0.01412,0.01636,0.00187,0.00233,0.00313,0.00831,0.02274
12.00000,0.12794,0.82675,0.08771,0.02503,0.00576,0.00240,0.00160,0.01007,0.02950,0.01117
12.03200,0.12794,0.69919,0.15349,0.04357,0.00800,0.00453,0.00187,0.02041,0.05766,0.01128
12.06400,0.12794,0.72023,0.11566,0.04733,0.00480,0.00388,0.00146,0.02111,0.07897,0.00656
12.09600,0.12794,0.78896,0.10964,0.03323,0.00365,0.00243,0.00094,0.00904,0.04491,0.00721
12.12800,0.12794,0.81306,0.13007,0.01332,0.00685,0.00131,0.00103,0.00240,0.00846,0.02349
12.16000,0.12794,0.82020,0.12685,0.01061,0.00624,0.00094,0.00114,0.00229,0.00564,0.02610
12.19200,0.12794,0.81074,0.12960,0.01094,0.01176,0.00107,0.00201,0.00224,0.00472,0.02693
12.22400,0.12794,0.75002,0.18459,0.01367,0.01441,0.00130,0.00273,0.00420,0.00670,0.02237
12.25600,0.12794,0.71939,0.19334,0.01730,0.02774,0.00186,0.00451,0.00538,0.00839,0.02210
12.28800,0.12794,0.74761,0.17011,0.01497,0.02154,0.00165,0.00375,0.00681,0.00683,0.02672
12.32000,0.12794,0.80871,0.12041,0.01172,0.01146,0.00127,0.00280,0.00979,0.00539,0.02845
12.35200,0.12794,0.86162,0.07798,0.01260,0.00769,0.00122,0.00242,0.01134,0.00710,0.01804
12.38400,0.12794,0.88593,0.06670,0.01199,0.00446,0.00090,0.00195,0.01200,0.00755,0.00852
12.41600,0.12794,0.92434,0.04062,0.00964,0.00497,0.00071,0.00223,0.00607,0.00521,0.00620
12.44800,0.12794,0.93669,0.03233,0.01000,0.00452,0.00056,0.00226,0.00452,0.00576,0.00335
12.48000,0.12794,0.95986,0.02296,0.00517,0.00269,0.00029,0.00160,0.00264,0.00215,0.00262
12.51200,0.12794,0.95581,0.02575,0.00650,0.00184,0.00031,0.00123,0.00340,0.00344,0.00173
12.54400,0.12794,0.96944,0.01884,0.00398,0.00085,0.00018,0.00079,0.00275,0.00195,0.00121
12.57600,0.12794,0.97048,0.01834,0.00373,0.00070,0.00018,0.00070,0.00273,0.00205,0.00109
12.60800,0.12794,0.97477,0.01401,0.00390,0.00053,0.00018,0.00059,0.00240,0.00270,0.00092
12.64000,0.12794,0.96941,0.01660,0.00414,0.00064,0.00025,0.00076,0.00366,0.00327,0.00126
12.67200,0.12794,0.94864,0.02183,0.00855,0.00094,0.00044,0.00123,0.00954,0.00713,0.00171
12.70400,0.12794,0.94078,0.02007,0.01075,0.00139,0.00049,0.00174,0.01442,0.00809,0.00228
12.73600,0.12794,0.84262,0.01969,0.03691,0.00151,0.00086,0.00281,0.05717,0.03707,0.00136
12.76800,0.12794,0.86145,0.00829,0.04253,0.00115,0.00057,0.00294,0.04982,0.03211,0.00113
12.80000,0.12794,0.84522,0.00619,0.05197,0.00119,0.00050,0.00302,0.04296,0.04827,0.00068
12.83200,0.12794,0.87473,0.00379,0.05770,0.00213,0.00060,0.00495,0.01921,0.03630,0.00061
12.86400,0.12794,0.94574,0.00378,0.02320,0.00478,0.00048,0.00645,0.00500,0.00955,0.00102
12.89600,0.12794,0.96901,0.00348,0.01106,0.00421,0.00034,0.00526,0.00205,0.00356,0.00103
12.92800,0.12794,0.98156,0.00360,0.00480,0.00311,0.00023,0.00316,0.00092,0.00098,0.00165
12.96000,0.12794,0.99008,0.00357,0.00168,0.00134,0.00009,0.00134,0.00049,0.00037,0.00103
12.99200,0.12794,0.99313,0.00330,0.00109,0.00061,0.00005,0.00054,0.00023,0.00023,0.00083
13.02400,0.12794,0.99269,0.00443,0.00085,0.00052,0.00003,0.00046,0.00023,0.00021,0.00058
13.05600,0.12794,0.99267,0.00451,0.00074,0.00058,0.00003,0.00054,0.00024,0.00020,0.00050
13.08800,0.12794,0.99204,0.00496,0.00074,0.00062,0.00003,0.00051,0.00022,0.00019,0.00069
13.12000,0.12794,0.98963,0.00518,0.00151,0.00095,0.00004,0.00105,0.00060,0.00050,0.00053
13.15200,0.12794,0.98959,0.00463,0.00136,0.00170,0.00004,0.00129,0.00036,0.00036,0.00068
13.18400,0.12794,0.98438,0.00562,0.00213,0.00351,0.00006,0.00240,0.00049,0.00058,0.00082
13.21600,0.12794,0.98132,0.00435,0.00237,0.00612,0.00006,0.00399,0.00045,0.00060,0.00074
13.24800,0.12794,0.98111,0.00355,0.00174,0.00717,0.00006,0.00452,0.00037,0.00034,0.00115
13.28000,0.12794,0.97429,0.00285,0.00270,0.00977,0.00008,0.00788,0.00067,0.00059,0.00116
13.31200,0.12794,0.97784,0.00250,0.00256,0.00722,0.00009,0.00709,0.00087,0.00051,0.00133
13.34400,0.12794,0.97246,0.00300,0.00335,0.00783,0.00011,0.00943,0.00154,0.00076,0.00153
