Time (seconds), Duration (seconds),pred_unlabeled,pred_down,pred_bottom left,pred_bottom right,pred_left,pred_right,pred_top,pred_top left,pred_top right
0.00000,0.12794,0.99232,0.00000,0.00001,0.00034,0.00000,0.00731,0.00000,0.00000,0.00003
0.03200,0.12794,0.99194,0.00000,0.00002,0.00046,0.00000,0.00756,0.00000,0.00000,0.00003
0.06400,0.12794,0.98827,0.00000,0.00003,0.00103,0.00000,0.01062,0.00000,0.00000,0.00004
0.09600,0.12794,0.98513,0.00000,0.00006,0.00194,0.00000,0.01279,0.00000,0.00000,0.00007
0.12800,0.12794,0.98110,0.00001,0.00007,0.00342,0.00000,0.01526,0.00001,0.00000,0.00013
0.16000,0.12794,0.98164,0.00000,0.00005,0.00345,0.00000,0.01467,0.00001,0.00000,0.00018
0.19200,0.12794,0.98882,0.00001,0.00005,0.00174,0.00000,0.00925,0.00001,0.00000,0.00013
0.22400,0.12794,0.99142,0.00001,0.00007,0.00128,0.00000,0.00708,0.00001,0.00000,0.00014
0.25600,0.12794,0.99380,0.00002,0.00013,0.00079,0.00000,0.00513,0.00002,0.00000,0.00012
0.28800,0.12794,0.99449,0.00003,0.00023,0.00065,0.00000,0.00443,0.00004,0.00001,0.00012
0.32000,0.12794,0.99450,0.00004,0.00023,0.00073,0.00000,0.00431,0.00004,0.00001,0.00013
0.35200,0.12794,0.99273,0.00003,0.00022,0.00119,0.00000,0.00566,0.00003,0.00001,0.00013
0.38400,0.12794,0.99022,0.00005,0.00023,0.00201,0.00000,0.00730,0.00004,0.00001,0.00013
0.41600,0.12794,0.98583,0.00013,0.00032,0.00427,0.00001,0.00914,0.00005,0.00002,0.00024
0.44800,0.12794,0.98933,0.00014,0.00030,0.00311,0.00001,0.00672,0.00006,0.00002,0.00032
0.48000,0.12794,0.99257,0.00018,0.00032,0.00192,0.00001,0.00458,0.00007,0.00002,0.00033
0.51200,0.12794,0.99347,0.00016,0.00025,0.00167,0.00001,0.00404,0.00006,0.00002,0.00032
0.54400,0.12794,0.99549,0.00007,0.00018,0.00092,0.00000,0.00314,0.00003,0.00001,0.00014
0.57600,0.12794,0.99476,0.00004,0.00015,0.00104,0.00000,0.00389,0.00002,0.00001,0.00008
0.60800,0.12794,0.99386,0.00003,0.00011,0.00121,0.00000,0.00468,0.00002,0.00001,0.00008
0.64000,0.12794,0.99399,0.00002,0.00010,0.00110,0.00000,0.00471,0.00001,0.00000,0.00007
0.67200,0.12794,0.99307,0.00001,0.00010,0.00112,0.00000,0.00560,0.00001,0.00000,0.00007
0.70400,0.12794,0.99211,0.00001,0.00009,0.00128,0.00000,0.00640,0.00001,0.00000,0.00010
0.73600,0.12794,0.99216,0.00003,0.00014,0.00142,0.00000,0.00611,0.00002,0.00001,0.00013
0.76800,0.12794,0.99122,0.00005,0.00019,0.00185,0.00000,0.00647,0.00004,0.00001,0.00018
0.80000,0.12794,0.98905,0.00008,0.00027,0.00241,0.00000,0.00790,0.00006,0.00002,0.00022
0.83200,0.12794,0.98493,0.00008,0.00033,0.00383,0.00001,0.01045,0.00006,0.00002,0.00028
0.86400,0.12794,0.98175,0.00004,0.00025,0.00457,0.00000,0.01311,0.00004,0.00001,0.00023
0.89600,0.12794,0.98366,0.00002,0.00016,0.00362,0.00000,0.01230,0.00002,0.00001,0.00020
0.92800,0.12794,0.98504,0.00002,0.00014,0.00330,0.00000,0.01130,0.00002,0.00001,0.00017
0.96000,0.12794,0.98711,0.00002,0.00012,0.00274,0.00000,0.00984,0.00002,0.00000,0.00015
0.99200,0.12794,0.98900,0.00002,0.00011,0.00192,0.00000,0.00883,0.00002,0.00000,0.00010
1.02400,0.12794,0.98864,0.00001,0.00007,0.00194,0.00000,0.00921,0.00001,0.00000,0.00010
1.05600,0.12794,0.98940,0.00001,0.00005,0.00156,0.00000,0.00889,0.00001,0.00000,0.00009
1.08800,0.12794,0.99026,0.00000,0.00005,0.00122,0.00000,0.00840,0.00001,0.00000,0.00007
1.12000,0.12794,0.98913,0.00000,0.00004,0.00143,0.00000,0.00930,0.00000,0.00000,0.00009
1.15200,0.12794,0.98864,0.00000,0.00004,0.00144,0.00000,0.00979,0.00000,0.00000,0.00009
1.18400,0.12794,0.98741,0.00000,0.00004,0.00177,0.00000,0.01066,0.00000,0.00000,0.00011
1.21600,0.12794,0.98740,0.00000,0.00004,0.00174,0.00000,0.01070,0.00000,0.00000,0.00012
1.24800,0.12794,0.98621,0.00000,0.00006,0.00189,0.00000,0.01173,0.00001,0.00000,0.00010
1.28000,0.12794,0.98380,0.00000,0.00007,0.00229,0.00000,0.01372,0.00001,0.00000,0.00010
1.31200,0.12794,0.98392,0.00001,0.00008,0.00226,0.00000,0.01360,0.00001,0.00000,0.00012
1.34400,0.12794,0.98183,0.00001,0.00009,0.00274,0.00000,0.01519,0.00001,0.00000,0.00013
1.37600,0.12794,0.97963,0.00001,0.00010,0.00356,0.00000,0.01652,0.00001,0.00000,0.00017
1.40800,0.12794,0.97730,0.00003,0.00032,0.00481,0.00000,0.01724,0.00004,0.00001,0.00023
1.44000,0.12794,0.96671,0.00012,0.00096,0.00892,0.00002,0.02271,0.00014,0.00007,0.00036
1.47200,0.12794,0.94935,0.00023,0.00169,0.01703,0.00003,0.03069,0.00022,0.00014,0.00062
1.50400,0.12794,0.94531,0.00022,0.00165,0.01884,0.00003,0.03285,0.00021,0.00013,0.00075
1.53600,0.12794,0.95816,0.00014,0.00080,0.01378,0.00002,0.02630,0.00012,0.00005,0.00062
1.56800,0.12794,0.95937,0.00035,0.00078,0.01459,0.00002,0.02384,0.00019,0.00006,0.00079
1.60000,0.12794,0.96760,0.00075,0.00099,0.01096,0.00003,0.01855,0.00035,0.00010,0.00066
1.63200,0.12794,0.97710,0.00202,0.00156,0.00625,0.00005,0.01153,0.00076,0.00027,0.00044
1.66400,0.12794,0.97310,0.00414,0.00229,0.00728,0.00009,0.01092,0.00115,0.00048,0.00054
1.69600,0.12794,0.97832,0.00226,0.00190,0.00590,0.00006,0.01008,0.00071,0.00036,0.00040
1.72800,0.12794,0.98366,0.00159,0.00117,0.00444,0.00004,0.00805,0.00050,0.00019,0.00035
1.76000,0.12794,0.97912,0.00154,0.00118,0.00675,0.00005,0.01024,0.00045,0.00018,0.00047
1.79200,0.12794,0.97331,0.00090,0.00104,0.00909,0.00004,0.01474,0.00034,0.00013,0.00041
1.82400,0.12794,0.96586,0.00055,0.00089,0.01216,0.00003,0.01976,0.00025,0.00010,0.00041
1.85600,0.12794,0.97715,0.00058,0.00086,0.00733,0.00002,0.01335,0.00022,0.00009,0.00041
1.88800,0.12794,0.97173,0.00079,0.00130,0.00987,0.00004,0.01519,0.00031,0.00012,0.00066
1.92000,0.12794,0.98283,0.00090,0.00107,0.00528,0.00003,0.00888,0.00030,0.00011,0.00059
1.95200,0.12794,0.98903,0.00077,0.00097,0.00301,0.00002,0.00551,0.00022,0.00011,0.00035
1.98400,0.12794,0.98348,0.00067,0.00156,0.00478,0.00004,0.00842,0.00032,0.00017,0.00056
2.01600,0.12794,0.98239,0.00054,0.00149,0.00528,0.00003,0.00932,0.00030,0.00017,0.00049
2.04800,0.12794,0.96880,0.00046,0.00209,0.01082,0.00005,0.01659,0.00032,0.00022,0.00066
2.08000,0.12794,0.97664,0.00086,0.00320,0.00779,0.00008,0.00978,0.00040,0.00048,0.00076
2.11200,0.12794,0.97177,0.00237,0.00401,0.01051,0.00012,0.00922,0.00051,0.00089,0.00061
2.14400,0.12794,0.95880,0.00554,0.00409,0.01776,0.00018,0.01003,0.00085,0.00097,0.00178
2.17600,0.12794,0.94115,0.01751,0.00602,0.01965,0.00027,0.00895,0.00189,0.00162,0.00296
2.20800,0.12794,0.87057,0.02812,0.00875,0.05806,0.00052,0.01969,0.00400,0.00223,0.00806
2.24000,0.12794,0.84696,0.03059,0.00950,0.06918,0.00067,0.02374,0.00570,0.00248,0.01119
2.27200,0.12794,0.93411,0.01882,0.00820,0.01656,0.00049,0.01005,0.00456,0.00261,0.00461
2.30400,0.12794,0.96342,0.01145,0.00533,0.00647,0.00030,0.00558,0.00314,0.00183,0.00249
2.33600,0.12794,0.98309,0.00331,0.00306,0.00316,0.00014,0.00435,0.00109,0.00089,0.00091
2.36800,0.12794,0.98879,0.00129,0.00193,0.00220,0.00008,0.00410,0.00048,0.00038,0.00075
2.40000,0.12794,0.98534,0.00123,0.00129,0.00376,0.00008,0.00642,0.00041,0.00016,0.00130
2.43200,0.12794,0.98448,0.00133,0.00146,0.00413,0.00009,0.00680,0.00038,0.00018,0.00115
2.46400,0.12794,0.97852,0.00509,0.00180,0.00410,0.00011,0.00556,0.00124,0.00018,0.00340
2.49600,0.12794,0.97894,0.00562,0.00182,0.00419,0.00010,0.00502,0.00122,0.00020,0.00289
2.52800,0.12794,0.98231,0.00264,0.00191,0.00512,0.00007,0.00598,0.00053,0.00023,0.00120
2.56000,0.12794,0.96952,0.00330,0.00308,0.01038,0.00011,0.01062,0.00081,0.00037,0.00180
2.59200,0.12794,0.97995,0.00120,0.00206,0.00595,0.00006,0.00937,0.00046,0.00028,0.00068
2.62400,0.12794,0.98170,0.00107,0.00185,0.00485,0.00005,0.00929,0.00047,0.00025,0.00047
2.65600,0.12794,0.98335,0.00058,0.00116,0.00423,0.00003,0.00973,0.00035,0.00012,0.00046
2.68800,0.12794,0.98972,0.00017,0.00037,0.00226,0.00001,0.00701,0.00013,0.00002,0.00031
2.72000,0.12794,0.98621,0.00014,0.00029,0.00323,0.00001,0.00970,0.00011,0.00001,0.00030
2.75200,0.12794,0.99062,0.00010,0.00020,0.00237,0.00000,0.00622,0.00007,0.00001,0.00041
2.78400,0.12794,0.99663,0.00015,0.00017,0.00086,0.00000,0.00114,0.00003,0.00001,0.00101
2.81600,0.12794,0.99730,0.00016,0.00018,0.00039,0.00000,0.00043,0.00002,0.00001,0.00151
2.84800,0.12794,0.99697,0.00014,0.00012,0.00030,0.00000,0.00024,0.00001,0.00000,0.00221
2.88000,0.12794,0.99700,0.00027,0.00022,0.00048,0.00001,0.00033,0.00001,0.00001,0.00167
2.91200,0.12794,0.99491,0.00051,0.00049,0.00152,0.00002,0.00156,0.00004,0.00003,0.00092
2.94400,0.12794,0.99239,0.00028,0.00032,0.00289,0.00001,0.00354,0.00004,0.00002,0.00050
2.97600,0.12794,0.99294,0.00012,0.00019,0.00223,0.00001,0.00416,0.00003,0.00001,0.00031
3.00800,0.12794,0.99274,0.00005,0.00011,0.00197,0.00000,0.00489,0.00002,0.00000,0.00021
3.04000,0.12794,0.99378,0.00002,0.00006,0.00122,0.00000,0.00479,0.00001,0.00000,0.00012
3.07200,0.12794,0.99303,0.00002,0.00007,0.00147,0.00000,0.00528,0.00001,0.00000,0.00012
3.10400,0.12794,0.99034,0.00003,0.00014,0.00193,0.00000,0.00744,0.00002,0.00001,0.00010
3.13600,0.12794,0.98938,0.00001,0.00012,0.00195,0.00000,0.00842,0.00001,0.00000,0.00009
3.16800,0.12794,0.98734,0.00001,0.00008,0.00219,0.00000,0.01027,0.00001,0.00000,0.00010
3.20000,0.12794,0.98741,0.00000,0.00005,0.00162,0.00000,0.01084,0.00000,0.00000,0.00008
3.23200,0.12794,0.98712,0.00000,0.00002,0.00163,0.00000,0.01113,0.00000,0.00000,0.00009
3.26400,0.12794,0.98923,0.00000,0.00002,0.00112,0.00000,0.00956,0.00000,0.00000,0.00006
3.29600,0.12794,0.98884,0.00000,0.00002,0.00114,0.00000,0.00993,0.00000,0.00000,0.00006
3.32800,0.12794,0.98873,0.00000,0.00003,0.00120,0.00000,0.00998,0.00000,0.00000,0.00005
3.36000,0.12794,0.99021,0.00000,0.00005,0.00114,0.00000,0.00854,0.00000,0.00000,0.00006
3.39200,0.12794,0.99059,0.00001,0.00005,0.00135,0.00000,0.00790,0.00001,0.00000,0.00010
3.42400,0.12794,0.99079,0.00001,0.00006,0.00184,0.00000,0.00709,0.00001,0.00000,0.00018
3.45600,0.12794,0.99077,0.00002,0.00010,0.00177,0.00000,0.00719,0.00002,0.00000,0.00013
3.48800,0.12794,0.98970,0.00002,0.00010,0.00191,0.00000,0.00815,0.00002,0.00000,0.00011
3.52000,0.12794,0.98760,0.00001,0.00009,0.00222,0.00000,0.00997,0.00001,0.00000,0.00009
3.55200,0.12794,0.98970,0.00001,0.00008,0.00160,0.00000,0.00855,0.00001,0.00000,0.00005
3.58400,0.12794,0.99019,0.00001,0.00004,0.00177,0.00000,0.00789,0.00001,0.00000,0.00009
3.61600,0.12794,0.98970,0.00001,0.00007,0.00211,0.00000,0.00801,0.00001,0.00000,0.00009
3.64800,0.12794,0.98839,0.00001,0.00005,0.00264,0.00000,0.00873,0.00001,0.00000,0.00016
3.68000,0.12794,0.98342,0.00002,0.00009,0.00396,0.00000,0.01229,0.00002,0.00000,0.00020
3.71200,0.12794,0.97666,0.00003,0.00012,0.00638,0.00000,0.01647,0.00002,0.00000,0.00031
3.74400,0.12794,0.97483,0.00004,0.00019,0.00635,0.00000,0.01830,0.00004,0.00001,0.00025
3.77600,0.12794,0.97631,0.00004,0.00022,0.00521,0.00000,0.01802,0.00004,0.00001,0.00015
3.80800,0.12794,0.97832,0.00001,0.00010,0.00430,0.00000,0.01708,0.00002,0.00000,0.00017
3.84000,0.12794,0.98334,0.00001,0.00006,0.00267,0.00000,0.01381,0.00001,0.00000,0.00011
3.87200,0.12794,0.98414,0.00000,0.00005,0.00262,0.00000,0.01304,0.00001,0.00000,0.00014
3.90400,0.12794,0.98619,0.00000,0.00003,0.00220,0.00000,0.01141,0.00000,0.00000,0.00017
3.93600,0.12794,0.98578,0.00000,0.00004,0.00222,0.00000,0.01182,0.00001,0.00000,0.00013
3.96800,0.12794,0.98643,0.00000,0.00004,0.00175,0.00000,0.01168,0.00001,0.00000,0.00009
4.00000,0.12794,0.98715,0.00000,0.00003,0.00132,0.00000,0.01144,0.00000,0.00000,0.00006
4.03200,0.12794,0.98625,0.00000,0.00004,0.00137,0.00000,0.01228,0.00000,0.00000,0.00005
4.06400,0.12794,0.98577,0.00000,0.00003,0.00145,0.00000,0.01268,0.00000,0.00000,0.00007
4.09600,0.12794,0.98481,0.00000,0.00003,0.00164,0.00000,0.01343,0.00000,0.00000,0.00008
4.12800,0.12794,0.98377,0.00000,0.00002,0.00192,0.00000,0.01417,0.00000,0.00000,0.00011
4.16000,0.12794,0.98397,0.00000,0.00003,0.00182,0.00000,0.01409,0.00000,0.00000,0.00010
4.19200,0.12794,0.98249,0.00000,0.00004,0.00209,0.00000,0.01529,0.00000,0.00000,0.00008
4.22400,0.12794,0.97701,0.00000,0.00005,0.00361,0.00000,0.01920,0.00000,0.00000,0.00013
4.25600,0.12794,0.97261,0.00000,0.00007,0.00476,0.00000,0.02240,0.00001,0.00000,0.00013
4.28800,0.12794,0.97151,0.00000,0.00005,0.00532,0.00000,0.02290,0.00001,0.00000,0.00020
4.32000,0.12794,0.97418,0.00000,0.00006,0.00447,0.00000,0.02111,0.00001,0.00000,0.00016
4.35200,0.12794,0.97257,0.00001,0.00007,0.00500,0.00000,0.02213,0.00001,0.00000,0.00021
4.38400,0.12794,0.96360,0.00004,0.00017,0.00896,0.00000,0.02680,0.00003,0.00000,0.00040
4.41600,0.12794,0.96225,0.00010,0.00040,0.01015,0.00001,0.02655,0.00008,0.00002,0.00044
4.44800,0.12794,0.95849,0.00015,0.00041,0.01298,0.00001,0.02710,0.00010,0.00002,0.00073
4.48000,0.12794,0.96322,0.00012,0.00043,0.01043,0.00001,0.02516,0.00009,0.00002,0.00051
4.51200,0.12794,0.98142,0.00004,0.00019,0.00375,0.00000,0.01426,0.00004,0.00001,0.00029
4.54400,0.12794,0.97858,0.00007,0.00026,0.00507,0.00001,0.01562,0.00006,0.00001,0.00031
4.57600,0.12794,0.97609,0.00009,0.00029,0.00602,0.00001,0.01709,0.00007,0.00001,0.00033
4.60800,0.12794,0.97724,0.00010,0.00030,0.00587,0.00001,0.01610,0.00007,0.00002,0.00030
4.64000,0.12794,0.96874,0.00006,0.00027,0.00834,0.00001,0.02224,0.00004,0.00001,0.00028
4.67200,0.12794,0.97808,0.00001,0.00011,0.00403,0.00000,0.01759,0.00001,0.00000,0.00015
4.70400,0.12794,0.98227,0.00000,0.00005,0.00284,0.00000,0.01465,0.00001,0.00000,0.00018
4.73600,0.12794,0.98354,0.00000,0.00006,0.00241,0.00000,0.01382,0.00001,0.00000,0.00016
4.76800,0.12794,0.98591,0.00001,0.00008,0.00209,0.00000,0.01174,0.00001,0.00000,0.00016
4.80000,0.12794,0.98656,0.00001,0.00011,0.00202,0.00000,0.01112,0.00001,0.00000,0.00017
4.83200,0.12794,0.98831,0.00001,0.00018,0.00150,0.00000,0.00988,0.00002,0.00001,0.00009
4.86400,0.12794,0.99099,0.00001,0.00015,0.00110,0.00000,0.00759,0.00002,0.00000,0.00013
4.89600,0.12794,0.99121,0.00001,0.00014,0.00101,0.00000,0.00743,0.00002,0.00000,0.00016
4.92800,0.12794,0.98631,0.00002,0.00018,0.00206,0.00000,0.01110,0.00003,0.00001,0.00030
4.96000,0.12794,0.98412,0.00002,0.00016,0.00256,0.00000,0.01274,0.00003,0.00000,0.00035
4.99200,0.12794,0.97323,0.00002,0.00021,0.00543,0.00000,0.02068,0.00003,0.00001,0.00039
5.02400,0.12794,0.96774,0.00002,0.00019,0.00736,0.00000,0.02429,0.00003,0.00001,0.00036
5.05600,0.12794,0.97439,0.00003,0.00021,0.00556,0.00000,0.01957,0.00003,0.00001,0.00019
5.08800,0.12794,0.97616,0.00002,0.00017,0.00517,0.00000,0.01823,0.00002,0.00001,0.00021
5.12000,0.12794,0.98541,0.00003,0.00016,0.00302,0.00000,0.01119,0.00003,0.00001,0.00017
5.15200,0.12794,0.98486,0.00004,0.00019,0.00331,0.00000,0.01137,0.00003,0.00001,0.00018
5.18400,0.12794,0.98292,0.00004,0.00016,0.00394,0.00000,0.01263,0.00003,0.00001,0.00027
5.21600,0.12794,0.98372,0.00005,0.00017,0.00375,0.00000,0.01200,0.00004,0.00001,0.00026
5.24800,0.12794,0.97782,0.00003,0.00012,0.00504,0.00000,0.01668,0.00003,0.00000,0.00027
5.28000,0.12794,0.98389,0.00002,0.00012,0.00320,0.00000,0.01257,0.00002,0.00000,0.00019
5.31200,0.12794,0.98831,0.00001,0.00011,0.00188,0.00000,0.00950,0.00002,0.00000,0.00016
5.34400,0.12794,0.98973,0.00002,0.00015,0.00148,0.00000,0.00843,0.00002,0.00001,0.00016
5.37600,0.12794,0.99194,0.00002,0.00019,0.00094,0.00000,0.00676,0.00003,0.00001,0.00012
5.40800,0.12794,0.99268,0.00002,0.00014,0.00086,0.00000,0.00615,0.00003,0.00000,0.00012
5.44000,0.12794,0.99092,0.00001,0.00011,0.00119,0.00000,0.00760,0.00002,0.00000,0.00015
5.47200,0.12794,0.98637,0.00001,0.00008,0.00250,0.00000,0.01081,0.00001,0.00000,0.00021
5.50400,0.12794,0.98031,0.00002,0.00011,0.00432,0.00000,0.01496,0.00002,0.00000,0.00026
5.53600,0.12794,0.96523,0.00003,0.00017,0.00926,0.00000,0.02494,0.00003,0.00000,0.00034
5.56800,0.12794,0.96062,0.00004,0.00024,0.01108,0.00000,0.02766,0.00003,0.00001,0.00031
5.60000,0.12794,0.97572,0.00026,0.00071,0.00859,0.00002,0.01409,0.00013,0.00006,0.00043
5.63200,0.12794,0.97667,0.00115,0.00117,0.01030,0.00005,0.00920,0.00030,0.00018,0.00098
5.66400,0.12794,0.98249,0.00331,0.00154,0.00608,0.00008,0.00453,0.00053,0.00036,0.00108
5.69600,0.12794,0.98070,0.00673,0.00177,0.00486,0.00010,0.00328,0.00083,0.00050,0.00122
5.72800,0.12794,0.98426,0.00160,0.00092,0.00564,0.00004,0.00615,0.00037,0.00013,0.00089
5.76000,0.12794,0.98990,0.00044,0.00049,0.00320,0.00001,0.00548,0.00013,0.00005,0.00032
5.79200,0.12794,0.99062,0.00026,0.00031,0.00259,0.00001,0.00583,0.00009,0.00002,0.00026
5.82400,0.12794,0.98930,0.00025,0.00030,0.00300,0.00001,0.00677,0.00009,0.00002,0.00025
5.85600,0.12794,0.99088,0.00016,0.00027,0.00242,0.00001,0.00599,0.00006,0.00002,0.00018
5.88800,0.12794,0.98987,0.00007,0.00019,0.00243,0.00000,0.00718,0.00004,0.00001,0.00020
5.92000,0.12794,0.98872,0.00003,0.00014,0.00230,0.00000,0.00865,0.00002,0.00001,0.00015
5.95200,0.12794,0.99104,0.00001,0.00005,0.00145,0.00000,0.00732,0.00001,0.00000,0.00012
5.98400,0.12794,0.99176,0.00000,0.00005,0.00112,0.00000,0.00699,0.00001,0.00000,0.00007
6.01600,0.12794,0.99040,0.00000,0.00003,0.00140,0.00000,0.00804,0.00000,0.00000,0.00012
6.04800,0.12794,0.98748,0.00000,0.00005,0.00207,0.00000,0.01026,0.00001,0.00000,0.00014
6.08000,0.12794,0.98444,0.00001,0.00010,0.00260,0.00000,0.01274,0.00001,0.00000,0.00009
6.11200,0.12794,0.97940,0.00001,0.00009,0.00443,0.00000,0.01584,0.00001,0.00000,0.00021
6.14400,0.12794,0.97828,0.00002,0.00015,0.00425,0.00000,0.01713,0.00002,0.00000,0.00014
6.17600,0.12794,0.97584,0.00002,0.00016,0.00491,0.00000,0.01886,0.00002,0.00000,0.00019
6.20800,0.12794,0.96811,0.00004,0.00018,0.00776,0.00000,0.02350,0.00004,0.00001,0.00037
6.24000,0.12794,0.94541,0.00013,0.00041,0.01770,0.00001,0.03550,0.00010,0.00002,0.00073
6.27200,0.12794,0.91379,0.00021,0.00057,0.03606,0.00002,0.04784,0.00013,0.00003,0.00136
6.30400,0.12794,0.90343,0.00030,0.00064,0.04299,0.00002,0.05076,0.00018,0.00003,0.00165
6.33600,0.12794,0.91195,0.00019,0.00047,0.03844,0.00001,0.04712,0.00012,0.00002,0.00167
6.36800,0.12794,0.95525,0.00006,0.00029,0.01330,0.00001,0.03051,0.00006,0.00001,0.00052
6.40000,0.12794,0.96933,0.00002,0.00016,0.00681,0.00000,0.02335,0.00003,0.00000,0.00030
6.43200,0.12794,0.97551,0.00001,0.00011,0.00425,0.00000,0.01991,0.00002,0.00000,0.00018
6.46400,0.12794,0.97187,0.00001,0.00012,0.00540,0.00000,0.02241,0.00002,0.00000,0.00017
6.49600,0.12794,0.96039,0.00002,0.00012,0.00962,0.00000,0.02953,0.00002,0.00000,0.00031
6.52800,0.12794,0.94689,0.00002,0.00014,0.01535,0.00000,0.03714,0.00002,0.00000,0.00042
6.56000,0.12794,0.94094,0.00003,0.00015,0.01966,0.00000,0.03857,0.00003,0.00000,0.00060
6.59200,0.12794,0.94711,0.00002,0.00013,0.01626,0.00000,0.03586,0.00002,0.00000,0.00059
6.62400,0.12794,0.96262,0.00001,0.00010,0.00892,0.00000,0.02803,0.00001,0.00000,0.00031
6.65600,0.12794,0.97357,0.00000,0.00006,0.00483,0.00000,0.02130,0.00001,0.00000,0.00021
6.68800,0.12794,0.97538,0.00000,0.00004,0.00385,0.00000,0.02055,0.00000,0.00000,0.00017
6.72000,0.12794,0.98176,0.00000,0.00005,0.00230,0.00000,0.01579,0.00000,0.00000,0.00010
6.75200,0.12794,0.98386,0.00000,0.00004,0.00211,0.00000,0.01389,0.00000,0.00000,0.00009
6.78400,0.12794,0.98394,0.00001,0.00008,0.00226,0.00000,0.01362,0.00001,0.00000,0.00008
6.81600,0.12794,0.98469,0.00001,0.00007,0.00253,0.00000,0.01259,0.00001,0.00000,0.00011
6.84800,0.12794,0.98305,0.00001,0.00007,0.00341,0.00000,0.01330,0.00001,0.00000,0.00016
6.88000,0.12794,0.99591,0.00013,0.00036,0.00047,0.00000,0.00249,0.00055,0.00001,0.00008
6.91200,0.12794,0.97769,0.00060,0.00104,0.00005,0.00001,0.00046,0.02002,0.00009,0.00004
6.94400,0.12794,0.33824,0.00260,0.00248,0.00000,0.00001,0.00002,0.65633,0.00032,0.00000
6.97600,0.12794,0.01055,0.00059,0.00027,0.00000,0.00000,0.00000,0.98853,0.00005,0.00000
7.00800,0.12794,0.01034,0.00029,0.00023,0.00000,0.00000,0.00000,0.98904,0.00009,0.00000
7.04000,0.12794,0.01183,0.00029,0.00034,0.00000,0.00000,0.00000,0.98746,0.00007,0.00000
7.07200,0.12794,0.01321,0.00031,0.00049,0.00000,0.00000,0.00000,0.98585,0.00014,0.00000
7.10400,0.12794,0.01486,0.00032,0.00099,0.00000,0.00000,0.00000,0.98351,0.00032,0.00000
7.13600,0.12794,0.01249,0.00095,0.00098,0.00000,0.00000,0.00000,0.98546,0.00012,0.00000
7.16800,0.12794,0.01136,0.00180,0.00115,0.00000,0.00000,0.00000,0.98541,0.00028,0.00000
7.20000,0.12794,0.01211,0.00381,0.00113,0.00000,0.00001,0.00000,0.98255,0.00040,0.00000
7.23200,0.12794,0.01212,0.00475,0.00080,0.00000,0.00001,0.00000,0.98166,0.00066,0.00000
7.26400,0.12794,0.00891,0.00161,0.00051,0.00000,0.00001,0.00000,0.98710,0.00186,0.00000
7.29600,0.12794,0.00823,0.00070,0.00026,0.00000,0.00000,0.00000,0.98917,0.00164,0.00000
7.32800,0.12794,0.00725,0.00014,0.00014,0.00000,0.00000,0.00000,0.99043,0.00205,0.00000
7.36000,0.12794,0.00932,0.00009,0.00011,0.00000,0.00000,0.00000,0.98930,0.00118,0.00000
7.39200,0.12794,0.01114,0.00003,0.00010,0.00000,0.00000,0.00000,0.98787,0.00085,0.00000
7.42400,0.12794,0.00912,0.00001,0.00007,0.00000,0.00000,0.00000,0.99042,0.00038,0.00000
7.45600,0.12794,0.00874,0.00003,0.00007,0.00000,0.00000,0.00000,0.99098,0.00019,0.00000
7.48800,0.12794,0.00425,0.00001,0.00003,0.00000,0.00000,0.00000,0.99552,0.00019,0.00000
7.52000,0.12794,0.00214,0.00001,0.00002,0.00000,0.00000,0.00000,0.99776,0.00008,0.00000
7.55200,0.12794,0.00173,0.00001,0.00001,0.00000,0.00000,0.00000,0.99820,0.00005,0.00000
7.58400,0.12794,0.00425,0.00005,0.00003,0.00000,0.00000,0.00000,0.99562,0.00006,0.00000
7.61600,0.12794,0.00589,0.00022,0.00005,0.00000,0.00000,0.00000,0.99382,0.00002,0.00000
7.64800,0.12794,0.00556,0.00041,0.00005,0.00000,0.00000,0.00000,0.99397,0.00001,0.00000
7.68000,0.12794,0.00300,0.00044,0.00004,0.00000,0.00000,0.00000,0.99651,0.00000,0.00000
7.71200,0.12794,0.00047,0.00001,0.00001,0.00000,0.00000,0.00000,0.99950,0.00000,0.00000
7.74400,0.12794,0.00031,0.00001,0.00000,0.00000,0.00000,0.00000,0.99968,0.00000,0.00000
7.77600,0.12794,0.00038,0.00000,0.00001,0.00000,0.00000,0.00000,0.99961,0.00000,0.00000
7.80800,0.12794,0.00077,0.00001,0.00002,0.00000,0.00000,0.00000,0.99920,0.00000,0.00000
7.84000,0.12794,0.00145,0.00004,0.00004,0.00000,0.00000,0.00000,0.99847,0.00000,0.00000
7.87200,0.12794,0.00145,0.00007,0.00004,0.00000,0.00000,0.00000,0.99844,0.00000,0.00000
7.90400,0.12794,0.00134,0.00014,0.00002,0.00000,0.00000,0.00000,0.99850,0.00000,0.00000
7.93600,0.12794,0.00095,0.00015,0.00001,0.00000,0.00000,0.00000,0.99888,0.00000,0.00000
7.96800,0.12794,0.00074,0.00015,0.00001,0.00000,0.00000,0.00000,0.99910,0.00000,0.00000
8.00000,0.12794,0.00055,0.00010,0.00001,0.00000,0.00000,0.00000,0.99935,0.00000,0.00000
8.03200,0.12794,0.00055,0.00008,0.00001,0.00000,0.00000,0.00000,0.99936,0.00000,0.00000
8.06400,0.12794,0.00046,0.00004,0.00001,0.00000,0.00000,0.00000,0.99948,0.00000,0.00000
8.09600,0.12794,0.00069,0.00007,0.00002,0.00000,0.00000,0.00000,0.99922,0.00000,0.00000
8.12800,0.12794,0.00114,0.00012,0.00003,0.00000,0.00000,0.00000,0.99871,0.00000,0.00000
8.16000,0.12794,0.00142,0.00023,0.00004,0.00000,0.00000,0.00000,0.99831,0.00000,0.00000
8.19200,0.12794,0.00161,0.00034,0.00004,0.00000,0.00000,0.00000,0.99801,0.00000,0.00000
8.22400,0.12794,0.00145,0.00028,0.00003,0.00000,0.00000,0.00000,0.99824,0.00000,0.00000
8.25600,0.12794,0.00118,0.00019,0.00002,0.00000,0.00000,0.00000,0.99861,0.00001,0.00000
8.28800,0.12794,0.00221,0.00072,0.00005,0.00000,0.00000,0.00000,0.99702,0.00001,0.00000
8.32000,0.12794,0.00266,0.00100,0.00006,0.00000,0.00000,0.00000,0.99627,0.00001,0.00000
8.35200,0.12794,0.00302,0.00140,0.00008,0.00000,0.00000,0.00000,0.99550,0.00000,0.00000
8.38400,0.12794,0.00383,0.00197,0.00009,0.00000,0.00000,0.00000,0.99411,0.00001,0.00000
8.41600,0.12794,0.00326,0.00114,0.00007,0.00000,0.00000,0.00000,0.99553,0.00000,0.00000
8.44800,0.12794,0.00341,0.00075,0.00007,0.00000,0.00000,0.00000,0.99577,0.00000,0.00000
8.48000,0.12794,0.00393,0.00057,0.00007,0.00000,0.00000,0.00000,0.99542,0.00001,0.00000
8.51200,0.12794,0.00476,0.00075,0.00009,0.00000,0.00000,0.00000,0.99436,0.00003,0.00000
8.54400,0.12794,0.00437,0.00045,0.00007,0.00000,0.00000,0.00000,0.99502,0.00008,0.00000
8.57600,0.12794,0.00449,0.00052,0.00006,0.00000,0.00000,0.00000,0.99483,0.00010,0.00000
8.60800,0.12794,0.00791,0.00136,0.00008,0.00000,0.00000,0.00000,0.99061,0.00005,0.00000
8.64000,0.12794,0.02461,0.00508,0.00014,0.00000,0.00000,0.00000,0.97015,0.00002,0.00000
8.67200,0.12794,0.04962,0.01660,0.00026,0.00000,0.00000,0.00000,0.93347,0.00003,0.00001
8.70400,0.12794,0.25731,0.16123,0.00110,0.00000,0.00000,0.00001,0.57980,0.00003,0.00052
8.73600,0.12794,0.30103,0.24382,0.00160,0.00001,0.00000,0.00001,0.45276,0.00009,0.00068
8.76800,0.12794,0.16462,0.15871,0.00175,0.00000,0.00000,0.00000,0.67440,0.00044,0.00007
8.80000,0.12794,0.09021,0.06915,0.00126,0.00000,0.00000,0.00000,0.83881,0.00056,0.00001
8.83200,0.12794,0.01193,0.00568,0.00029,0.00000,0.00000,0.00000,0.98158,0.00052,0.00000
8.86400,0.12794,0.00385,0.00106,0.00009,0.00000,0.00000,0.00000,0.99489,0.00012,0.00000
8.89600,0.12794,0.00219,0.00034,0.00005,0.00000,0.00000,0.00000,0.99740,0.00003,0.00000
8.92800,0.12794,0.00115,0.00014,0.00002,0.00000,0.00000,0.00000,0.99868,0.00001,0.00000
8.96000,0.12794,0.00067,0.00005,0.00001,0.00000,0.00000,0.00000,0.99926,0.00000,0.00000
8.99200,0.12794,0.00077,0.00008,0.00001,0.00000,0.00000,0.00000,0.99914,0.00000,0.00000
9.02400,0.12794,0.00100,0.00013,0.00001,0.00000,0.00000,0.00000,0.99885,0.00000,0.00000
9.05600,0.12794,0.00099,0.00014,0.00001,0.00000,0.00000,0.00000,0.99886,0.00000,0.00000
9.08800,0.12794,0.00178,0.00026,0.00003,0.00000,0.00000,0.00000,0.99794,0.00000,0.00000
9.12000,0.12794,0.00170,0.00011,0.00003,0.00000,0.00000,0.00000,0.99816,0.00000,0.00000
9.15200,0.12794,0.00132,0.00005,0.00003,0.00000,0.00000,0.00000,0.99861,0.00000,0.00000
9.18400,0.12794,0.00159,0.00003,0.00003,0.00000,0.00000,0.00000,0.99835,0.00000,0.00000
9.21600,0.12794,0.00099,0.00001,0.00002,0.00000,0.00000,0.00000,0.99898,0.00000,0.00000
9.24800,0.12794,0.00061,0.00000,0.00001,0.00000,0.00000,0.00000,0.99937,0.00001,0.00000
9.28000,0.12794,0.00049,0.00001,0.00001,0.00000,0.00000,0.00000,0.99949,0.00000,0.00000
9.31200,0.12794,0.00037,0.00001,0.00001,0.00000,0.00000,0.00000,0.99961,0.00001,0.00000
9.34400,0.12794,0.00031,0.00000,0.00001,0.00000,0.00000,0.00000,0.99967,0.00000,0.00000
9.37600,0.12794,0.00044,0.00001,0.00001,0.00000,0.00000,0.00000,0.99953,0.00000,0.00000
9.40800,0.12794,0.00033,0.00000,0.00001,0.00000,0.00000,0.00000,0.99966,0.00001,0.00000
9.44000,0.12794,0.00052,0.00002,0.00003,0.00000,0.00000,0.00000,0.99940,0.00003,0.00000
9.47200,0.12794,0.00078,0.00003,0.00003,0.00000,0.00000,0.00000,0.99912,0.00004,0.00000
9.50400,0.12794,0.00216,0.00034,0.00008,0.00000,0.00000,0.00000,0.99738,0.00004,0.00000
9.53600,0.12794,0.00383,0.00059,0.00014,0.00000,0.00000,0.00000,0.99536,0.00007,0.00000
9.56800,0.12794,0.00195,0.00005,0.00001,0.00000,0.00000,0.00000,0.99799,0.00001,0.00000
9.60000,0.12794,0.00201,0.00006,0.00002,0.00000,0.00000,0.00000,0.99791,0.00001,0.00000
9.63200,0.12794,0.00063,0.00000,0.00001,0.00000,0.00000,0.00000,0.99934,0.00002,0.00000
9.66400,0.12794,0.00034,0.00000,0.00000,0.00000,0.00000,0.00000,0.99964,0.00001,0.00000
9.69600,0.12794,0.00054,0.00000,0.00001,0.00000,0.00000,0.00000,0.99941,0.00003,0.00000
9.72800,0.12794,0.00047,0.00000,0.00001,0.00000,0.00000,0.00000,0.99946,0.00006,0.00000
9.76000,0.12794,0.00070,0.00000,0.00000,0.00000,0.00000,0.00000,0.99921,0.00009,0.00000
9.79200,0.12794,0.00146,0.00000,0.00001,0.00000,0.00000,0.00000,0.99841,0.00011,0.00000
9.82400,0.12794,0.00155,0.00000,0.00001,0.00000,0.00000,0.00000,0.99835,0.00009,0.00000
9.85600,0.12794,0.00225,0.00001,0.00001,0.00000,0.00000,0.00000,0.99767,0.00006,0.00000
9.88800,0.12794,0.00303,0.00001,0.00001,0.00000,0.00000,0.00000,0.99687,0.00007,0.00000
9.92000,0.12794,0.00331,0.00001,0.00001,0.00000,0.00000,0.00000,0.99661,0.00006,0.00000
9.95200,0.12794,0.00473,0.00001,0.00003,0.00000,0.00000,0.00000,0.99514,0.00010,0.00000
9.98400,0.12794,0.00449,0.00000,0.00002,0.00000,0.00000,0.00000,0.99539,0.00009,0.00000
10.01600,0.12794,0.00547,0.00000,0.00003,0.00000,0.00000,0.00000,0.99438,0.00012,0.00000
10.04800,0.12794,0.00707,0.00000,0.00005,0.00000,0.00000,0.00000,0.99266,0.00022,0.00000
10.08000,0.12794,0.01071,0.00001,0.00006,0.00000,0.00000,0.00000,0.98898,0.00024,0.00000
10.11200,0.12794,0.01757,0.00004,0.00010,0.00000,0.00000,0.00000,0.98201,0.00027,0.00000
10.14400,0.12794,0.02244,0.00009,0.00012,0.00000,0.00000,0.00000,0.97707,0.00027,0.00000
10.17600,0.12794,0.02431,0.00014,0.00011,0.00000,0.00000,0.00000,0.97519,0.00025,0.00000
10.20800,0.12794,0.01562,0.00006,0.00006,0.00000,0.00000,0.00000,0.98403,0.00023,0.00000
10.24000,0.12794,0.01577,0.00003,0.00008,0.00000,0.00000,0.00000,0.98278,0.00134,0.00000
10.27200,0.12794,0.01227,0.00002,0.00009,0.00000,0.00000,0.00000,0.98532,0.00230,0.00000
10.30400,0.12794,0.01063,0.00001,0.00010,0.00000,0.00000,0.00000,0.98401,0.00524,0.00000
10.33600,0.12794,0.01297,0.00002,0.00017,0.00000,0.00000,0.00000,0.97548,0.01135,0.00000
10.36800,0.12794,0.01474,0.00004,0.00028,0.00000,0.00000,0.00000,0.97084,0.01411,0.00000
10.40000,0.12794,0.01513,0.00007,0.00031,0.00000,0.00000,0.00000,0.97174,0.01275,0.00000
10.43200,0.12794,0.01579,0.00019,0.00034,0.00000,0.00001,0.00000,0.97580,0.00787,0.00000
10.46400,0.12794,0.01357,0.00017,0.00030,0.00000,0.00000,0.00000,0.98092,0.00504,0.00000
10.49600,0.12794,0.01119,0.00025,0.00021,0.00000,0.00000,0.00000,0.98641,0.00193,0.00000
10.52800,0.12794,0.01059,0.00026,0.00020,0.00000,0.00000,0.00000,0.98623,0.00273,0.00000
10.56000,0.12794,0.00876,0.00019,0.00018,0.00000,0.00000,0.00000,0.98811,0.00275,0.00000
10.59200,0.12794,0.00811,0.00036,0.00020,0.00000,0.00000,0.00000,0.98878,0.00255,0.00000
10.62400,0.12794,0.00663,0.00033,0.00017,0.00000,0.00000,0.00000,0.99106,0.00180,0.00000
10.65600,0.12794,0.00590,0.00046,0.00018,0.00000,0.00000,0.00000,0.99250,0.00097,0.00000
10.68800,0.12794,0.00733,0.00106,0.00027,0.00000,0.00000,0.00000,0.99030,0.00104,0.00000
10.72000,0.12794,0.00696,0.00159,0.00024,0.00000,0.00000,0.00000,0.99084,0.00037,0.00000
10.75200,0.12794,0.00771,0.00208,0.00030,0.00000,0.00000,0.00000,0.98957,0.00035,0.00000
10.78400,0.12794,0.00897,0.00288,0.00034,0.00000,0.00000,0.00000,0.98754,0.00026,0.00000
10.81600,0.12794,0.00917,0.00259,0.00027,0.00000,0.00000,0.00000,0.98782,0.00014,0.00000
10.84800,0.12794,0.00946,0.00211,0.00033,0.00000,0.00000,0.00000,0.98785,0.00025,0.00000
10.88000,0.12794,0.00894,0.00166,0.00029,0.00000,0.00000,0.00000,0.98890,0.00021,0.00000
10.91200,0.12794,0.00899,0.00176,0.00035,0.00000,0.00000,0.00000,0.98876,0.00014,0.00000
10.94400,0.12794,0.01049,0.00243,0.00045,0.00000,0.00000,0.00000,0.98650,0.00012,0.00000
10.97600,0.12794,0.01027,0.00225,0.00049,0.00000,0.00000,0.00000,0.98683,0.00016,0.00000
11.00800,0.12794,0.00914,0.00216,0.00064,0.00000,0.00001,0.00000,0.98781,0.00024,0.00000
11.04000,0.12794,0.00742,0.00146,0.00061,0.00000,0.00000,0.00000,0.98998,0.00053,0.00000
11.07200,0.12794,0.00664,0.00157,0.00073,0.00000,0.00001,0.00000,0.98919,0.00186,0.00000
11.10400,0.12794,0.00538,0.00113,0.00058,0.00000,0.00000,0.00000,0.99071,0.00219,0.00000
11.13600,0.12794,0.00594,0.00124,0.00057,0.00000,0.00000,0.00000,0.98930,0.00295,0.00000
11.16800,0.12794,0.00616,0.00129,0.00055,0.00000,0.00000,0.00000,0.98974,0.00225,0.00000
11.20000,0.12794,0.00650,0.00116,0.00054,0.00000,0.00000,0.00000,0.99081,0.00099,0.00000
11.23200,0.12794,0.00826,0.00192,0.00079,0.00000,0.00000,0.00000,0.98824,0.00079,0.00000
11.26400,0.12794,0.01003,0.00273,0.00132,0.00000,0.00001,0.00000,0.98503,0.00089,0.00000
11.29600,0.12794,0.01176,0.00492,0.00296,0.00000,0.00001,0.00000,0.97886,0.00148,0.00000
11.32800,0.12794,0.01183,0.00743,0.00905,0.00000,0.00002,0.00001,0.97020,0.00147,0.00000
11.36000,0.12794,0.01175,0.00915,0.00749,0.00000,0.00001,0.00001,0.97086,0.00073,0.00000
11.39200,0.12794,0.01044,0.00774,0.00779,0.00000,0.00001,0.00001,0.97371,0.00029,0.00000
11.42400,0.12794,0.01097,0.00691,0.00678,0.00000,0.00001,0.00001,0.97523,0.00010,0.00000
11.45600,0.12794,0.01160,0.00545,0.00423,0.00000,0.00001,0.00000,0.97865,0.00005,0.00000
11.48800,0.12794,0.01203,0.00539,0.01121,0.00000,0.00001,0.00001,0.97131,0.00005,0.00000
11.52000,0.12794,0.01369,0.00656,0.01419,0.00000,0.00001,0.00001,0.96550,0.00004,0.00000
11.55200,0.12794,0.01193,0.00376,0.00864,0.00000,0.00001,0.00000,0.97561,0.00005,0.00000
11.58400,0.12794,0.01131,0.00288,0.00629,0.00000,0.00001,0.00000,0.97948,0.00003,0.00000
11.61600,0.12794,0.01216,0.00233,0.00453,0.00000,0.00001,0.00000,0.98094,0.00004,0.00000
11.64800,0.12794,0.01278,0.00218,0.00398,0.00000,0.00001,0.00000,0.98097,0.00008,0.00000
11.68000,0.12794,0.01340,0.00207,0.00399,0.00000,0.00001,0.00000,0.98049,0.00005,0.00000
11.71200,0.12794,0.01131,0.00116,0.00258,0.00000,0.00001,0.00000,0.98483,0.00010,0.00000
11.74400,0.12794,0.00756,0.00047,0.00136,0.00000,0.00000,0.00000,0.99053,0.00009,0.00000
11.77600,0.12794,0.00544,0.00022,0.00090,0.00000,0.00000,0.00000,0.99339,0.00005,0.00000
11.80800,0.12794,0.00600,0.00035,0.00103,0.00000,0.00000,0.00000,0.99255,0.00007,0.00000
11.84000,0.12794,0.00631,0.00056,0.00140,0.00000,0.00000,0.00000,0.99160,0.00012,0.00000
11.87200,0.12794,0.00886,0.00157,0.00148,0.00000,0.00000,0.00000,0.98787,0.00021,0.00000
11.90400,0.12794,0.01015,0.00279,0.00106,0.00000,0.00001,0.00000,0.98567,0.00033,0.00000
11.93600,0.12794,0.00800,0.00098,0.00044,0.00000,0.00000,0.00000,0.98986,0.00071,0.00000
11.96800,0.12794,0.01300,0.00068,0.00040,0.00000,0.00000,0.00000,0.98362,0.00230,0.00000
12.00000,0.12794,0.01170,0.00015,0.00026,0.00000,0.00000,0.00000,0.98348,0.00440,0.00000
12.03200,0.12794,0.01172,0.00006,0.00017,0.00000,0.00000,0.00000,0.98495,0.00310,0.00000
12.06400,0.12794,0.00979,0.00002,0.00011,0.00000,0.00000,0.00000,0.98895,0.00114,0.00000
12.09600,0.12794,0.00560,0.00001,0.00003,0.00000,0.00000,0.00000,0.99418,0.00018,0.00000
12.12800,0.12794,0.00490,0.00001,0.00003,0.00000,0.00000,0.00000,0.99497,0.00009,0.00000
12.16000,0.12794,0.00302,0.00000,0.00002,0.00000,0.00000,0.00000,0.99682,0.00014,0.00000
12.19200,0.12794,0.00234,0.00001,0.00002,0.00000,0.00000,0.00000,0.99747,0.00017,0.00000
12.22400,0.12794,0.00240,0.00001,0.00002,0.00000,0.00000,0.00000,0.99739,0.00018,0.00000
12.25600,0.12794,0.00291,0.00002,0.00004,0.00000,0.00000,0.00000,0.99693,0.00010,0.00000
12.28800,0.12794,0.00280,0.00006,0.00007,0.00000,0.00000,0.00000,0.99703,0.00004,0.00000
12.32000,0.12794,0.00226,0.00005,0.00007,0.00000,0.00000,0.00000,0.99759,0.00002,0.00000
12.35200,0.12794,0.00137,0.00002,0.00005,0.00000,0.00000,0.00000,0.99855,0.00001,0.00000
12.38400,0.12794,0.00045,0.00000,0.00001,0.00000,0.00000,0.00000,0.99953,0.00001,0.00000
12.41600,0.12794,0.00043,0.00000,0.00001,0.00000,0.00000,0.00000,0.99955,0.00001,0.00000
12.44800,0.12794,0.00050,0.00000,0.00001,0.00000,0.00000,0.00000,0.99948,0.00001,0.00000
12.48000,0.12794,0.00059,0.00001,0.00001,0.00000,0.00000,0.00000,0.99939,0.00000,0.00000
12.51200,0.12794,0.00074,0.00002,0.00001,0.00000,0.00000,0.00000,0.99923,0.00000,0.00000
12.54400,0.12794,0.00064,0.00003,0.00001,0.00000,0.00000,0.00000,0.99931,0.00000,0.00000
12.57600,0.12794,0.00073,0.00009,0.00001,0.00000,0.00000,0.00000,0.99917,0.00000,0.00000
12.60800,0.12794,0.00058,0.00010,0.00001,0.00000,0.00000,0.00000,0.99931,0.00000,0.00000
12.64000,0.12794,0.00045,0.00008,0.00001,0.00000,0.00000,0.00000,0.99947,0.00000,0.00000
12.67200,0.12794,0.00042,0.00007,0.00001,0.00000,0.00000,0.00000,0.99950,0.00000,0.00000
12.70400,0.12794,0.00043,0.00008,0.00001,0.00000,0.00000,0.00000,0.99949,0.00000,0.00000
12.73600,0.12794,0.00050,0.00005,0.00001,0.00000,0.00000,0.00000,0.99943,0.00000,0.00000
12.76800,0.12794,0.00065,0.00005,0.00001,0.00000,0.00000,0.00000,0.99928,0.00000,0.00000
12.80000,0.12794,0.00101,0.00011,0.00002,0.00000,0.00000,0.00000,0.99885,0.00001,0.00000
12.83200,0.12794,0.00123,0.00011,0.00003,0.00000,0.00000,0.00000,0.99863,0.00001,0.00000
12.86400,0.12794,0.00155,0.00030,0.00004,0.00000,0.00000,0.00000,0.99810,0.00001,0.00000
12.89600,0.12794,0.00166,0.00032,0.00004,0.00000,0.00000,0.00000,0.99797,0.00001,0.00000
12.92800,0.12794,0.00123,0.00014,0.00003,0.00000,0.00000,0.00000,0.99859,0.00001,0.00000
12.96000,0.12794,0.00235,0.00034,0.00004,0.00000,0.00000,0.00000,0.99725,0.00001,0.00000
12.99200,0.12794,0.00255,0.00037,0.00005,0.00000,0.00000,0.00000,0.99702,0.00001,0.00000
13.02400,0.12794,0.00184,0.00017,0.00004,0.00000,0.00000,0.00000,0.99795,0.00000,0.00000
13.05600,0.12794,0.00227,0.00023,0.00004,0.00000,0.00000,0.00000,0.99745,0.00000,0.00000
13.08800,0.12794,0.00165,0.00021,0.00004,0.00000,0.00000,0.00000,0.99809,0.00000,0.00000
13.12000,0.12794,0.00168,0.00013,0.00003,0.00000,0.00000,0.00000,0.99816,0.00000,0.00000
13.15200,0.12794,0.00255,0.00028,0.00005,0.00000,0.00000,0.00000,0.99710,0.00001,0.00000
13.18400,0.12794,0.00356,0.00053,0.00007,0.00000,0.00000,0.00000,0.99581,0.00002,0.00000
13.21600,0.12794,0.00470,0.00059,0.00006,0.00000,0.00000,0.00000,0.99460,0.00005,0.00000
13.24800,0.12794,0.00604,0.00109,0.00007,0.00000,0.00000,0.00000,0.99273,0.00007,0.00000
13.28000,0.12794,0.01194,0.00363,0.00009,0.00000,0.00000,0.00000,0.98431,0.00003,0.00000
13.31200,0.12794,0.01057,0.00218,0.00008,0.00000,0.00000,0.00000,0.98714,0.00002,0.00000
13.34400,0.12794,0.00648,0.00064,0.00006,0.00000,0.00000,0.00000,0.99281,0.00002,0.00000
13.37600,0.12794,0.00417,0.00036,0.00005,0.00000,0.00000,0.00000,0.99540,0.00001,0.00000
13.40800,0.12794,0.00143,0.00006,0.00003,0.00000,0.00000,0.00000,0.99846,0.00001,0.00000
13.44000,0.12794,0.00115,0.00005,0.00003,0.00000,0.00000,0.00000,0.99874,0.00003,0.00000
13.47200,0.12794,0.00109,0.00004,0.00003,0.00000,0.00000,0.00000,0.99879,0.00005,0.00000
13.50400,0.12794,0.00172,0.00014,0.00006,0.00000,0.00000,0.00000,0.99801,0.00007,0.00000
13.53600,0.12794,0.00165,0.00013,0.00006,0.00000,0.00000,0.00000,0.99809,0.00007,0.00000
13.56800,0.12794,0.00122,0.00011,0.00003,0.00000,0.00000,0.00000,0.99863,0.00001,0.00000
13.60000,0.12794,0.00092,0.00012,0.00002,0.00000,0.00000,0.00000,0.99893,0.00000,0.00000
13.63200,0.12794,0.00043,0.00002,0.00001,0.00000,0.00000,0.00000,0.99954,0.00000,0.00000
13.66400,0.12794,0.00050,0.00004,0.00001,0.00000,0.00000,0.00000,0.99945,0.00000,0.00000
13.69600,0.12794,0.00094,0.00012,0.00002,0.00000,0.00000,0.00000,0.99892,0.00000,0.00000
13.72800,0.12794,0.00133,0.00021,0.00003,0.00000,0.00000,0.00000,0.99843,0.00000,0.00000
13.76000,0.12794,0.00209,0.00037,0.00005,0.00000,0.00000,0.00000,0.99749,0.00000,0.00000
13.79200,0.12794,0.00232,0.00021,0.00006,0.00000,0.00000,0.00000,0.99741,0.00000,0.00000
13.82400,0.12794,0.00188,0.00010,0.00005,0.00000,0.00000,0.00000,0.99797,0.00000,0.00000
13.85600,0.12794,0.00177,0.00003,0.00004,0.00000,0.00000,0.00000,0.99815,0.00001,0.00000
13.88800,0.12794,0.00111,0.00001,0.00002,0.00000,0.00000,0.00000,0.99885,0.00001,0.00000
13.92000,0.12794,0.00068,0.00001,0.00002,0.00000,0.00000,0.00000,0.99929,0.00001,0.00000
13.95200,0.12794,0.00041,0.00000,0.00001,0.00000,0.00000,0.00000,0.99957,0.00001,0.00000
13.98400,0.12794,0.00041,0.00001,0.00001,0.00000,0.00000,0.00000,0.99956,0.00001,0.00000
14.01600,0.12794,0.00039,0.00001,0.00001,0.00000,0.00000,0.00000,0.99959,0.00001,0.00000
14.04800,0.12794,0.00041,0.00001,0.00001,0.00000,0.00000,0.00000,0.99957,0.00001,0.00000
14.08000,0.12794,0.00083,0.00001,0.00002,0.00000,0.00000,0.00000,0.99913,0.00001,0.00000
14.11200,0.12794,0.00115,0.00001,0.00002,0.00000,0.00000,0.00000,0.99881,0.00001,0.00000
14.14400,0.12794,0.00146,0.00001,0.00003,0.00000,0.00000,0.00000,0.99848,0.00002,0.00000
14.17600,0.12794,0.00255,0.00002,0.00005,0.00000,0.00000,0.00000,0.99733,0.00004,0.00000
14.20800,0.12794,0.00241,0.00005,0.00007,0.00000,0.00000,0.00000,0.99743,0.00004,0.00000
14.24000,0.12794,0.00196,0.00006,0.00003,0.00000,0.00000,0.00000,0.99792,0.00003,0.00000
14.27200,0.12794,0.00143,0.00002,0.00002,0.00000,0.00000,0.00000,0.99851,0.00002,0.00000
14.30400,0.12794,0.00087,0.00001,0.00001,0.00000,0.00000,0.00000,0.99910,0.00002,0.00000
14.33600,0.12794,0.00042,0.00000,0.00000,0.00000,0.00000,0.00000,0.99956,0.00002,0.00000
14.36800,0.12794,0.00048,0.00000,0.00000,0.00000,0.00000,0.00000,0.99945,0.00006,0.00000
14.40000,0.12794,0.00085,0.00000,0.00001,0.00000,0.00000,0.00000,0.99901,0.00014,0.00000
14.43200,0.12794,0.00130,0.00000,0.00001,0.00000,0.00000,0.00000,0.99858,0.00012,0.00000
14.46400,0.12794,0.00192,0.00000,0.00001,0.00000,0.00000,0.00000,0.99794,0.00013,0.00000
14.49600,0.12794,0.00183,0.00000,0.00001,0.00000,0.00000,0.00000,0.99803,0.00013,0.00000
14.52800,0.12794,0.00247,0.00000,0.00001,0.00000,0.00000,0.00000,0.99742,0.00010,0.00000
14.56000,0.12794,0.00211,0.00000,0.00001,0.00000,0.00000,0.00000,0.99778,0.00010,0.00000
14.59200,0.12794,0.00274,0.00000,0.00001,0.00000,0.00000,0.00000,0.99718,0.00007,0.00000
14.62400,0.12794,0.00368,0.00000,0.00002,0.00000,0.00000,0.00000,0.99623,0.00007,0.00000
14.65600,0.12794,0.00419,0.00000,0.00002,0.00000,0.00000,0.00000,0.99575,0.00003,0.00000
14.68800,0.12794,0.00497,0.00000,0.00002,0.00000,0.00000,0.00000,0.99495,0.00005,0.00000
14.72000,0.12794,0.00620,0.00000,0.00003,0.00000,0.00000,0.00000,0.99365,0.00011,0.00000
14.75200,0.12794,0.00687,0.00000,0.00004,0.00000,0.00000,0.00000,0.99295,0.00013,0.00000
14.78400,0.12794,0.00962,0.00001,0.00005,0.00000,0.00000,0.00000,0.99015,0.00017,0.00000
14.81600,0.12794,0.01292,0.00004,0.00006,0.00000,0.00000,0.00000,0.98681,0.00017,0.00000
14.84800,0.12794,0.01512,0.00007,0.00007,0.00000,0.00000,0.00000,0.98458,0.00016,0.00000
14.88000,0.12794,0.01084,0.00004,0.00004,0.00000,0.00000,0.00000,0.98896,0.00012,0.00000
14.91200,0.12794,0.00763,0.00001,0.00004,0.00000,0.00000,0.00000,0.99166,0.00066,0.00000
14.94400,0.12794,0.00708,0.00000,0.00005,0.00000,0.00000,0.00000,0.99186,0.00102,0.00000
14.97600,0.12794,0.00787,0.00000,0.00007,0.00000,0.00000,0.00000,0.98960,0.00246,0.00000
15.00800,0.12794,0.00846,0.00001,0.00010,0.00000,0.00000,0.00000,0.98459,0.00684,0.00000
15.04000,0.12794,0.01596,0.00004,0.00026,0.00000,0.00000,0.00000,0.97162,0.01211,0.00000
15.07200,0.12794,0.02643,0.00032,0.00064,0.00000,0.00001,0.00000,0.95979,0.01281,0.00000
15.10400,0.12794,0.02554,0.00076,0.00071,0.00000,0.00001,0.00000,0.96685,0.00614,0.00000
15.13600,0.12794,0.01987,0.00061,0.00053,0.00000,0.00000,0.00000,0.97614,0.00285,0.00000
15.16800,0.12794,0.01026,0.00027,0.00020,0.00000,0.00000,0.00000,0.98816,0.00109,0.00000
15.20000,0.12794,0.00607,0.00010,0.00009,0.00000,0.00000,0.00000,0.99296,0.00078,0.00000
15.23200,0.12794,0.00485,0.00006,0.00008,0.00000,0.00000,0.00000,0.99357,0.00144,0.00000
15.26400,0.12794,0.00582,0.00018,0.00013,0.00000,0.00000,0.00000,0.99207,0.00181,0.00000
15.29600,0.12794,0.00586,0.00028,0.00015,0.00000,0.00000,0.00000,0.99259,0.00111,0.00000
15.32800,0.12794,0.00515,0.00033,0.00014,0.00000,0.00000,0.00000,0.99337,0.00101,0.00000
15.36000,0.12794,0.00515,0.00051,0.00015,0.00000,0.00000,0.00000,0.99370,0.00050,0.00000
15.39200,0.12794,0.00530,0.00051,0.00013,0.00000,0.00000,0.00000,0.99383,0.00023,0.00000
15.42400,0.12794,0.00601,0.00083,0.00017,0.00000,0.00000,0.00000,0.99275,0.00025,0.00000
15.45600,0.12794,0.00732,0.00135,0.00023,0.00000,0.00000,0.00000,0.99091,0.00019,0.00000
15.48800,0.12794,0.00722,0.00152,0.00024,0.00000,0.00000,0.00000,0.99082,0.00020,0.00000
15.52000,0.12794,0.00945,0.00214,0.00041,0.00000,0.00000,0.00000,0.98764,0.00036,0.00000
15.55200,0.12794,0.01040,0.00278,0.00049,0.00000,0.00001,0.00000,0.98598,0.00034,0.00000
15.58400,0.12794,0.01024,0.00314,0.00057,0.00000,0.00001,0.00000,0.98557,0.00046,0.00000
15.61600,0.12794,0.01023,0.00275,0.00058,0.00000,0.00001,0.00000,0.98607,0.00035,0.00000
15.64800,0.12794,0.00799,0.00205,0.00052,0.00000,0.00000,0.00000,0.98909,0.00035,0.00000
15.68000,0.12794,0.00688,0.00122,0.00050,0.00000,0.00000,0.00000,0.99102,0.00038,0.00000
15.71200,0.12794,0.00629,0.00110,0.00054,0.00000,0.00000,0.00000,0.99148,0.00058,0.00000
15.74400,0.12794,0.00661,0.00112,0.00075,0.00000,0.00000,0.00000,0.99045,0.00107,0.00000
15.77600,0.12794,0.00739,0.00159,0.00087,0.00000,0.00001,0.00000,0.98848,0.00167,0.00000
15.80800,0.12794,0.00705,0.00153,0.00077,0.00000,0.00000,0.00000,0.98931,0.00134,0.00000
15.84000,0.12794,0.00665,0.00118,0.00063,0.00000,0.00000,0.00000,0.99047,0.00106,0.00000
15.87200,0.12794,0.00703,0.00144,0.00065,0.00000,0.00000,0.00000,0.98986,0.00101,0.00000
15.90400,0.12794,0.00709,0.00135,0.00055,0.00000,0.00000,0.00000,0.99050,0.00051,0.00000
15.93600,0.12794,0.01214,0.00295,0.00097,0.00000,0.00001,0.00000,0.98321,0.00072,0.00000
15.96800,0.12794,0.01699,0.00684,0.00220,0.00000,0.00001,0.00001,0.97238,0.00157,0.00000
16.00000,0.12794,0.02507,0.01034,0.00198,0.00000,0.00002,0.00001,0.96134,0.00121,0.00002
16.03200,0.12794,0.02377,0.01466,0.00390,0.00000,0.00003,0.00001,0.95653,0.00108,0.00001
16.06400,0.12794,0.02189,0.02302,0.00842,0.00000,0.00004,0.00002,0.94545,0.00114,0.00001
16.09600,0.12794,0.01691,0.01129,0.00716,0.00000,0.00002,0.00001,0.96434,0.00025,0.00000
16.12800,0.12794,0.01197,0.00557,0.01005,0.00000,0.00001,0.00001,0.97231,0.00010,0.00000
16.16000,0.12794,0.01150,0.00339,0.00802,0.00000,0.00001,0.00000,0.97701,0.00007,0.00000
16.19200,0.12794,0.00954,0.00137,0.00381,0.00000,0.00000,0.00000,0.98525,0.00002,0.00000
16.22400,0.12794,0.00940,0.00109,0.00241,0.00000,0.00000,0.00000,0.98707,0.00003,0.00000
16.25600,0.12794,0.01038,0.00148,0.00383,0.00000,0.00001,0.00000,0.98426,0.00004,0.00000
16.28800,0.12794,0.01012,0.00129,0.00310,0.00000,0.00001,0.00000,0.98543,0.00006,0.00000
16.32000,0.12794,0.00953,0.00095,0.00261,0.00000,0.00000,0.00000,0.98683,0.00008,0.00000
16.35200,0.12794,0.00959,0.00090,0.00298,0.00000,0.00000,0.00000,0.98642,0.00010,0.00000
16.38400,0.12794,0.00854,0.00050,0.00204,0.00000,0.00000,0.00000,0.98877,0.00015,0.00000
16.41600,0.12794,0.00741,0.00032,0.00200,0.00000,0.00000,0.00000,0.99010,0.00016,0.00000
16.44800,0.12794,0.00775,0.00039,0.00241,0.00000,0.00000,0.00000,0.98928,0.00017,0.00000
16.48000,0.12794,0.00826,0.00057,0.00413,0.00000,0.00000,0.00000,0.98692,0.00012,0.00000
16.51200,0.12794,0.00720,0.00085,0.00327,0.00000,0.00000,0.00000,0.98855,0.00012,0.00000
16.54400,0.12794,0.00898,0.00142,0.00292,0.00000,0.00001,0.00000,0.98652,0.00015,0.00000
16.57600,0.12794,0.00784,0.00166,0.00128,0.00000,0.00000,0.00000,0.98900,0.00022,0.00000
16.60800,0.12794,0.00783,0.00113,0.00043,0.00000,0.00000,0.00000,0.99027,0.00034,0.00000
16.64000,0.12794,0.00969,0.00093,0.00029,0.00000,0.00000,0.00000,0.98867,0.00041,0.00000
16.67200,0.12794,0.01110,0.00040,0.00019,0.00000,0.00000,0.00000,0.98722,0.00108,0.00000
16.70400,0.12794,0.01447,0.00016,0.00017,0.00000,0.00000,0.00000,0.98433,0.00086,0.00000
16.73600,0.12794,0.01255,0.00003,0.00011,0.00000,0.00000,0.00000,0.98656,0.00076,0.00000
16.76800,0.12794,0.00919,0.00001,0.00006,0.00000,0.00000,0.00000,0.99044,0.00031,0.00000
16.80000,0.12794,0.00570,0.00001,0.00003,0.00000,0.00000,0.00000,0.99413,0.00014,0.00000
16.83200,0.12794,0.00253,0.00000,0.00001,0.00000,0.00000,0.00000,0.99733,0.00012,0.00000
16.86400,0.12794,0.00128,0.00000,0.00001,0.00000,0.00000,0.00000,0.99864,0.00006,0.00000
16.89600,0.12794,0.00103,0.00000,0.00001,0.00000,0.00000,0.00000,0.99888,0.00008,0.00000
16.92800,0.12794,0.00086,0.00000,0.00001,0.00000,0.00000,0.00000,0.99911,0.00002,0.00000
16.96000,0.12794,0.00102,0.00001,0.00002,0.00000,0.00000,0.00000,0.99894,0.00001,0.00000
16.99200,0.12794,0.00107,0.00001,0.00003,0.00000,0.00000,0.00000,0.99889,0.00001,0.00000
17.02400,0.12794,0.00114,0.00002,0.00004,0.00000,0.00000,0.00000,0.99879,0.00001,0.00000
17.05600,0.12794,0.00055,0.00001,0.00002,0.00000,0.00000,0.00000,0.99940,0.00002,0.00000
17.08800,0.12794,0.00041,0.00001,0.00001,0.00000,0.00000,0.00000,0.99956,0.00001,0.00000
17.12000,0.12794,0.00045,0.00001,0.00001,0.00000,0.00000,0.00000,0.99952,0.00001,0.00000
17.15200,0.12794,0.00059,0.00000,0.00001,0.00000,0.00000,0.00000,0.99939,0.00001,0.00000
17.18400,0.12794,0.00145,0.00002,0.00003,0.00000,0.00000,0.00000,0.99848,0.00001,0.00000
17.21600,0.12794,0.00208,0.00009,0.00006,0.00000,0.00000,0.00000,0.99778,0.00000,0.00000
17.24800,0.12794,0.00193,0.00016,0.00004,0.00000,0.00000,0.00000,0.99787,0.00000,0.00000
17.28000,0.12794,0.00114,0.00017,0.00002,0.00000,0.00000,0.00000,0.99868,0.00000,0.00000
17.31200,0.12794,0.00056,0.00006,0.00001,0.00000,0.00000,0.00000,0.99938,0.00000,0.00000
17.34400,0.12794,0.00038,0.00002,0.00001,0.00000,0.00000,0.00000,0.99959,0.00000,0.00000
17.37600,0.12794,0.00037,0.00002,0.00001,0.00000,0.00000,0.00000,0.99960,0.00000,0.00000
17.40800,0.12794,0.00035,0.00001,0.00001,0.00000,0.00000,0.00000,0.99963,0.00000,0.00000
17.44000,0.12794,0.00040,0.00001,0.00001,0.00000,0.00000,0.00000,0.99957,0.00000,0.00000
17.47200,0.12794,0.00052,0.00001,0.00001,0.00000,0.00000,0.00000,0.99945,0.00001,0.00000
17.50400,0.12794,0.00075,0.00003,0.00002,0.00000,0.00000,0.00000,0.99920,0.00000,0.00000
17.53600,0.12794,0.00093,0.00008,0.00003,0.00000,0.00000,0.00000,0.99896,0.00001,0.00000
17.56800,0.12794,0.00106,0.00012,0.00003,0.00000,0.00000,0.00000,0.99879,0.00001,0.00000
17.60000,0.12794,0.00100,0.00012,0.00002,0.00000,0.00000,0.00000,0.99885,0.00000,0.00000
17.63200,0.12794,0.00097,0.00008,0.00001,0.00000,0.00000,0.00000,0.99893,0.00001,0.00000
17.66400,0.12794,0.00125,0.00010,0.00002,0.00000,0.00000,0.00000,0.99862,0.00000,0.00000
17.69600,0.12794,0.00138,0.00009,0.00002,0.00000,0.00000,0.00000,0.99851,0.00001,0.00000
17.72800,0.12794,0.00183,0.00016,0.00002,0.00000,0.00000,0.00000,0.99798,0.00001,0.00000
17.76000,0.12794,0.00244,0.00036,0.00004,0.00000,0.00000,0.00000,0.99715,0.00000,0.00000
17.79200,0.12794,0.00238,0.00022,0.00004,0.00000,0.00000,0.00000,0.99734,0.00001,0.00000
17.82400,0.12794,0.00341,0.00054,0.00007,0.00000,0.00000,0.00000,0.99597,0.00001,0.00000
17.85600,0.12794,0.00364,0.00044,0.00008,0.00000,0.00000,0.00000,0.99581,0.00003,0.00000
17.88800,0.12794,0.00387,0.00028,0.00005,0.00000,0.00000,0.00000,0.99573,0.00007,0.00000
17.92000,0.12794,0.00414,0.00039,0.00005,0.00000,0.00000,0.00000,0.99534,0.00007,0.00000
17.95200,0.12794,0.00691,0.00114,0.00008,0.00000,0.00000,0.00000,0.99184,0.00004,0.00000
17.98400,0.12794,0.00755,0.00113,0.00009,0.00000,0.00000,0.00000,0.99119,0.00005,0.00000
18.01600,0.12794,0.00511,0.00046,0.00006,0.00000,0.00000,0.00000,0.99435,0.00003,0.00000
18.04800,0.12794,0.00602,0.00087,0.00008,0.00000,0.00000,0.00000,0.99300,0.00004,0.00000
18.08000,0.12794,0.00301,0.00031,0.00005,0.00000,0.00000,0.00000,0.99660,0.00003,0.00000
18.11200,0.12794,0.00277,0.00041,0.00008,0.00000,0.00000,0.00000,0.99670,0.00004,0.00000
18.14400,0.12794,0.00227,0.00032,0.00007,0.00000,0.00000,0.00000,0.99727,0.00007,0.00000
18.17600,0.12794,0.00179,0.00028,0.00007,0.00000,0.00000,0.00000,0.99777,0.00010,0.00000
18.20800,0.12794,0.00122,0.00008,0.00005,0.00000,0.00000,0.00000,0.99859,0.00007,0.00000
18.24000,0.12794,0.00076,0.00004,0.00002,0.00000,0.00000,0.00000,0.99916,0.00002,0.00000
18.27200,0.12794,0.00058,0.00003,0.00001,0.00000,0.00000,0.00000,0.99936,0.00001,0.00000
18.30400,0.12794,0.00038,0.00001,0.00001,0.00000,0.00000,0.00000,0.99960,0.00000,0.00000
18.33600,0.12794,0.00041,0.00002,0.00001,0.00000,0.00000,0.00000,0.99957,0.00000,0.00000
18.36800,0.12794,0.00058,0.00005,0.00001,0.00000,0.00000,0.00000,0.99936,0.00000,0.00000
18.40000,0.12794,0.00057,0.00005,0.00001,0.00000,0.00000,0.00000,0.99938,0.00000,0.00000
18.43200,0.12794,0.00090,0.00008,0.00001,0.00000,0.00000,0.00000,0.99901,0.00000,0.00000
18.46400,0.12794,0.00129,0.00010,0.00002,0.00000,0.00000,0.00000,0.99859,0.00000,0.00000
18.49600,0.12794,0.00142,0.00004,0.00003,0.00000,0.00000,0.00000,0.99850,0.00000,0.00000
18.52800,0.12794,0.00156,0.00003,0.00003,0.00000,0.00000,0.00000,0.99837,0.00000,0.00000
18.56000,0.12794,0.00096,0.00001,0.00002,0.00000,0.00000,0.00000,0.99901,0.00001,0.00000
18.59200,0.12794,0.00060,0.00001,0.00001,0.00000,0.00000,0.00000,0.99938,0.00001,0.00000
18.62400,0.12794,0.00037,0.00000,0.00001,0.00000,0.00000,0.00000,0.99961,0.00001,0.00000
18.65600,0.12794,0.00032,0.00001,0.00001,0.00000,0.00000,0.00000,0.99966,0.00001,0.00000
18.68800,0.12794,0.00039,0.00001,0.00001,0.00000,0.00000,0.00000,0.99959,0.00000,0.00000
18.72000,0.12794,0.00039,0.00001,0.00001,0.00000,0.00000,0.00000,0.99959,0.00000,0.00000
18.75200,0.12794,0.00052,0.00001,0.00001,0.00000,0.00000,0.00000,0.99946,0.00000,0.00000
18.78400,0.12794,0.00064,0.00001,0.00000,0.00000,0.00000,0.00000,0.99935,0.00000,0.00000
18.81600,0.12794,0.00078,0.00001,0.00001,0.00000,0.00000,0.00000,0.99920,0.00000,0.00000
18.84800,0.12794,0.00106,0.00002,0.00001,0.00000,0.00000,0.00000,0.99891,0.00000,0.00000
18.88000,0.12794,0.00110,0.00003,0.00001,0.00000,0.00000,0.00000,0.99886,0.00000,0.00000
18.91200,0.12794,0.00141,0.00002,0.00002,0.00000,0.00000,0.00000,0.99855,0.00000,0.00000
18.94400,0.12794,0.00104,0.00002,0.00001,0.00000,0.00000,0.00000,0.99893,0.00001,0.00000
18.97600,0.12794,0.00087,0.00001,0.00001,0.00000,0.00000,0.00000,0.99908,0.00003,0.00000
19.00800,0.12794,0.00060,0.00000,0.00001,0.00000,0.00000,0.00000,0.99935,0.00004,0.00000
19.04000,0.12794,0.00058,0.00000,0.00001,0.00000,0.00000,0.00000,0.99931,0.00011,0.00000
19.07200,0.12794,0.00055,0.00000,0.00000,0.00000,0.00000,0.00000,0.99934,0.00011,0.00000
19.10400,0.12794,0.00087,0.00000,0.00000,0.00000,0.00000,0.00000,0.99899,0.00014,0.00000
19.13600,0.12794,0.00140,0.00000,0.00001,0.00000,0.00000,0.00000,0.99845,0.00014,0.00000
19.16800,0.12794,0.00153,0.00000,0.00001,0.00000,0.00000,0.00000,0.99834,0.00013,0.00000
19.20000,0.12794,0.00242,0.00001,0.00001,0.00000,0.00000,0.00000,0.99747,0.00010,0.00000
19.23200,0.12794,0.00203,0.00000,0.00001,0.00000,0.00000,0.00000,0.99788,0.00007,0.00000
19.26400,0.12794,0.00257,0.00001,0.00001,0.00000,0.00000,0.00000,0.99737,0.00004,0.00000
19.29600,0.12794,0.00299,0.00000,0.00001,0.00000,0.00000,0.00000,0.99695,0.00004,0.00000
19.32800,0.12794,0.00247,0.00000,0.00001,0.00000,0.00000,0.00000,0.99745,0.00006,0.00000
19.36000,0.12794,0.00271,0.00000,0.00001,0.00000,0.00000,0.00000,0.99720,0.00007,0.00000
19.39200,0.12794,0.00287,0.00000,0.00001,0.00000,0.00000,0.00000,0.99691,0.00021,0.00000
19.42400,0.12794,0.00364,0.00000,0.00003,0.00000,0.00000,0.00000,0.99595,0.00038,0.00000
19.45600,0.12794,0.00521,0.00000,0.00004,0.00000,0.00000,0.00000,0.99450,0.00025,0.00000
19.48800,0.12794,0.00733,0.00001,0.00005,0.00000,0.00000,0.00000,0.99224,0.00037,0.00000
19.52000,0.12794,0.01035,0.00001,0.00006,0.00000,0.00000,0.00000,0.98926,0.00031,0.00000
19.55200,0.12794,0.01027,0.00002,0.00004,0.00000,0.00000,0.00000,0.98946,0.00021,0.00000
19.58400,0.12794,0.01065,0.00001,0.00006,0.00000,0.00000,0.00000,0.98875,0.00052,0.00000
19.61600,0.12794,0.01095,0.00001,0.00007,0.00000,0.00000,0.00000,0.98796,0.00100,0.00000
19.64800,0.12794,0.00813,0.00001,0.00006,0.00000,0.00000,0.00000,0.98986,0.00194,0.00000
19.68000,0.12794,0.00816,0.00001,0.00009,0.00000,0.00000,0.00000,0.98615,0.00559,0.00000
19.71200,0.12794,0.01007,0.00002,0.00013,0.00000,0.00000,0.00000,0.98228,0.00750,0.00000
19.74400,0.12794,0.01068,0.00004,0.00018,0.00000,0.00000,0.00000,0.98131,0.00779,0.00000
19.77600,0.12794,0.01236,0.00016,0.00022,0.00000,0.00000,0.00000,0.98424,0.00302,0.00000
19.80800,0.12794,0.01516,0.00052,0.00033,0.00000,0.00000,0.00000,0.98095,0.00303,0.00000
19.84000,0.12794,0.01043,0.00044,0.00023,0.00000,0.00000,0.00000,0.98710,0.00181,0.00000
19.87200,0.12794,0.00941,0.00032,0.00022,0.00000,0.00000,0.00000,0.98739,0.00265,0.00000
19.90400,0.12794,0.00892,0.00029,0.00023,0.00000,0.00000,0.00000,0.98410,0.00645,0.00000
19.93600,0.12794,0.00755,0.00016,0.00019,0.00000,0.00000,0.00000,0.98664,0.00545,0.00000
19.96800,0.12794,0.00834,0.00023,0.00024,0.00000,0.00000,0.00000,0.98736,0.00382,0.00000
20.00000,0.12794,0.00742,0.00036,0.00019,0.00000,0.00000,0.00000,0.99103,0.00100,0.00000
20.03200,0.12794,0.00687,0.00056,0.00019,0.00000,0.00000,0.00000,0.99169,0.00070,0.00000
20.06400,0.12794,0.00635,0.00078,0.00015,0.00000,0.00000,0.00000,0.99246,0.00025,0.00000
20.09600,0.12794,0.00769,0.00186,0.00020,0.00000,0.00000,0.00000,0.99003,0.00021,0.00000
20.12800,0.12794,0.00867,0.00300,0.00025,0.00000,0.00000,0.00000,0.98785,0.00022,0.00000
20.16000,0.12794,0.00974,0.00314,0.00028,0.00000,0.00000,0.00000,0.98667,0.00017,0.00000
20.19200,0.12794,0.01125,0.00362,0.00043,0.00000,0.00001,0.00000,0.98430,0.00039,0.00000
20.22400,0.12794,0.01128,0.00261,0.00039,0.00000,0.00001,0.00000,0.98528,0.00043,0.00000
20.25600,0.12794,0.01075,0.00195,0.00039,0.00000,0.00000,0.00000,0.98655,0.00036,0.00000
20.28800,0.12794,0.01088,0.00251,0.00050,0.00000,0.00001,0.00000,0.98577,0.00033,0.00000
20.32000,0.12794,0.01040,0.00236,0.00062,0.00000,0.00001,0.00000,0.98631,0.00030,0.00000
20.35200,0.12794,0.00865,0.00189,0.00067,0.00000,0.00000,0.00000,0.98839,0.00040,0.00000
20.38400,0.12794,0.00847,0.00219,0.00086,0.00000,0.00001,0.00000,0.98745,0.00101,0.00000
20.41600,0.12794,0.00934,0.00249,0.00120,0.00000,0.00001,0.00000,0.98420,0.00276,0.00000
20.44800,0.12794,0.00920,0.00314,0.00135,0.00000,0.00001,0.00000,0.98245,0.00384,0.00000
20.48000,0.12794,0.00888,0.00282,0.00119,0.00000,0.00001,0.00000,0.98390,0.00321,0.00000
20.51200,0.12794,0.00840,0.00270,0.00112,0.00000,0.00001,0.00000,0.98568,0.00209,0.00000
20.54400,0.12794,0.00828,0.00277,0.00100,0.00000,0.00000,0.00000,0.98646,0.00149,0.00000
20.57600,0.12794,0.00890,0.00369,0.00096,0.00000,0.00000,0.00000,0.98585,0.00058,0.00000
20.60800,0.12794,0.01121,0.00488,0.00153,0.00000,0.00001,0.00000,0.98160,0.00076,0.00000
20.64000,0.12794,0.01434,0.00717,0.00124,0.00000,0.00001,0.00000,0.97669,0.00055,0.00000
20.67200,0.12794,0.01462,0.00500,0.00241,0.00000,0.00001,0.00000,0.97713,0.00082,0.00000
20.70400,0.12794,0.01584,0.00460,0.00200,0.00000,0.00001,0.00000,0.97695,0.00059,0.00000
20.73600,0.12794,0.01606,0.00612,0.00264,0.00000,0.00001,0.00000,0.97487,0.00029,0.00000
20.76800,0.12794,0.01336,0.00502,0.00631,0.00000,0.00001,0.00000,0.97515,0.00014,0.00000
20.80000,0.12794,0.01472,0.00722,0.00583,0.00000,0.00001,0.00001,0.97218,0.00003,0.00000
20.83200,0.12794,0.01405,0.00676,0.01340,0.00000,0.00001,0.00001,0.96574,0.00003,0.00000
20.86400,0.12794,0.01449,0.00534,0.01344,0.00000,0.00001,0.00001,0.96669,0.00002,0.00000
20.89600,0.12794,0.01270,0.00299,0.00913,0.00000,0.00001,0.00000,0.97515,0.00002,0.00000
20.92800,0.12794,0.00990,0.00110,0.00569,0.00000,0.00001,0.00000,0.98328,0.00002,0.00000
20.96000,0.12794,0.00932,0.00089,0.00366,0.00000,0.00000,0.00000,0.98609,0.00002,0.00000
20.99200,0.12794,0.00936,0.00101,0.00371,0.00000,0.00000,0.00000,0.98586,0.00007,0.00000
21.02400,0.12794,0.00968,0.00101,0.00468,0.00000,0.00001,0.00000,0.98454,0.00008,0.00000
21.05600,0.12794,0.00998,0.00093,0.00483,0.00000,0.00001,0.00000,0.98415,0.00010,0.00000
21.08800,0.12794,0.00787,0.00039,0.00382,0.00000,0.00000,0.00000,0.98781,0.00010,0.00000
21.12000,0.12794,0.00769,0.00024,0.00293,0.00000,0.00000,0.00000,0.98904,0.00009,0.00000
21.15200,0.12794,0.00798,0.00034,0.00196,0.00000,0.00000,0.00000,0.98965,0.00007,0.00000
21.18400,0.12794,0.00970,0.00077,0.00145,0.00000,0.00000,0.00000,0.98791,0.00017,0.00000
21.21600,0.12794,0.01084,0.00170,0.00109,0.00000,0.00001,0.00000,0.98610,0.00026,0.00000
21.24800,0.12794,0.01121,0.00275,0.00080,0.00000,0.00001,0.00000,0.98485,0.00038,0.00000
21.28000,0.12794,0.00918,0.00138,0.00044,0.00000,0.00000,0.00000,0.98821,0.00078,0.00000
21.31200,0.12794,0.00822,0.00067,0.00030,0.00000,0.00000,0.00000,0.99008,0.00073,0.00000
21.34400,0.12794,0.00794,0.00019,0.00019,0.00000,0.00000,0.00000,0.99028,0.00141,0.00000
21.37600,0.12794,0.00787,0.00007,0.00012,0.00000,0.00000,0.00000,0.99062,0.00132,0.00000
21.40800,0.12794,0.00806,0.00002,0.00008,0.00000,0.00000,0.00000,0.99058,0.00126,0.00000
21.44000,0.12794,0.00647,0.00001,0.00004,0.00000,0.00000,0.00000,0.99293,0.00056,0.00000
21.47200,0.12794,0.00535,0.00001,0.00003,0.00000,0.00000,0.00000,0.99440,0.00021,0.00000
21.50400,0.12794,0.00299,0.00000,0.00002,0.00000,0.00000,0.00000,0.99679,0.00020,0.00000
21.53600,0.12794,0.00142,0.00000,0.00001,0.00000,0.00000,0.00000,0.99847,0.00009,0.00000
21.56800,0.12794,0.00093,0.00000,0.00001,0.00000,0.00000,0.00000,0.99895,0.00011,0.00000
21.60000,0.12794,0.00114,0.00001,0.00001,0.00000,0.00000,0.00000,0.99878,0.00006,0.00000
21.63200,0.12794,0.00163,0.00001,0.00002,0.00000,0.00000,0.00000,0.99831,0.00002,0.00000
21.66400,0.12794,0.00319,0.00006,0.00007,0.00000,0.00000,0.00000,0.99666,0.00002,0.00000
21.69600,0.12794,0.00282,0.00007,0.00006,0.00000,0.00000,0.00000,0.99704,0.00001,0.00000
21.72800,0.12794,0.00111,0.00001,0.00002,0.00000,0.00000,0.00000,0.99884,0.00001,0.00000
21.76000,0.12794,0.00066,0.00001,0.00001,0.00000,0.00000,0.00000,0.99931,0.00001,0.00000
21.79200,0.12794,0.00059,0.00001,0.00001,0.00000,0.00000,0.00000,0.99939,0.00001,0.00000
21.82400,0.12794,0.00112,0.00001,0.00002,0.00000,0.00000,0.00000,0.99884,0.00001,0.00000
21.85600,0.12794,0.00175,0.00005,0.00003,0.00000,0.00000,0.00000,0.99816,0.00000,0.00000
21.88800,0.12794,0.00179,0.00008,0.00004,0.00000,0.00000,0.00000,0.99809,0.00000,0.00000
21.92000,0.12794,0.00122,0.00008,0.00002,0.00000,0.00000,0.00000,0.99868,0.00000,0.00000
21.95200,0.12794,0.00085,0.00008,0.00001,0.00000,0.00000,0.00000,0.99906,0.00000,0.00000
21.98400,0.12794,0.00064,0.00008,0.00001,0.00000,0.00000,0.00000,0.99927,0.00000,0.00000
22.01600,0.12794,0.00059,0.00007,0.00001,0.00000,0.00000,0.00000,0.99933,0.00000,0.00000
22.04800,0.12794,0.00053,0.00009,0.00001,0.00000,0.00000,0.00000,0.99937,0.00000,0.00000
22.08000,0.12794,0.00039,0.00004,0.00001,0.00000,0.00000,0.00000,0.99956,0.00000,0.00000
22.11200,0.12794,0.00044,0.00003,0.00001,0.00000,0.00000,0.00000,0.99952,0.00000,0.00000
22.14400,0.12794,0.00075,0.00007,0.00002,0.00000,0.00000,0.00000,0.99917,0.00000,0.00000
22.17600,0.12794,0.00104,0.00012,0.00003,0.00000,0.00000,0.00000,0.99881,0.00000,0.00000
22.20800,0.12794,0.00142,0.00024,0.00004,0.00000,0.00000,0.00000,0.99829,0.00001,0.00000
22.24000,0.12794,0.00177,0.00040,0.00004,0.00000,0.00000,0.00000,0.99777,0.00001,0.00000
22.27200,0.12794,0.00124,0.00014,0.00002,0.00000,0.00000,0.00000,0.99859,0.00001,0.00000
22.30400,0.12794,0.00129,0.00010,0.00002,0.00000,0.00000,0.00000,0.99858,0.00001,0.00000
22.33600,0.12794,0.00151,0.00012,0.00002,0.00000,0.00000,0.00000,0.99834,0.00001,0.00000
22.36800,0.12794,0.00141,0.00011,0.00003,0.00000,0.00000,0.00000,0.99846,0.00000,0.00000
22.40000,0.12794,0.00186,0.00031,0.00004,0.00000,0.00000,0.00000,0.99779,0.00000,0.00000
22.43200,0.12794,0.00230,0.00073,0.00005,0.00000,0.00000,0.00000,0.99691,0.00000,0.00000
22.46400,0.12794,0.00212,0.00072,0.00005,0.00000,0.00000,0.00000,0.99711,0.00000,0.00000
22.49600,0.12794,0.00312,0.00090,0.00006,0.00000,0.00000,0.00000,0.99591,0.00001,0.00000
22.52800,0.12794,0.00427,0.00121,0.00008,0.00000,0.00000,0.00000,0.99442,0.00002,0.00000
22.56000,0.12794,0.00367,0.00039,0.00006,0.00000,0.00000,0.00000,0.99584,0.00003,0.00000
22.59200,0.12794,0.00430,0.00046,0.00006,0.00000,0.00000,0.00000,0.99513,0.00006,0.00000
22.62400,0.12794,0.00524,0.00072,0.00006,0.00000,0.00000,0.00000,0.99396,0.00002,0.00000
22.65600,0.12794,0.00637,0.00092,0.00008,0.00000,0.00000,0.00000,0.99257,0.00006,0.00000
22.68800,0.12794,0.00882,0.00228,0.00011,0.00000,0.00000,0.00000,0.98874,0.00005,0.00000
22.72000,0.12794,0.01138,0.00634,0.00016,0.00000,0.00000,0.00000,0.98210,0.00002,0.00000
22.75200,0.12794,0.00617,0.00180,0.00015,0.00000,0.00000,0.00000,0.99186,0.00002,0.00000
22.78400,0.12794,0.00331,0.00067,0.00010,0.00000,0.00000,0.00000,0.99592,0.00001,0.00000
22.81600,0.12794,0.00217,0.00019,0.00008,0.00000,0.00000,0.00000,0.99755,0.00001,0.00000
22.84800,0.12794,0.00143,0.00007,0.00004,0.00000,0.00000,0.00000,0.99843,0.00002,0.00000
22.88000,0.12794,0.00136,0.00008,0.00003,0.00000,0.00000,0.00000,0.99850,0.00002,0.00000
22.91200,0.12794,0.00099,0.00003,0.00002,0.00000,0.00000,0.00000,0.99895,0.00001,0.00000
22.94400,0.12794,0.00069,0.00004,0.00001,0.00000,0.00000,0.00000,0.99925,0.00000,0.00000
22.97600,0.12794,0.00037,0.00001,0.00001,0.00000,0.00000,0.00000,0.99960,0.00000,0.00000
23.00800,0.12794,0.00034,0.00001,0.00001,0.00000,0.00000,0.00000,0.99965,0.00000,0.00000
23.04000,0.12794,0.00076,0.00011,0.00002,0.00000,0.00000,0.00000,0.99912,0.00000,0.00000
23.07200,0.12794,0.00111,0.00018,0.00003,0.00000,0.00000,0.00000,0.99868,0.00000,0.00000
23.10400,0.12794,0.00192,0.00034,0.00005,0.00000,0.00000,0.00000,0.99768,0.00000,0.00000
23.13600,0.12794,0.00278,0.00030,0.00007,0.00000,0.00000,0.00000,0.99684,0.00001,0.00000
23.16800,0.12794,0.00226,0.00008,0.00005,0.00000,0.00000,0.00000,0.99760,0.00001,0.00000
23.20000,0.12794,0.00214,0.00003,0.00005,0.00000,0.00000,0.00000,0.99777,0.00001,0.00000
23.23200,0.12794,0.00189,0.00002,0.00004,0.00000,0.00000,0.00000,0.99802,0.00003,0.00000
23.26400,0.12794,0.00115,0.00001,0.00002,0.00000,0.00000,0.00000,0.99880,0.00001,0.00000
23.29600,0.12794,0.00073,0.00001,0.00001,0.00000,0.00000,0.00000,0.99923,0.00001,0.00000
23.32800,0.12794,0.00058,0.00001,0.00001,0.00000,0.00000,0.00000,0.99938,0.00001,0.00000
23.36000,0.12794,0.00062,0.00002,0.00001,0.00000,0.00000,0.00000,0.99934,0.00001,0.00000
23.39200,0.12794,0.00055,0.00003,0.00001,0.00000,0.00000,0.00000,0.99941,0.00000,0.00000
23.42400,0.12794,0.00103,0.00002,0.00002,0.00000,0.00000,0.00000,0.99892,0.00001,0.00000
23.45600,0.12794,0.00168,0.00004,0.00008,0.00000,0.00000,0.00000,0.99816,0.00004,0.00000
23.48800,0.12794,0.00213,0.00003,0.00008,0.00000,0.00000,0.00000,0.99767,0.00008,0.00000
23.52000,0.12794,0.00357,0.00011,0.00017,0.00000,0.00000,0.00000,0.99601,0.00014,0.00000
23.55200,0.12794,0.00349,0.00020,0.00015,0.00000,0.00000,0.00000,0.99608,0.00008,0.00000
23.58400,0.12794,0.00250,0.00008,0.00003,0.00000,0.00000,0.00000,0.99737,0.00002,0.00000
23.61600,0.12794,0.00128,0.00003,0.00001,0.00000,0.00000,0.00000,0.99867,0.00001,0.00000
23.64800,0.12794,0.00089,0.00001,0.00001,0.00000,0.00000,0.00000,0.99909,0.00001,0.00000
23.68000,0.12794,0.00048,0.00000,0.00000,0.00000,0.00000,0.00000,0.99950,0.00002,0.00000
23.71200,0.12794,0.00052,0.00000,0.00000,0.00000,0.00000,0.00000,0.99945,0.00003,0.00000
23.74400,0.12794,0.00066,0.00000,0.00000,0.00000,0.00000,0.00000,0.99928,0.00006,0.00000
23.77600,0.12794,0.00089,0.00000,0.00000,0.00000,0.00000,0.00000,0.99896,0.00015,0.00000
23.80800,0.12794,0.00112,0.00000,0.00000,0.00000,0.00000,0.00000,0.99875,0.00013,0.00000
23.84000,0.12794,0.00175,0.00000,0.00001,0.00000,0.00000,0.00000,0.99810,0.00014,0.00000
23.87200,0.12794,0.00245,0.00001,0.00001,0.00000,0.00000,0.00000,0.99742,0.00011,0.00000
23.90400,0.12794,0.00269,0.00001,0.00001,0.00000,0.00000,0.00000,0.99721,0.00009,0.00000
23.93600,0.12794,0.00357,0.00001,0.00002,0.00000,0.00000,0.00000,0.99632,0.00008,0.00000
23.96800,0.12794,0.00344,0.00000,0.00002,0.00000,0.00000,0.00000,0.99645,0.00009,0.00000
24.00000,0.12794,0.00319,0.00000,0.00002,0.00000,0.00000,0.00000,0.99672,0.00007,0.00000
24.03200,0.12794,0.00351,0.00000,0.00002,0.00000,0.00000,0.00000,0.99637,0.00009,0.00000
24.06400,0.12794,0.00423,0.00000,0.00002,0.00000,0.00000,0.00000,0.99563,0.00012,0.00000
24.09600,0.12794,0.00500,0.00000,0.00003,0.00000,0.00000,0.00000,0.99476,0.00021,0.00000
24.12800,0.12794,0.00709,0.00000,0.00004,0.00000,0.00000,0.00000,0.99260,0.00026,0.00000
24.16000,0.12794,0.00962,0.00001,0.00005,0.00000,0.00000,0.00000,0.98999,0.00033,0.00000
24.19200,0.12794,0.01337,0.00004,0.00008,0.00000,0.00000,0.00000,0.98623,0.00028,0.00000
24.22400,0.12794,0.01299,0.00005,0.00006,0.00000,0.00000,0.00000,0.98668,0.00022,0.00000
24.25600,0.12794,0.01299,0.00005,0.00006,0.00000,0.00000,0.00000,0.98622,0.00068,0.00000
24.28800,0.12794,0.01083,0.00003,0.00006,0.00000,0.00000,0.00000,0.98817,0.00091,0.00000
24.32000,0.12794,0.00872,0.00001,0.00005,0.00000,0.00000,0.00000,0.98930,0.00192,0.00000
24.35200,0.12794,0.00850,0.00001,0.00006,0.00000,0.00000,0.00000,0.98790,0.00353,0.00000
24.38400,0.12794,0.00924,0.00002,0.00009,0.00000,0.00000,0.00000,0.98496,0.00569,0.00000
24.41600,0.12794,0.01367,0.00006,0.00019,0.00000,0.00000,0.00000,0.97812,0.00795,0.00000
24.44800,0.12794,0.00967,0.00010,0.00015,0.00000,0.00000,0.00000,0.98694,0.00314,0.00000
24.48000,0.12794,0.01210,0.00020,0.00023,0.00000,0.00000,0.00000,0.98307,0.00440,0.00000
24.51200,0.12794,0.01879,0.00041,0.00052,0.00000,0.00001,0.00000,0.97411,0.00616,0.00000
24.54400,0.12794,0.01143,0.00025,0.00026,0.00000,0.00000,0.00000,0.98464,0.00343,0.00000
24.57600,0.12794,0.01343,0.00031,0.00036,0.00000,0.00000,0.00000,0.97889,0.00701,0.00000
24.60800,0.12794,0.01169,0.00032,0.00033,0.00000,0.00000,0.00000,0.98477,0.00290,0.00000
24.64000,0.12794,0.00538,0.00015,0.00010,0.00000,0.00000,0.00000,0.99370,0.00067,0.00000
24.67200,0.12794,0.00695,0.00029,0.00016,0.00000,0.00000,0.00000,0.99207,0.00053,0.00000
24.70400,0.12794,0.00571,0.00030,0.00012,0.00000,0.00000,0.00000,0.99361,0.00026,0.00000
24.73600,0.12794,0.00489,0.00034,0.00010,0.00000,0.00000,0.00000,0.99452,0.00015,0.00000
24.76800,0.12794,0.00481,0.00044,0.00011,0.00000,0.00000,0.00000,0.99452,0.00011,0.00000
24.80000,0.12794,0.00430,0.00041,0.00010,0.00000,0.00000,0.00000,0.99512,0.00007,0.00000
24.83200,0.12794,0.00564,0.00077,0.00016,0.00000,0.00000,0.00000,0.99335,0.00009,0.00000
24.86400,0.12794,0.00840,0.00172,0.00032,0.00000,0.00000,0.00000,0.98927,0.00029,0.00000
24.89600,0.12794,0.00952,0.00222,0.00041,0.00000,0.00000,0.00000,0.98750,0.00035,0.00000
24.92800,0.12794,0.01235,0.00487,0.00068,0.00000,0.00001,0.00000,0.98150,0.00059,0.00000
24.96000,0.12794,0.01244,0.00646,0.00082,0.00000,0.00001,0.00000,0.97976,0.00051,0.00000
24.99200,0.12794,0.01088,0.00465,0.00089,0.00000,0.00001,0.00000,0.98300,0.00057,0.00000
25.02400,0.12794,0.01000,0.00366,0.00092,0.00000,0.00001,0.00000,0.98472,0.00069,0.00000
25.05600,0.12794,0.00913,0.00301,0.00110,0.00000,0.00001,0.00000,0.98574,0.00100,0.00000
25.08800,0.12794,0.00732,0.00162,0.00084,0.00000,0.00001,0.00000,0.98901,0.00120,0.00000
25.12000,0.12794,0.00666,0.00149,0.00076,0.00000,0.00000,0.00000,0.98964,0.00145,0.00000
25.15200,0.12794,0.00726,0.00227,0.00095,0.00000,0.00000,0.00000,0.98851,0.00101,0.00000
25.18400,0.12794,0.00674,0.00178,0.00088,0.00000,0.00000,0.00000,0.98947,0.00112,0.00000
25.21600,0.12794,0.00798,0.00241,0.00106,0.00000,0.00000,0.00000,0.98738,0.00115,0.00000
25.24800,0.12794,0.00830,0.00265,0.00088,0.00000,0.00000,0.00000,0.98775,0.00041,0.00000
25.28000,0.12794,0.00824,0.00211,0.00105,0.00000,0.00000,0.00000,0.98811,0.00048,0.00000
25.31200,0.12794,0.01037,0.00330,0.00189,0.00000,0.00001,0.00000,0.98373,0.00070,0.00000
25.34400,0.12794,0.00977,0.00379,0.00282,0.00000,0.00001,0.00000,0.98308,0.00054,0.00000
25.37600,0.12794,0.01060,0.00459,0.00925,0.00000,0.00001,0.00000,0.97476,0.00079,0.00000
25.40800,0.12794,0.01243,0.00772,0.01548,0.00000,0.00001,0.00001,0.96364,0.00072,0.00000
25.44000,0.12794,0.01472,0.01122,0.02837,0.00000,0.00002,0.00001,0.94538,0.00028,0.00000
25.47200,0.12794,0.01740,0.01203,0.02722,0.00000,0.00002,0.00001,0.94317,0.00016,0.00000
25.50400,0.12794,0.01665,0.01145,0.01897,0.00000,0.00002,0.00001,0.95283,0.00008,0.00000
25.53600,0.12794,0.01531,0.00876,0.01500,0.00000,0.00001,0.00001,0.96087,0.00004,0.00000
25.56800,0.12794,0.01210,0.00417,0.00604,0.00000,0.00001,0.00000,0.97766,0.00003,0.00000
25.60000,0.12794,0.01136,0.00262,0.00616,0.00000,0.00001,0.00000,0.97982,0.00003,0.00000
25.63200,0.12794,0.01159,0.00204,0.00536,0.00000,0.00001,0.00000,0.98096,0.00004,0.00000
25.66400,0.12794,0.01327,0.00174,0.00544,0.00000,0.00001,0.00000,0.97948,0.00007,0.00000
25.69600,0.12794,0.01293,0.00155,0.00659,0.00000,0.00001,0.00000,0.97884,0.00007,0.00000
25.72800,0.12794,0.01355,0.00113,0.00753,0.00000,0.00001,0.00000,0.97755,0.00022,0.00000
25.76000,0.12794,0.01166,0.00066,0.00422,0.00000,0.00001,0.00000,0.98326,0.00020,0.00000
25.79200,0.12794,0.00623,0.00020,0.00164,0.00000,0.00000,0.00000,0.99182,0.00009,0.00000
25.82400,0.12794,0.00626,0.00027,0.00160,0.00000,0.00000,0.00000,0.99179,0.00008,0.00000
25.85600,0.12794,0.00678,0.00059,0.00098,0.00000,0.00000,0.00000,0.99159,0.00007,0.00000
25.88800,0.12794,0.00890,0.00179,0.00116,0.00000,0.00000,0.00000,0.98796,0.00019,0.00000
25.92000,0.12794,0.01288,0.00563,0.00116,0.00000,0.00001,0.00000,0.97994,0.00038,0.00000
25.95200,0.12794,0.01105,0.00312,0.00048,0.00000,0.00000,0.00000,0.98464,0.00069,0.00000
25.98400,0.12794,0.01347,0.00139,0.00053,0.00000,0.00001,0.00000,0.98269,0.00192,0.00000
26.01600,0.12794,0.01166,0.00025,0.00029,0.00000,0.00000,0.00000,0.98459,0.00321,0.00000
26.04800,0.12794,0.01330,0.00008,0.00021,0.00000,0.00000,0.00000,0.98372,0.00268,0.00000
26.08000,0.12794,0.01257,0.00003,0.00015,0.00000,0.00000,0.00000,0.98537,0.00189,0.00000
26.11200,0.12794,0.00751,0.00001,0.00006,0.00000,0.00000,0.00000,0.99215,0.00027,0.00000
26.14400,0.12794,0.00835,0.00002,0.00005,0.00000,0.00000,0.00000,0.99148,0.00010,0.00000
26.17600,0.12794,0.00604,0.00001,0.00004,0.00000,0.00000,0.00000,0.99377,0.00014,0.00000
26.20800,0.12794,0.00355,0.00001,0.00002,0.00000,0.00000,0.00000,0.99628,0.00013,0.00000
26.24000,0.12794,0.00230,0.00001,0.00002,0.00000,0.00000,0.00000,0.99755,0.00012,0.00000
26.27200,0.12794,0.00109,0.00001,0.00001,0.00000,0.00000,0.00000,0.99885,0.00004,0.00000
26.30400,0.12794,0.00112,0.00002,0.00002,0.00000,0.00000,0.00000,0.99876,0.00008,0.00000
26.33600,0.12794,0.00119,0.00003,0.00002,0.00000,0.00000,0.00000,0.99872,0.00004,0.00000
26.36800,0.12794,0.00162,0.00006,0.00004,0.00000,0.00000,0.00000,0.99824,0.00004,0.00000
26.40000,0.12794,0.00138,0.00002,0.00004,0.00000,0.00000,0.00000,0.99851,0.00005,0.00000
26.43200,0.12794,0.00082,0.00001,0.00001,0.00000,0.00000,0.00000,0.99915,0.00001,0.00000
26.46400,0.12794,0.00109,0.00002,0.00003,0.00000,0.00000,0.00000,0.99885,0.00001,0.00000
26.49600,0.12794,0.00108,0.00002,0.00002,0.00000,0.00000,0.00000,0.99887,0.00001,0.00000
26.52800,0.12794,0.00128,0.00003,0.00003,0.00000,0.00000,0.00000,0.99865,0.00000,0.00000
26.56000,0.12794,0.00159,0.00006,0.00004,0.00000,0.00000,0.00000,0.99831,0.00000,0.00000
26.59200,0.12794,0.00100,0.00006,0.00002,0.00000,0.00000,0.00000,0.99892,0.00000,0.00000
26.62400,0.12794,0.00075,0.00006,0.00001,0.00000,0.00000,0.00000,0.99918,0.00000,0.00000
26.65600,0.12794,0.00046,0.00003,0.00001,0.00000,0.00000,0.00000,0.99951,0.00000,0.00000
26.68800,0.12794,0.00033,0.00001,0.00001,0.00000,0.00000,0.00000,0.99965,0.00000,0.00000
26.72000,0.12794,0.00032,0.00001,0.00001,0.00000,0.00000,0.00000,0.99967,0.00000,0.00000
26.75200,0.12794,0.00032,0.00001,0.00000,0.00000,0.00000,0.00000,0.99967,0.00000,0.00000
26.78400,0.12794,0.00042,0.00001,0.00001,0.00000,0.00000,0.00000,0.99957,0.00000,0.00000
26.81600,0.12794,0.00062,0.00003,0.00001,0.00000,0.00000,0.00000,0.99933,0.00001,0.00000
26.84800,0.12794,0.00084,0.00008,0.00002,0.00000,0.00000,0.00000,0.99906,0.00000,0.00000
26.88000,0.12794,0.00120,0.00009,0.00004,0.00000,0.00000,0.00000,0.99865,0.00003,0.00000
26.91200,0.12794,0.00117,0.00011,0.00003,0.00000,0.00000,0.00000,0.99867,0.00001,0.00000
26.94400,0.12794,0.00106,0.00005,0.00002,0.00000,0.00000,0.00000,0.99886,0.00001,0.00000
26.97600,0.12794,0.00151,0.00013,0.00002,0.00000,0.00000,0.00000,0.99832,0.00002,0.00000
27.00800,0.12794,0.00197,0.00036,0.00003,0.00000,0.00000,0.00000,0.99764,0.00001,0.00000
27.04000,0.12794,0.00190,0.00027,0.00003,0.00000,0.00000,0.00000,0.99779,0.00001,0.00000
27.07200,0.12794,0.00211,0.00027,0.00004,0.00000,0.00000,0.00000,0.99757,0.00001,0.00000
27.10400,0.12794,0.00251,0.00033,0.00004,0.00000,0.00000,0.00000,0.99711,0.00000,0.00000
27.13600,0.12794,0.00185,0.00014,0.00003,0.00000,0.00000,0.00000,0.99797,0.00000,0.00000
27.16800,0.12794,0.00290,0.00049,0.00005,0.00000,0.00000,0.00000,0.99655,0.00001,0.00000
27.20000,0.12794,0.00517,0.00121,0.00011,0.00000,0.00000,0.00000,0.99348,0.00003,0.00000
27.23200,0.12794,0.00384,0.00050,0.00006,0.00000,0.00000,0.00000,0.99558,0.00003,0.00000
27.26400,0.12794,0.00419,0.00045,0.00005,0.00000,0.00000,0.00000,0.99527,0.00003,0.00000
27.29600,0.12794,0.00379,0.00032,0.00004,0.00000,0.00000,0.00000,0.99583,0.00001,0.00000
27.32800,0.12794,0.00308,0.00020,0.00002,0.00000,0.00000,0.00000,0.99669,0.00000,0.00000
27.36000,0.12794,0.00266,0.00014,0.00002,0.00000,0.00000,0.00000,0.99717,0.00001,0.00000
27.39200,0.12794,0.00238,0.00014,0.00002,0.00000,0.00000,0.00000,0.99746,0.00001,0.00000
27.42400,0.12794,0.00188,0.00011,0.00002,0.00000,0.00000,0.00000,0.99797,0.00001,0.00000
27.45600,0.12794,0.00136,0.00007,0.00002,0.00000,0.00000,0.00000,0.99854,0.00002,0.00000
27.48800,0.12794,0.00094,0.00003,0.00001,0.00000,0.00000,0.00000,0.99900,0.00002,0.00000
27.52000,0.12794,0.00098,0.00005,0.00002,0.00000,0.00000,0.00000,0.99893,0.00002,0.00000
27.55200,0.12794,0.00080,0.00004,0.00002,0.00000,0.00000,0.00000,0.99913,0.00002,0.00000
27.58400,0.12794,0.00062,0.00002,0.00001,0.00000,0.00000,0.00000,0.99933,0.00001,0.00000
27.61600,0.12794,0.00060,0.00003,0.00002,0.00000,0.00000,0.00000,0.99934,0.00001,0.00000
27.64800,0.12794,0.00042,0.00002,0.00001,0.00000,0.00000,0.00000,0.99955,0.00000,0.00000
27.68000,0.12794,0.00049,0.00003,0.00001,0.00000,0.00000,0.00000,0.99948,0.00000,0.00000
27.71200,0.12794,0.00082,0.00009,0.00001,0.00000,0.00000,0.00000,0.99908,0.00000,0.00000
27.74400,0.12794,0.00098,0.00014,0.00002,0.00000,0.00000,0.00000,0.99887,0.00000,0.00000
27.77600,0.12794,0.00122,0.00012,0.00002,0.00000,0.00000,0.00000,0.99864,0.00000,0.00000
27.80800,0.12794,0.00142,0.00010,0.00003,0.00000,0.00000,0.00000,0.99845,0.00000,0.00000
27.84000,0.12794,0.00150,0.00007,0.00004,0.00000,0.00000,0.00000,0.99838,0.00000,0.00000
27.87200,0.12794,0.00144,0.00003,0.00004,0.00000,0.00000,0.00000,0.99849,0.00000,0.00000
27.90400,0.12794,0.00115,0.00002,0.00002,0.00000,0.00000,0.00000,0.99880,0.00001,0.00000
27.93600,0.12794,0.00065,0.00001,0.00001,0.00000,0.00000,0.00000,0.99932,0.00001,0.00000
27.96800,0.12794,0.00038,0.00001,0.00001,0.00000,0.00000,0.00000,0.99960,0.00000,0.00000
28.00000,0.12794,0.00031,0.00001,0.00001,0.00000,0.00000,0.00000,0.99967,0.00000,0.00000
28.03200,0.12794,0.00025,0.00001,0.00001,0.00000,0.00000,0.00000,0.99972,0.00000,0.00000
28.06400,0.12794,0.00031,0.00001,0.00001,0.00000,0.00000,0.00000,0.99966,0.00001,0.00000
28.09600,0.12794,0.00057,0.00002,0.00002,0.00000,0.00000,0.00000,0.99938,0.00001,0.00000
28.12800,0.12794,0.00024,0.00000,0.00001,0.00000,0.00000,0.00000,0.99975,0.00000,0.00000
28.16000,0.12794,0.00034,0.00000,0.00001,0.00000,0.00000,0.00000,0.99964,0.00001,0.00000
28.19200,0.12794,0.00029,0.00000,0.00001,0.00000,0.00000,0.00000,0.99969,0.00001,0.00000
28.22400,0.12794,0.00053,0.00001,0.00001,0.00000,0.00000,0.00000,0.99944,0.00001,0.00000
28.25600,0.12794,0.00162,0.00005,0.00003,0.00000,0.00000,0.00000,0.99826,0.00003,0.00000
28.28800,0.12794,0.00188,0.00004,0.00002,0.00000,0.00000,0.00000,0.99805,0.00001,0.00000
28.32000,0.12794,0.00170,0.00002,0.00001,0.00000,0.00000,0.00000,0.99824,0.00002,0.00000
28.35200,0.12794,0.00059,0.00000,0.00000,0.00000,0.00000,0.00000,0.99938,0.00002,0.00000
28.38400,0.12794,0.00050,0.00000,0.00000,0.00000,0.00000,0.00000,0.99947,0.00003,0.00000
28.41600,0.12794,0.00041,0.00000,0.00000,0.00000,0.00000,0.00000,0.99955,0.00004,0.00000
28.44800,0.12794,0.00060,0.00000,0.00000,0.00000,0.00000,0.00000,0.99932,0.00008,0.00000
28.48000,0.12794,0.00104,0.00000,0.00000,0.00000,0.00000,0.00000,0.99883,0.00013,0.00000
28.51200,0.12794,0.00131,0.00000,0.00001,0.00000,0.00000,0.00000,0.99853,0.00015,0.00000
28.54400,0.12794,0.00186,0.00000,0.00001,0.00000,0.00000,0.00000,0.99799,0.00014,0.00000
28.57600,0.12794,0.00208,0.00000,0.00001,0.00000,0.00000,0.00000,0.99781,0.00010,0.00000
28.60800,0.12794,0.00194,0.00000,0.00001,0.00000,0.00000,0.00000,0.99801,0.00005,0.00000
28.64000,0.12794,0.00284,0.00000,0.00001,0.00000,0.00000,0.00000,0.99712,0.00003,0.00000
28.67200,0.12794,0.00274,0.00000,0.00001,0.00000,0.00000,0.00000,0.99722,0.00002,0.00000
28.70400,0.12794,0.00346,0.00000,0.00001,0.00000,0.00000,0.00000,0.99649,0.00004,0.00000
28.73600,0.12794,0.00456,0.00000,0.00002,0.00000,0.00000,0.00000,0.99532,0.00010,0.00000
28.76800,0.12794,0.00599,0.00000,0.00003,0.00000,0.00000,0.00000,0.99374,0.00024,0.00000
28.80000,0.12794,0.00881,0.00000,0.00005,0.00000,0.00000,0.00000,0.99084,0.00030,0.00000
28.83200,0.12794,0.01093,0.00001,0.00006,0.00000,0.00000,0.00000,0.98869,0.00030,0.00000
28.86400,0.12794,0.01511,0.00003,0.00007,0.00000,0.00000,0.00000,0.98462,0.00018,0.00000
28.89600,0.12794,0.01154,0.00002,0.00005,0.00000,0.00000,0.00000,0.98828,0.00011,0.00000
28.92800,0.12794,0.01160,0.00003,0.00004,0.00000,0.00000,0.00000,0.98819,0.00014,0.00000
28.96000,0.12794,0.01014,0.00002,0.00004,0.00000,0.00000,0.00000,0.98955,0.00024,0.00000
28.99200,0.12794,0.00537,0.00001,0.00003,0.00000,0.00000,0.00000,0.99405,0.00054,0.00000
29.02400,0.12794,0.00543,0.00000,0.00003,0.00000,0.00000,0.00000,0.99298,0.00155,0.00000
29.05600,0.12794,0.00809,0.00001,0.00009,0.00000,0.00000,0.00000,0.98149,0.01032,0.00000
29.08800,0.12794,0.01044,0.00001,0.00017,0.00000,0.00000,0.00000,0.96916,0.02021,0.00000
29.12000,0.12794,0.01650,0.00010,0.00042,0.00000,0.00001,0.00000,0.96273,0.02024,0.00000
29.15200,0.12794,0.02340,0.00042,0.00081,0.00000,0.00001,0.00000,0.96298,0.01238,0.00000
29.18400,0.12794,0.01636,0.00050,0.00048,0.00000,0.00001,0.00000,0.97969,0.00297,0.00000
29.21600,0.12794,0.01439,0.00070,0.00038,0.00000,0.00001,0.00000,0.98340,0.00113,0.00000
29.24800,0.12794,0.01149,0.00053,0.00027,0.00000,0.00000,0.00000,0.98692,0.00078,0.00000
29.28000,0.12794,0.00812,0.00031,0.00019,0.00000,0.00000,0.00000,0.99048,0.00090,0.00000
29.31200,0.12794,0.00712,0.00032,0.00019,0.00000,0.00000,0.00000,0.99161,0.00076,0.00000
29.34400,0.12794,0.00619,0.00029,0.00017,0.00000,0.00000,0.00000,0.99271,0.00063,0.00000
29.37600,0.12794,0.00590,0.00039,0.00018,0.00000,0.00000,0.00000,0.99305,0.00047,0.00000
29.40800,0.12794,0.00668,0.00079,0.00021,0.00000,0.00000,0.00000,0.99213,0.00019,0.00000
29.44000,0.12794,0.00711,0.00123,0.00022,0.00000,0.00000,0.00000,0.99129,0.00015,0.00000
29.47200,0.12794,0.00780,0.00212,0.00029,0.00000,0.00000,0.00000,0.98964,0.00014,0.00000
29.50400,0.12794,0.00770,0.00215,0.00027,0.00000,0.00000,0.00000,0.98973,0.00014,0.00000
29.53600,0.12794,0.00899,0.00251,0.00040,0.00000,0.00000,0.00000,0.98749,0.00060,0.00000
29.56800,0.12794,0.01254,0.00484,0.00071,0.00000,0.00001,0.00000,0.98013,0.00176,0.00000
29.60000,0.12794,0.01552,0.00797,0.00120,0.00000,0.00002,0.00000,0.97029,0.00498,0.00000
29.63200,0.12794,0.02240,0.02460,0.00336,0.00000,0.00007,0.00002,0.93989,0.00967,0.00000
29.66400,0.12794,0.02345,0.03033,0.00431,0.00000,0.00007,0.00002,0.93614,0.00568,0.00000
29.69600,0.12794,0.01894,0.02073,0.00348,0.00000,0.00004,0.00001,0.95415,0.00266,0.00000
29.72800,0.12794,0.01513,0.01233,0.00260,0.00000,0.00003,0.00001,0.96793,0.00198,0.00000
29.76000,0.12794,0.00945,0.00436,0.00129,0.00000,0.00001,0.00000,0.98428,0.00061,0.00000
29.79200,0.12794,0.00741,0.00212,0.00072,0.00000,0.00000,0.00000,0.98921,0.00053,0.00000
29.82400,0.12794,0.00701,0.00173,0.00060,0.00000,0.00000,0.00000,0.99028,0.00038,0.00000
29.85600,0.12794,0.00616,0.00121,0.00055,0.00000,0.00000,0.00000,0.99167,0.00041,0.00000
29.88800,0.12794,0.00664,0.00113,0.00058,0.00000,0.00000,0.00000,0.99055,0.00109,0.00000
29.92000,0.12794,0.00756,0.00172,0.00094,0.00000,0.00000,0.00000,0.98842,0.00136,0.00000
29.95200,0.12794,0.00865,0.00208,0.00146,0.00000,0.00001,0.00000,0.98635,0.00145,0.00000
29.98400,0.12794,0.01028,0.00346,0.00338,0.00000,0.00001,0.00000,0.98149,0.00138,0.00000
30.01600,0.12794,0.01847,0.00948,0.00323,0.00000,0.00002,0.00001,0.96782,0.00097,0.00000
30.04800,0.12794,0.01815,0.01432,0.00603,0.00000,0.00002,0.00001,0.96106,0.00039,0.00000
30.08000,0.12794,0.01881,0.01922,0.00576,0.00000,0.00002,0.00002,0.95588,0.00029,0.00000
30.11200,0.12794,0.01988,0.01749,0.00427,0.00000,0.00002,0.00001,0.95825,0.00008,0.00001
30.14400,0.12794,0.01453,0.01148,0.01075,0.00000,0.00001,0.00001,0.96317,0.00004,0.00000
30.17600,0.12794,0.01365,0.00693,0.00808,0.00000,0.00001,0.00001,0.97129,0.00003,0.00000
30.20800,0.12794,0.01569,0.00664,0.01245,0.00000,0.00001,0.00001,0.96517,0.00002,0.00000
30.24000,0.12794,0.01263,0.00290,0.00846,0.00000,0.00001,0.00000,0.97598,0.00002,0.00000
30.27200,0.12794,0.01075,0.00151,0.00504,0.00000,0.00001,0.00000,0.98267,0.00002,0.00000
30.30400,0.12794,0.01085,0.00145,0.00465,0.00000,0.00000,0.00000,0.98302,0.00002,0.00000
30.33600,0.12794,0.01117,0.00101,0.00332,0.00000,0.00000,0.00000,0.98445,0.00004,0.00000
30.36800,0.12794,0.01045,0.00142,0.00287,0.00000,0.00000,0.00000,0.98516,0.00009,0.00000
30.40000,0.12794,0.00959,0.00095,0.00336,0.00000,0.00000,0.00000,0.98589,0.00021,0.00000
30.43200,0.12794,0.00629,0.00034,0.00165,0.00000,0.00000,0.00000,0.99151,0.00020,0.00000
30.46400,0.12794,0.00495,0.00015,0.00136,0.00000,0.00000,0.00000,0.99336,0.00018,0.00000
30.49600,0.12794,0.00519,0.00010,0.00200,0.00000,0.00000,0.00000,0.99248,0.00023,0.00000
30.52800,0.12794,0.00550,0.00015,0.00173,0.00000,0.00000,0.00000,0.99246,0.00017,0.00000
30.56000,0.12794,0.00680,0.00024,0.00214,0.00000,0.00000,0.00000,0.99059,0.00022,0.00000
30.59200,0.12794,0.00957,0.00074,0.00237,0.00000,0.00000,0.00000,0.98709,0.00022,0.00000
30.62400,0.12794,0.00776,0.00075,0.00111,0.00000,0.00000,0.00000,0.99030,0.00009,0.00000
30.65600,0.12794,0.00848,0.00070,0.00103,0.00000,0.00000,0.00000,0.98975,0.00005,0.00000
30.68800,0.12794,0.00927,0.00081,0.00096,0.00000,0.00000,0.00000,0.98893,0.00003,0.00000
30.72000,0.12794,0.00709,0.00031,0.00065,0.00000,0.00000,0.00000,0.99191,0.00004,0.00000
30.75200,0.12794,0.00728,0.00017,0.00064,0.00000,0.00000,0.00000,0.99183,0.00008,0.00000
30.78400,0.12794,0.00743,0.00011,0.00052,0.00000,0.00000,0.00000,0.99177,0.00017,0.00000
30.81600,0.12794,0.00800,0.00011,0.00042,0.00000,0.00000,0.00000,0.99116,0.00030,0.00000
30.84800,0.12794,0.00802,0.00010,0.00038,0.00000,0.00000,0.00000,0.99136,0.00013,0.00000
30.88000,0.12794,0.00883,0.00014,0.00034,0.00000,0.00000,0.00000,0.99060,0.00009,0.00000
30.91200,0.12794,0.01701,0.00070,0.00076,0.00000,0.00000,0.00000,0.98142,0.00011,0.00000
30.94400,0.12794,0.02074,0.00146,0.00118,0.00000,0.00000,0.00000,0.97650,0.00011,0.00000
30.97600,0.12794,0.02411,0.00232,0.00140,0.00000,0.00000,0.00000,0.97204,0.00011,0.00000
31.00800,0.12794,0.02491,0.00220,0.00125,0.00000,0.00000,0.00000,0.97151,0.00012,0.00000
31.04000,0.12794,0.01232,0.00022,0.00045,0.00000,0.00000,0.00000,0.98694,0.00006,0.00000
31.07200,0.12794,0.00728,0.00003,0.00021,0.00000,0.00000,0.00000,0.99244,0.00004,0.00000
31.10400,0.12794,0.00599,0.00001,0.00017,0.00000,0.00000,0.00000,0.99378,0.00004,0.00000
31.13600,0.12794,0.00785,0.00002,0.00024,0.00000,0.00000,0.00000,0.99184,0.00005,0.00000
31.16800,0.12794,0.00800,0.00004,0.00025,0.00000,0.00000,0.00000,0.99167,0.00004,0.00000
31.20000,0.12794,0.00908,0.00006,0.00031,0.00000,0.00000,0.00000,0.99049,0.00004,0.00000
31.23200,0.12794,0.00907,0.00007,0.00037,0.00000,0.00000,0.00000,0.99045,0.00004,0.00000
31.26400,0.12794,0.00750,0.00005,0.00040,0.00000,0.00000,0.00000,0.99202,0.00002,0.00000
31.29600,0.12794,0.01024,0.00010,0.00049,0.00000,0.00000,0.00000,0.98911,0.00005,0.00000
31.32800,0.12794,0.01046,0.00009,0.00053,0.00000,0.00000,0.00000,0.98887,0.00005,0.00000
31.36000,0.12794,0.01023,0.00007,0.00023,0.00000,0.00000,0.00000,0.98942,0.00005,0.00000
31.39200,0.12794,0.01018,0.00009,0.00021,0.00000,0.00000,0.00000,0.98944,0.00007,0.00000
31.42400,0.12794,0.00935,0.00009,0.00020,0.00000,0.00000,0.00000,0.99031,0.00005,0.00000
31.45600,0.12794,0.01210,0.00030,0.00028,0.00000,0.00000,0.00000,0.98724,0.00007,0.00000
31.48800,0.12794,0.01556,0.00095,0.00050,0.00000,0.00001,0.00000,0.98290,0.00009,0.00000
31.52000,0.12794,0.01829,0.00131,0.00042,0.00000,0.00001,0.00000,0.97987,0.00010,0.00000
31.55200,0.12794,0.02170,0.00223,0.00044,0.00000,0.00001,0.00000,0.97551,0.00010,0.00001
31.58400,0.12794,0.02036,0.00230,0.00028,0.00000,0.00001,0.00000,0.97696,0.00008,0.00001
31.61600,0.12794,0.02158,0.00227,0.00028,0.00000,0.00001,0.00000,0.97575,0.00010,0.00001
31.64800,0.12794,0.02056,0.00365,0.00026,0.00000,0.00001,0.00000,0.97543,0.00008,0.00001
31.68000,0.12794,0.01841,0.00349,0.00023,0.00000,0.00000,0.00000,0.97781,0.00005,0.00000
31.71200,0.12794,0.01980,0.00571,0.00023,0.00000,0.00000,0.00000,0.97422,0.00004,0.00001
31.74400,0.12794,0.02069,0.00972,0.00023,0.00000,0.00000,0.00000,0.96931,0.00002,0.00001
31.77600,0.12794,0.02256,0.01401,0.00027,0.00000,0.00000,0.00001,0.96310,0.00001,0.00003
31.80800,0.12794,0.02307,0.01652,0.00027,0.00000,0.00000,0.00001,0.96008,0.00001,0.00004
31.84000,0.12794,0.02322,0.02076,0.00031,0.00000,0.00000,0.00001,0.95566,0.00001,0.00003
31.87200,0.12794,0.02813,0.04326,0.00042,0.00000,0.00001,0.00001,0.92812,0.00001,0.00004
31.90400,0.12794,0.02501,0.04836,0.00059,0.00000,0.00001,0.00001,0.92600,0.00001,0.00001
31.93600,0.12794,0.02779,0.07110,0.00072,0.00000,0.00001,0.00001,0.90034,0.00002,0.00001
31.96800,0.12794,0.02414,0.05535,0.00053,0.00000,0.00001,0.00001,0.91993,0.00002,0.00001
32.00000,0.12794,0.02245,0.04239,0.00046,0.00000,0.00001,0.00000,0.93466,0.00002,0.00001
32.03200,0.12794,0.01682,0.02338,0.00024,0.00000,0.00000,0.00000,0.95953,0.00002,0.00000
32.06400,0.12794,0.01216,0.00864,0.00018,0.00000,0.00000,0.00000,0.97901,0.00001,0.00000
32.09600,0.12794,0.00859,0.00339,0.00017,0.00000,0.00000,0.00000,0.98785,0.00002,0.00000
32.12800,0.12794,0.06294,0.00909,0.00121,0.00000,0.00001,0.00001,0.92657,0.00018,0.00000
32.16000,0.12794,0.47811,0.02817,0.00888,0.00006,0.00010,0.00026,0.48249,0.00186,0.00008
32.19200,0.12794,0.92914,0.01591,0.01172,0.00197,0.00022,0.00322,0.03426,0.00310,0.00047
32.22400,0.12794,0.93007,0.00352,0.00473,0.03496,0.00015,0.02250,0.00089,0.00091,0.00227
32.25600,0.12794,0.94508,0.00123,0.00255,0.02400,0.00007,0.02470,0.00048,0.00032,0.00157
32.28800,0.12794,0.96855,0.00051,0.00168,0.01075,0.00004,0.01701,0.00031,0.00018,0.00098
32.32000,0.12794,0.98259,0.00049,0.00111,0.00496,0.00003,0.00956,0.00029,0.00011,0.00086
32.35200,0.12794,0.98978,0.00051,0.00131,0.00204,0.00003,0.00525,0.00034,0.00017,0.00057
32.38400,0.12794,0.99137,0.00047,0.00112,0.00172,0.00003,0.00424,0.00026,0.00014,0.00064
32.41600,0.12794,0.99132,0.00060,0.00114,0.00171,0.00003,0.00418,0.00029,0.00014,0.00060
32.44800,0.12794,0.98964,0.00046,0.00125,0.00228,0.00003,0.00539,0.00024,0.00015,0.00056
32.48000,0.12794,0.98381,0.00057,0.00104,0.00476,0.00003,0.00863,0.00025,0.00011,0.00079
32.51200,0.12794,0.98182,0.00056,0.00102,0.00539,0.00002,0.01024,0.00028,0.00011,0.00056
32.54400,0.12794,0.97836,0.00032,0.00081,0.00667,0.00002,0.01292,0.00019,0.00007,0.00065
32.57600,0.12794,0.98214,0.00040,0.00080,0.00509,0.00002,0.01085,0.00022,0.00008,0.00040
32.60800,0.12794,0.98442,0.00034,0.00056,0.00450,0.00001,0.00959,0.00016,0.00005,0.00037
32.64000,0.12794,0.98078,0.00034,0.00067,0.00617,0.00002,0.01148,0.00015,0.00006,0.00033
32.67200,0.12794,0.97292,0.00053,0.00076,0.01054,0.00002,0.01463,0.00017,0.00008,0.00036
32.70400,0.12794,0.96322,0.00027,0.00053,0.01503,0.00002,0.02024,0.00011,0.00004,0.00053
32.73600,0.12794,0.96079,0.00029,0.00089,0.01497,0.00002,0.02234,0.00015,0.00008,0.00047
32.76800,0.12794,0.97028,0.00035,0.00109,0.00951,0.00003,0.01763,0.00028,0.00008,0.00076
32.80000,0.12794,0.97908,0.00025,0.00076,0.00601,0.00002,0.01282,0.00021,0.00005,0.00081
32.83200,0.12794,0.98192,0.00033,0.00124,0.00434,0.00003,0.01110,0.00032,0.00010,0.00063
32.86400,0.12794,0.98300,0.00029,0.00089,0.00459,0.00002,0.01035,0.00022,0.00007,0.00057
32.89600,0.12794,0.98609,0.00031,0.00072,0.00429,0.00002,0.00807,0.00012,0.00007,0.00031
32.92800,0.12794,0.98657,0.00052,0.00089,0.00460,0.00002,0.00684,0.00013,0.00009,0.00034
32.96000,0.12794,0.98349,0.00076,0.00091,0.00655,0.00003,0.00760,0.00013,0.00010,0.00042
32.99200,0.12794,0.98400,0.00086,0.00087,0.00631,0.00003,0.00716,0.00014,0.00009,0.00053
33.02400,0.12794,0.97265,0.00127,0.00131,0.01119,0.00005,0.01230,0.00025,0.00013,0.00084
33.05600,0.12794,0.97964,0.00142,0.00175,0.00607,0.00007,0.00914,0.00052,0.00023,0.00117
33.08800,0.12794,0.98155,0.00176,0.00291,0.00443,0.00012,0.00589,0.00078,0.00046,0.00212
33.12000,0.12794,0.98139,0.00241,0.00315,0.00438,0.00014,0.00510,0.00083,0.00057,0.00202
33.15200,0.12794,0.97328,0.00643,0.00434,0.00488,0.00020,0.00410,0.00169,0.00088,0.00420
33.18400,0.12794,0.92923,0.02780,0.00900,0.01367,0.00040,0.00744,0.00465,0.00195,0.00587
33.21600,0.12794,0.82430,0.12405,0.01252,0.01322,0.00048,0.00602,0.01158,0.00318,0.00465
33.24800,0.12794,0.58314,0.32717,0.02627,0.01151,0.00088,0.00514,0.03122,0.01065,0.00402
33.28000,0.12794,0.86458,0.08884,0.01393,0.00816,0.00041,0.00636,0.01195,0.00369,0.00208
33.31200,0.12794,0.96582,0.01410,0.00471,0.00497,0.00012,0.00603,0.00255,0.00106,0.00063
33.34400,0.12794,0.98209,0.00067,0.00069,0.00571,0.00002,0.01003,0.00023,0.00006,0.00051
33.37600,0.12794,0.98293,0.00011,0.00026,0.00439,0.00001,0.01196,0.00007,0.00001,0.00027
33.40800,0.12794,0.96970,0.00008,0.00026,0.00947,0.00001,0.02003,0.00005,0.00001,0.00040
33.44000,0.12794,0.97125,0.00008,0.00036,0.00896,0.00001,0.01874,0.00006,0.00002,0.00052
33.47200,0.12794,0.96941,0.00028,0.00124,0.01064,0.00002,0.01749,0.00014,0.00011,0.00067
33.50400,0.12794,0.96651,0.00048,0.00229,0.01348,0.00005,0.01529,0.00021,0.00025,0.00144
33.53600,0.12794,0.98899,0.00058,0.00327,0.00168,0.00004,0.00284,0.00048,0.00055,0.00156
33.56800,0.12794,0.99048,0.00054,0.00302,0.00091,0.00004,0.00159,0.00054,0.00047,0.00241
33.60000,0.12794,0.99319,0.00041,0.00167,0.00074,0.00003,0.00165,0.00054,0.00022,0.00154
33.63200,0.12794,0.99401,0.00038,0.00107,0.00081,0.00002,0.00205,0.00045,0.00013,0.00108
33.66400,0.12794,0.98185,0.00045,0.00058,0.00625,0.00002,0.00940,0.00021,0.00004,0.00119
33.69600,0.12794,0.96128,0.00055,0.00042,0.01760,0.00002,0.01874,0.00015,0.00003,0.00121
33.72800,0.12794,0.96122,0.00060,0.00045,0.01733,0.00002,0.01930,0.00016,0.00003,0.00089
33.76000,0.12794,0.97121,0.00023,0.00024,0.01142,0.00001,0.01613,0.00008,0.00001,0.00067
33.79200,0.12794,0.97497,0.00015,0.00025,0.00815,0.00001,0.01602,0.00007,0.00001,0.00037
33.82400,0.12794,0.97407,0.00009,0.00030,0.00692,0.00001,0.01832,0.00006,0.00002,0.00022
33.85600,0.12794,0.97551,0.00005,0.00020,0.00646,0.00000,0.01746,0.00004,0.00001,0.00027
33.88800,0.12794,0.97947,0.00009,0.00031,0.00550,0.00001,0.01435,0.00006,0.00002,0.00019
33.92000,0.12794,0.97900,0.00008,0.00026,0.00631,0.00001,0.01399,0.00005,0.00001,0.00029
33.95200,0.12794,0.98442,0.00007,0.00023,0.00466,0.00001,0.01020,0.00004,0.00001,0.00037
33.98400,0.12794,0.98704,0.00015,0.00058,0.00328,0.00001,0.00855,0.00010,0.00004,0.00023
34.01600,0.12794,0.98661,0.00017,0.00102,0.00322,0.00002,0.00829,0.00018,0.00008,0.00042
34.04800,0.12794,0.98526,0.00046,0.00349,0.00249,0.00004,0.00699,0.00051,0.00051,0.00025
34.08000,0.12794,0.98463,0.00040,0.00296,0.00295,0.00004,0.00792,0.00042,0.00040,0.00028
34.11200,0.12794,0.98489,0.00025,0.00182,0.00324,0.00003,0.00905,0.00026,0.00020,0.00026
34.14400,0.12794,0.98348,0.00012,0.00079,0.00393,0.00001,0.01125,0.00011,0.00006,0.00024
34.17600,0.12794,0.97677,0.00015,0.00076,0.00648,0.00002,0.01530,0.00013,0.00005,0.00036
34.20800,0.12794,0.96687,0.00026,0.00137,0.01058,0.00003,0.02007,0.00022,0.00012,0.00049
34.24000,0.12794,0.95831,0.00053,0.00302,0.01413,0.00006,0.02247,0.00048,0.00034,0.00067
34.27200,0.12794,0.95478,0.00166,0.00561,0.01680,0.00011,0.01852,0.00081,0.00113,0.00058
34.30400,0.12794,0.96872,0.00156,0.00393,0.01109,0.00008,0.01280,0.00060,0.00074,0.00047
34.33600,0.12794,0.97862,0.00143,0.00295,0.00629,0.00005,0.00920,0.00055,0.00063,0.00027
34.36800,0.12794,0.98637,0.00087,0.00150,0.00404,0.00003,0.00649,0.00025,0.00027,0.00019
34.40000,0.12794,0.98351,0.00059,0.00126,0.00568,0.00003,0.00813,0.00023,0.00016,0.00042
34.43200,0.12794,0.98464,0.00080,0.00140,0.00545,0.00003,0.00681,0.00022,0.00023,0.00043
34.46400,0.12794,0.98040,0.00117,0.00146,0.00844,0.00004,0.00738,0.00020,0.00021,0.00071
34.49600,0.12794,0.98201,0.00179,0.00224,0.00718,0.00006,0.00541,0.00024,0.00045,0.00063
34.52800,0.12794,0.97995,0.00201,0.00233,0.00792,0.00006,0.00647,0.00028,0.00046,0.00051
34.56000,0.12794,0.97269,0.00214,0.00335,0.01062,0.00009,0.00934,0.00047,0.00068,0.00062
34.59200,0.12794,0.97121,0.00280,0.00373,0.00996,0.00011,0.00999,0.00071,0.00084,0.00065
34.62400,0.12794,0.96259,0.00213,0.00278,0.01394,0.00009,0.01641,0.00077,0.00049,0.00079
34.65600,0.12794,0.97667,0.00146,0.00231,0.00690,0.00007,0.01111,0.00059,0.00051,0.00039
34.68800,0.12794,0.98301,0.00123,0.00161,0.00474,0.00005,0.00823,0.00046,0.00031,0.00035
34.72000,0.12794,0.98970,0.00082,0.00111,0.00230,0.00003,0.00521,0.00034,0.00021,0.00029
34.75200,0.12794,0.99077,0.00041,0.00056,0.00241,0.00002,0.00518,0.00017,0.00006,0.00041
34.78400,0.12794,0.99097,0.00032,0.00042,0.00231,0.00001,0.00537,0.00014,0.00004,0.00041
34.81600,0.12794,0.99140,0.00018,0.00024,0.00233,0.00001,0.00542,0.00007,0.00002,0.00036
34.84800,0.12794,0.99011,0.00010,0.00020,0.00244,0.00000,0.00686,0.00005,0.00001,0.00022
34.88000,0.12794,0.98931,0.00009,0.00027,0.00233,0.00001,0.00777,0.00006,0.00002,0.00016
34.91200,0.12794,0.98950,0.00014,0.00042,0.00228,0.00001,0.00738,0.00009,0.00003,0.00016
34.94400,0.12794,0.98765,0.00006,0.00032,0.00220,0.00000,0.00953,0.00007,0.00002,0.00015
34.97600,0.12794,0.98898,0.00006,0.00024,0.00229,0.00000,0.00814,0.00005,0.00001,0.00022
35.00800,0.12794,0.99042,0.00009,0.00024,0.00209,0.00001,0.00684,0.00006,0.00001,0.00024
35.04000,0.12794,0.98465,0.00018,0.00039,0.00457,0.00001,0.00973,0.00008,0.00002,0.00037
35.07200,0.12794,0.97964,0.00105,0.00152,0.00671,0.00004,0.00998,0.00036,0.00020,0.00051
35.10400,0.12794,0.97317,0.00203,0.00296,0.00846,0.00008,0.01152,0.00069,0.00052,0.00056
35.13600,0.12794,0.97136,0.00347,0.00433,0.00746,0.00011,0.01055,0.00117,0.00103,0.00051
35.16800,0.12794,0.98318,0.00070,0.00125,0.00480,0.00003,0.00911,0.00033,0.00015,0.00044
35.20000,0.12794,0.98832,0.00021,0.00049,0.00296,0.00001,0.00766,0.00010,0.00004,0.00021
35.23200,0.12794,0.99118,0.00010,0.00022,0.00232,0.00001,0.00594,0.00004,0.00001,0.00019
35.26400,0.12794,0.99453,0.00010,0.00025,0.00128,0.00001,0.00360,0.00004,0.00002,0.00018
35.29600,0.12794,0.99560,0.00029,0.00079,0.00072,0.00002,0.00213,0.00015,0.00011,0.00019
35.32800,0.12794,0.99566,0.00047,0.00117,0.00055,0.00003,0.00128,0.00023,0.00020,0.00041
35.36000,0.12794,0.98857,0.00192,0.00409,0.00094,0.00013,0.00149,0.00088,0.00134,0.00065
35.39200,0.12794,0.98422,0.00172,0.00561,0.00199,0.00015,0.00255,0.00105,0.00146,0.00125
35.42400,0.12794,0.98124,0.00165,0.00468,0.00439,0.00015,0.00482,0.00081,0.00107,0.00119
35.45600,0.12794,0.97396,0.00180,0.00456,0.00790,0.00014,0.00882,0.00088,0.00092,0.00102
35.48800,0.12794,0.97179,0.00170,0.00352,0.00871,0.00009,0.01177,0.00089,0.00063,0.00089
35.52000,0.12794,0.96427,0.00169,0.00196,0.01356,0.00007,0.01664,0.00057,0.00030,0.00093
35.55200,0.12794,0.97107,0.00114,0.00162,0.01003,0.00004,0.01479,0.00045,0.00023,0.00063
35.58400,0.12794,0.97800,0.00043,0.00076,0.00675,0.00002,0.01312,0.00022,0.00007,0.00063
35.61600,0.12794,0.98032,0.00016,0.00058,0.00497,0.00001,0.01344,0.00013,0.00004,0.00034
35.64800,0.12794,0.98728,0.00013,0.00036,0.00295,0.00001,0.00890,0.00008,0.00002,0.00027
