Time (seconds), Duration (seconds),pred_unlabeled,pred_down,pred_bottom left,pred_bottom right,pred_left,pred_right,pred_top,pred_top left,pred_top right
0.00000,0.12794,0.99232,0.00000,0.00001,0.00034,0.00000,0.00731,0.00000,0.00000,0.00003
0.03200,0.12794,0.99601,0.00000,0.00002,0.00029,0.00000,0.00364,0.00000,0.00000,0.00004
0.06400,0.12794,0.99702,0.00001,0.00008,0.00036,0.00000,0.00248,0.00001,0.00000,0.00005
0.09600,0.12794,0.99704,0.00007,0.00023,0.00055,0.00000,0.00197,0.00003,0.00002,0.00009
0.12800,0.12794,0.99536,0.00076,0.00062,0.00084,0.00001,0.00196,0.00018,0.00011,0.00015
0.16000,0.12794,0.99212,0.00043,0.00081,0.00173,0.00002,0.00446,0.00016,0.00011,0.00016
0.19200,0.12794,0.98994,0.00031,0.00057,0.00242,0.00001,0.00638,0.00012,0.00006,0.00019
0.22400,0.12794,0.98362,0.00065,0.00082,0.00468,0.00003,0.00953,0.00023,0.00010,0.00033
0.25600,0.12794,0.97840,0.00088,0.00109,0.00753,0.00006,0.01103,0.00027,0.00014,0.00061
0.28800,0.12794,0.97649,0.00138,0.00158,0.00818,0.00009,0.01076,0.00044,0.00024,0.00084
0.32000,0.12794,0.98538,0.00131,0.00213,0.00278,0.00011,0.00565,0.00094,0.00034,0.00137
0.35200,0.12794,0.98989,0.00081,0.00202,0.00092,0.00007,0.00331,0.00131,0.00029,0.00137
0.38400,0.12794,0.99072,0.00093,0.00199,0.00054,0.00006,0.00229,0.00181,0.00031,0.00135
0.41600,0.12794,0.98849,0.00203,0.00208,0.00045,0.00007,0.00187,0.00322,0.00038,0.00142
0.44800,0.12794,0.98806,0.00304,0.00180,0.00111,0.00006,0.00281,0.00181,0.00037,0.00093
0.48000,0.12794,0.98403,0.00280,0.00280,0.00300,0.00010,0.00467,0.00114,0.00063,0.00082
0.51200,0.12794,0.97997,0.00410,0.00401,0.00340,0.00014,0.00494,0.00151,0.00106,0.00087
0.54400,0.12794,0.97822,0.00475,0.00499,0.00273,0.00018,0.00397,0.00238,0.00160,0.00119
0.57600,0.12794,0.97057,0.00763,0.00753,0.00185,0.00030,0.00297,0.00463,0.00319,0.00133
0.60800,0.12794,0.96842,0.01284,0.00511,0.00136,0.00022,0.00240,0.00607,0.00197,0.00162
0.64000,0.12794,0.97392,0.01079,0.00353,0.00200,0.00018,0.00310,0.00374,0.00111,0.00163
0.67200,0.12794,0.96817,0.01407,0.00376,0.00416,0.00022,0.00453,0.00254,0.00107,0.00148
0.70400,0.12794,0.97063,0.00986,0.00305,0.00565,0.00016,0.00664,0.00191,0.00067,0.00141
0.73600,0.12794,0.97418,0.00748,0.00252,0.00597,0.00014,0.00686,0.00124,0.00055,0.00105
0.76800,0.12794,0.98091,0.00279,0.00176,0.00532,0.00008,0.00752,0.00067,0.00032,0.00064
0.80000,0.12794,0.98246,0.00099,0.00101,0.00501,0.00003,0.00953,0.00038,0.00013,0.00045
0.83200,0.12794,0.97675,0.00050,0.00087,0.00734,0.00002,0.01379,0.00024,0.00009,0.00039
0.86400,0.12794,0.97316,0.00024,0.00054,0.00852,0.00001,0.01695,0.00014,0.00004,0.00040
0.89600,0.12794,0.97826,0.00018,0.00048,0.00618,0.00001,0.01442,0.00012,0.00003,0.00032
0.92800,0.12794,0.97717,0.00014,0.00040,0.00692,0.00001,0.01488,0.00009,0.00002,0.00036
0.96000,0.12794,0.98409,0.00013,0.00033,0.00404,0.00001,0.01103,0.00009,0.00002,0.00026
0.99200,0.12794,0.98560,0.00011,0.00042,0.00339,0.00001,0.01012,0.00009,0.00003,0.00025
1.02400,0.12794,0.98242,0.00011,0.00107,0.00406,0.00004,0.01185,0.00008,0.00008,0.00029
1.05600,0.12794,0.98722,0.00013,0.00082,0.00246,0.00003,0.00864,0.00013,0.00004,0.00053
1.08800,0.12794,0.97981,0.00016,0.00152,0.00471,0.00008,0.01281,0.00014,0.00009,0.00068
1.12000,0.12794,0.96987,0.00023,0.00189,0.00834,0.00010,0.01853,0.00016,0.00013,0.00076
1.15200,0.12794,0.96772,0.00034,0.00091,0.01001,0.00003,0.01979,0.00024,0.00005,0.00090
1.18400,0.12794,0.95598,0.00032,0.00116,0.01569,0.00005,0.02590,0.00017,0.00009,0.00064
1.21600,0.12794,0.97856,0.00016,0.00061,0.00544,0.00002,0.01469,0.00011,0.00003,0.00038
1.24800,0.12794,0.97906,0.00018,0.00081,0.00496,0.00002,0.01444,0.00014,0.00005,0.00034
1.28000,0.12794,0.97030,0.00020,0.00110,0.00888,0.00003,0.01879,0.00013,0.00008,0.00048
1.31200,0.12794,0.95124,0.00029,0.00193,0.01689,0.00006,0.02867,0.00019,0.00017,0.00057
1.34400,0.12794,0.93399,0.00051,0.00195,0.02881,0.00007,0.03339,0.00022,0.00019,0.00086
1.37600,0.12794,0.94355,0.00049,0.00104,0.02568,0.00004,0.02798,0.00019,0.00009,0.00093
1.40800,0.12794,0.97791,0.00022,0.00054,0.00685,0.00001,0.01391,0.00012,0.00004,0.00039
1.44000,0.12794,0.97193,0.00020,0.00046,0.00962,0.00001,0.01712,0.00011,0.00003,0.00052
1.47200,0.12794,0.93928,0.00046,0.00096,0.02619,0.00003,0.03203,0.00024,0.00008,0.00074
1.50400,0.12794,0.87690,0.00085,0.00198,0.06620,0.00008,0.05219,0.00035,0.00020,0.00125
1.53600,0.12794,0.78996,0.00120,0.00297,0.13154,0.00014,0.07190,0.00039,0.00038,0.00152
1.56800,0.12794,0.88036,0.00070,0.00178,0.06385,0.00007,0.05181,0.00026,0.00019,0.00099
1.60000,0.12794,0.93104,0.00021,0.00073,0.02827,0.00002,0.03900,0.00012,0.00005,0.00057
1.63200,0.12794,0.95848,0.00016,0.00040,0.01523,0.00001,0.02481,0.00011,0.00002,0.00078
1.66400,0.12794,0.96622,0.00072,0.00089,0.01160,0.00002,0.01831,0.00065,0.00006,0.00154
1.69600,0.12794,0.94540,0.00432,0.00444,0.01956,0.00013,0.01887,0.00303,0.00067,0.00359
1.72800,0.12794,0.87907,0.03342,0.01993,0.01961,0.00085,0.01403,0.01883,0.00698,0.00728
1.76000,0.12794,0.75596,0.06796,0.06017,0.01308,0.00389,0.00949,0.04134,0.04222,0.00588
1.79200,0.12794,0.79608,0.05518,0.05365,0.01405,0.00487,0.01015,0.02663,0.03247,0.00691
1.82400,0.12794,0.87388,0.04255,0.02452,0.01074,0.00227,0.00915,0.01958,0.01028,0.00703
1.85600,0.12794,0.90642,0.02087,0.01937,0.01780,0.00172,0.01277,0.00890,0.00594,0.00621
1.88800,0.12794,0.88508,0.02327,0.02452,0.02853,0.00173,0.01718,0.00719,0.00620,0.00630
1.92000,0.12794,0.83287,0.04195,0.04837,0.02555,0.00361,0.01288,0.01050,0.01800,0.00627
1.95200,0.12794,0.65107,0.06425,0.13977,0.01532,0.01010,0.00787,0.02243,0.08377,0.00542
1.98400,0.12794,0.67254,0.08840,0.09289,0.00465,0.00958,0.00294,0.04252,0.07446,0.01203
2.01600,0.12794,0.72924,0.06847,0.04576,0.00182,0.00690,0.00150,0.06966,0.05363,0.02301
2.04800,0.12794,0.73657,0.07319,0.02363,0.00270,0.00531,0.00176,0.07232,0.02526,0.05927
2.08000,0.12794,0.73254,0.08737,0.01542,0.00381,0.00445,0.00193,0.05631,0.01768,0.08049
2.11200,0.12794,0.70210,0.14089,0.01777,0.00763,0.00448,0.00307,0.04763,0.01690,0.05952
2.14400,0.12794,0.70991,0.16238,0.02316,0.01701,0.00447,0.00564,0.02816,0.01764,0.03163
2.17600,0.12794,0.79176,0.13088,0.01897,0.01011,0.00255,0.00474,0.01790,0.01351,0.00958
2.20800,0.12794,0.89964,0.06045,0.00951,0.00679,0.00088,0.00462,0.00859,0.00474,0.00478
2.24000,0.12794,0.94525,0.02624,0.00586,0.00713,0.00040,0.00591,0.00442,0.00238,0.00240
2.27200,0.12794,0.96096,0.01726,0.00421,0.00528,0.00023,0.00597,0.00322,0.00146,0.00142
2.30400,0.12794,0.96797,0.00768,0.00333,0.00748,0.00016,0.00930,0.00197,0.00084,0.00127
2.33600,0.12794,0.96467,0.00935,0.00463,0.00722,0.00018,0.00857,0.00280,0.00149,0.00109
2.36800,0.12794,0.96450,0.00839,0.00704,0.00523,0.00025,0.00667,0.00394,0.00290,0.00108
2.40000,0.12794,0.96494,0.01135,0.00649,0.00233,0.00023,0.00347,0.00688,0.00313,0.00119
2.43200,0.12794,0.94744,0.01687,0.01091,0.00157,0.00038,0.00221,0.01187,0.00739,0.00136
2.46400,0.12794,0.94203,0.01410,0.01527,0.00183,0.00052,0.00248,0.01279,0.00942,0.00156
2.49600,0.12794,0.91716,0.01407,0.02256,0.00134,0.00053,0.00205,0.02468,0.01634,0.00126
2.52800,0.12794,0.86911,0.01962,0.04163,0.00400,0.00097,0.00390,0.02963,0.02918,0.00194
2.56000,0.12794,0.84386,0.02179,0.05092,0.00821,0.00112,0.00705,0.03518,0.02905,0.00282
2.59200,0.12794,0.88053,0.01732,0.02984,0.02212,0.00069,0.01456,0.01903,0.01156,0.00436
2.62400,0.12794,0.89595,0.01833,0.01491,0.03370,0.00055,0.01862,0.00782,0.00432,0.00580
2.65600,0.12794,0.91402,0.01185,0.00902,0.03317,0.00036,0.02041,0.00411,0.00213,0.00493
2.68800,0.12794,0.93782,0.00527,0.00455,0.02552,0.00016,0.02028,0.00217,0.00089,0.00335
2.72000,0.12794,0.94917,0.00333,0.00350,0.01919,0.00011,0.01988,0.00167,0.00056,0.00259
2.75200,0.12794,0.97047,0.00239,0.00467,0.00580,0.00009,0.01068,0.00352,0.00101,0.00137
2.78400,0.12794,0.97658,0.00103,0.00668,0.00228,0.00009,0.00638,0.00455,0.00151,0.00090
2.81600,0.12794,0.98095,0.00070,0.00705,0.00084,0.00008,0.00305,0.00496,0.00170,0.00067
2.84800,0.12794,0.97742,0.00090,0.00944,0.00047,0.00011,0.00184,0.00612,0.00322,0.00046
2.88000,0.12794,0.98120,0.00100,0.00617,0.00249,0.00012,0.00491,0.00200,0.00125,0.00087
2.91200,0.12794,0.98360,0.00156,0.00310,0.00331,0.00008,0.00578,0.00124,0.00060,0.00074
2.94400,0.12794,0.97295,0.00254,0.00284,0.00846,0.00009,0.01058,0.00108,0.00052,0.00094
2.97600,0.12794,0.97495,0.00170,0.00160,0.00958,0.00006,0.01060,0.00051,0.00023,0.00077
3.00800,0.12794,0.97695,0.00149,0.00163,0.00809,0.00005,0.01046,0.00049,0.00024,0.00057
3.04000,0.12794,0.98005,0.00102,0.00125,0.00691,0.00003,0.00980,0.00036,0.00017,0.00041
3.07200,0.12794,0.98542,0.00116,0.00115,0.00442,0.00004,0.00702,0.00034,0.00019,0.00028
3.10400,0.12794,0.98945,0.00115,0.00110,0.00231,0.00003,0.00509,0.00043,0.00021,0.00024
3.13600,0.12794,0.99125,0.00096,0.00074,0.00203,0.00002,0.00426,0.00031,0.00011,0.00031
3.16800,0.12794,0.98957,0.00113,0.00080,0.00262,0.00003,0.00505,0.00034,0.00013,0.00034
3.20000,0.12794,0.98675,0.00121,0.00056,0.00448,0.00002,0.00608,0.00025,0.00006,0.00059
3.23200,0.12794,0.97688,0.00156,0.00070,0.01065,0.00003,0.00909,0.00023,0.00007,0.00080
3.26400,0.12794,0.96826,0.00158,0.00072,0.01653,0.00003,0.01149,0.00022,0.00006,0.00112
3.29600,0.12794,0.96252,0.00194,0.00085,0.02062,0.00003,0.01233,0.00024,0.00007,0.00141
3.32800,0.12794,0.97825,0.00218,0.00108,0.00921,0.00003,0.00795,0.00034,0.00014,0.00082
3.36000,0.12794,0.97738,0.00260,0.00128,0.00871,0.00005,0.00829,0.00046,0.00019,0.00103
3.39200,0.12794,0.98589,0.00342,0.00139,0.00344,0.00005,0.00418,0.00057,0.00030,0.00075
3.42400,0.12794,0.98912,0.00327,0.00093,0.00227,0.00004,0.00283,0.00046,0.00016,0.00091
3.45600,0.12794,0.98914,0.00255,0.00142,0.00186,0.00006,0.00303,0.00072,0.00027,0.00094
3.48800,0.12794,0.99130,0.00171,0.00126,0.00129,0.00005,0.00259,0.00073,0.00022,0.00086
3.52000,0.12794,0.98919,0.00238,0.00162,0.00145,0.00006,0.00305,0.00112,0.00033,0.00080
3.55200,0.12794,0.98622,0.00415,0.00285,0.00118,0.00009,0.00240,0.00164,0.00091,0.00057
3.58400,0.12794,0.98385,0.00500,0.00338,0.00152,0.00012,0.00245,0.00179,0.00090,0.00099
3.61600,0.12794,0.97556,0.00771,0.00611,0.00195,0.00022,0.00247,0.00246,0.00211,0.00142
3.64800,0.12794,0.97058,0.00749,0.00854,0.00219,0.00030,0.00268,0.00316,0.00329,0.00176
3.68000,0.12794,0.97662,0.00408,0.00632,0.00220,0.00025,0.00312,0.00277,0.00155,0.00310
3.71200,0.12794,0.98179,0.00302,0.00379,0.00265,0.00016,0.00397,0.00161,0.00083,0.00217
3.74400,0.12794,0.98149,0.00307,0.00400,0.00235,0.00018,0.00430,0.00180,0.00080,0.00203
3.77600,0.12794,0.96897,0.00673,0.00704,0.00381,0.00039,0.00539,0.00252,0.00151,0.00363
3.80800,0.12794,0.94638,0.01490,0.01478,0.00365,0.00088,0.00469,0.00564,0.00498,0.00408
3.84000,0.12794,0.90488,0.04011,0.01912,0.00232,0.00136,0.00297,0.01454,0.00756,0.00714
3.87200,0.12794,0.85798,0.07232,0.02455,0.00467,0.00153,0.00440,0.01680,0.01084,0.00691
3.90400,0.12794,0.88451,0.06896,0.01315,0.00520,0.00089,0.00447,0.01289,0.00487,0.00506
3.93600,0.12794,0.92927,0.03755,0.00670,0.00998,0.00043,0.00673,0.00378,0.00177,0.00379
3.96800,0.12794,0.93814,0.01805,0.00413,0.02356,0.00026,0.01174,0.00118,0.00085,0.00210
4.00000,0.12794,0.95548,0.01079,0.00186,0.01890,0.00014,0.00967,0.00079,0.00031,0.00207
4.03200,0.12794,0.96297,0.00509,0.00180,0.01581,0.00009,0.01167,0.00068,0.00027,0.00163
4.06400,0.12794,0.97081,0.00462,0.00171,0.01093,0.00007,0.00993,0.00074,0.00029,0.00090
4.09600,0.12794,0.96679,0.00675,0.00265,0.01109,0.00011,0.00978,0.00116,0.00061,0.00106
4.12800,0.12794,0.97937,0.00391,0.00251,0.00574,0.00009,0.00642,0.00077,0.00059,0.00059
4.16000,0.12794,0.98155,0.00324,0.00190,0.00599,0.00009,0.00569,0.00053,0.00042,0.00059
4.19200,0.12794,0.98202,0.00356,0.00164,0.00593,0.00008,0.00524,0.00053,0.00035,0.00065
4.22400,0.12794,0.98747,0.00140,0.00092,0.00442,0.00004,0.00487,0.00026,0.00015,0.00047
4.25600,0.12794,0.98028,0.00183,0.00118,0.00732,0.00004,0.00799,0.00052,0.00018,0.00066
4.28800,0.12794,0.95904,0.00494,0.00286,0.01720,0.00011,0.01241,0.00122,0.00051,0.00172
4.32000,0.12794,0.89964,0.01074,0.00663,0.04879,0.00025,0.02654,0.00277,0.00139,0.00325
4.35200,0.12794,0.85106,0.02008,0.01234,0.06880,0.00043,0.03344,0.00583,0.00362,0.00440
4.38400,0.12794,0.86552,0.02152,0.00952,0.06473,0.00042,0.02857,0.00351,0.00291,0.00331
4.41600,0.12794,0.94730,0.00402,0.00306,0.02324,0.00010,0.01933,0.00105,0.00067,0.00123
4.44800,0.12794,0.97554,0.00140,0.00135,0.00978,0.00005,0.01063,0.00037,0.00023,0.00066
4.48000,0.12794,0.98379,0.00107,0.00078,0.00610,0.00003,0.00722,0.00025,0.00010,0.00067
4.51200,0.12794,0.98596,0.00067,0.00086,0.00470,0.00003,0.00694,0.00021,0.00011,0.00051
4.54400,0.12794,0.98315,0.00107,0.00108,0.00544,0.00004,0.00819,0.00035,0.00016,0.00052
4.57600,0.12794,0.98313,0.00100,0.00098,0.00499,0.00003,0.00882,0.00040,0.00014,0.00051
4.60800,0.12794,0.98441,0.00140,0.00138,0.00430,0.00004,0.00754,0.00040,0.00028,0.00024
4.64000,0.12794,0.98437,0.00183,0.00126,0.00465,0.00004,0.00699,0.00036,0.00022,0.00028
4.67200,0.12794,0.98084,0.00245,0.00172,0.00592,0.00006,0.00792,0.00044,0.00039,0.00026
4.70400,0.12794,0.97874,0.00327,0.00213,0.00641,0.00008,0.00804,0.00053,0.00056,0.00025
4.73600,0.12794,0.97695,0.00199,0.00142,0.00785,0.00005,0.01055,0.00049,0.00023,0.00048
4.76800,0.12794,0.97689,0.00232,0.00198,0.00614,0.00006,0.01084,0.00089,0.00044,0.00045
4.80000,0.12794,0.98101,0.00209,0.00156,0.00478,0.00006,0.00871,0.00077,0.00024,0.00078
4.83200,0.12794,0.97182,0.00335,0.00253,0.00778,0.00010,0.01166,0.00109,0.00044,0.00122
4.86400,0.12794,0.97259,0.00375,0.00281,0.00805,0.00010,0.01031,0.00089,0.00058,0.00093
4.89600,0.12794,0.97616,0.00273,0.00204,0.00815,0.00007,0.00913,0.00049,0.00034,0.00088
4.92800,0.12794,0.97659,0.00212,0.00155,0.00925,0.00005,0.00910,0.00033,0.00024,0.00076
4.96000,0.12794,0.97945,0.00098,0.00099,0.00780,0.00004,0.00953,0.00019,0.00012,0.00091
4.99200,0.12794,0.94914,0.00025,0.00117,0.01583,0.00006,0.02997,0.00012,0.00012,0.00335
5.02400,0.12794,0.83153,0.00005,0.00085,0.05657,0.00003,0.09585,0.00005,0.00007,0.01500
5.05600,0.12794,0.65829,0.00001,0.00063,0.08592,0.00002,0.22692,0.00001,0.00006,0.02815
5.08800,0.12794,0.40449,0.00000,0.00037,0.04019,0.00001,0.53288,0.00000,0.00002,0.02204
5.12000,0.12794,0.28774,0.00000,0.00019,0.06186,0.00000,0.63699,0.00000,0.00001,0.01321
5.15200,0.12794,0.30974,0.00000,0.00016,0.08338,0.00000,0.58985,0.00000,0.00000,0.01687
5.18400,0.12794,0.33808,0.00000,0.00009,0.09693,0.00000,0.54537,0.00000,0.00000,0.01952
5.21600,0.12794,0.33214,0.00000,0.00005,0.22923,0.00000,0.41327,0.00000,0.00000,0.02531
5.24800,0.12794,0.45961,0.00000,0.00005,0.16798,0.00000,0.33125,0.00000,0.00000,0.04111
5.28000,0.12794,0.48324,0.00000,0.00006,0.09291,0.00000,0.40122,0.00000,0.00000,0.02257
5.31200,0.12794,0.44100,0.00000,0.00011,0.03610,0.00000,0.51160,0.00000,0.00000,0.01119
5.34400,0.12794,0.37630,0.00000,0.00015,0.01587,0.00000,0.60037,0.00000,0.00000,0.00730
5.37600,0.12794,0.27638,0.00000,0.00011,0.01075,0.00000,0.70836,0.00000,0.00000,0.00439
5.40800,0.12794,0.23428,0.00000,0.00009,0.01281,0.00000,0.74747,0.00000,0.00000,0.00535
5.44000,0.12794,0.25149,0.00000,0.00009,0.04199,0.00000,0.69480,0.00000,0.00000,0.01163
5.47200,0.12794,0.24144,0.00000,0.00007,0.12020,0.00000,0.61705,0.00000,0.00000,0.02123
5.50400,0.12794,0.23264,0.00000,0.00011,0.18287,0.00000,0.55283,0.00000,0.00000,0.03155
5.53600,0.12794,0.22500,0.00000,0.00012,0.16282,0.00000,0.58132,0.00000,0.00000,0.03073
5.56800,0.12794,0.22223,0.00000,0.00020,0.11591,0.00001,0.63494,0.00000,0.00000,0.02671
5.60000,0.12794,0.21819,0.00000,0.00021,0.14558,0.00001,0.60301,0.00000,0.00000,0.03299
5.63200,0.12794,0.23173,0.00000,0.00014,0.09666,0.00001,0.64295,0.00000,0.00000,0.02850
5.66400,0.12794,0.21853,0.00000,0.00011,0.11417,0.00000,0.63418,0.00000,0.00000,0.03300
5.69600,0.12794,0.14098,0.00000,0.00004,0.26686,0.00000,0.56120,0.00000,0.00000,0.03092
5.72800,0.12794,0.14422,0.00000,0.00003,0.25113,0.00000,0.58335,0.00000,0.00000,0.02126
5.76000,0.12794,0.14132,0.00000,0.00003,0.31406,0.00000,0.52671,0.00000,0.00000,0.01788
5.79200,0.12794,0.13562,0.00000,0.00005,0.24139,0.00000,0.60988,0.00000,0.00000,0.01307
5.82400,0.12794,0.22583,0.00000,0.00018,0.04007,0.00000,0.71254,0.00000,0.00000,0.02137
5.85600,0.12794,0.18440,0.00000,0.00034,0.01285,0.00001,0.78779,0.00000,0.00000,0.01460
5.88800,0.12794,0.14461,0.00000,0.00022,0.00622,0.00001,0.83916,0.00000,0.00000,0.00979
5.92000,0.12794,0.14436,0.00000,0.00013,0.01032,0.00000,0.83639,0.00000,0.00000,0.00880
5.95200,0.12794,0.12882,0.00000,0.00010,0.01858,0.00001,0.84655,0.00000,0.00000,0.00595
5.98400,0.12794,0.14424,0.00000,0.00009,0.04501,0.00001,0.80220,0.00000,0.00000,0.00844
6.01600,0.12794,0.13890,0.00000,0.00015,0.08225,0.00001,0.76667,0.00000,0.00000,0.01202
6.04800,0.12794,0.15305,0.00000,0.00037,0.02049,0.00005,0.81663,0.00000,0.00001,0.00940
6.08000,0.12794,0.12144,0.00000,0.00030,0.01204,0.00004,0.86200,0.00000,0.00000,0.00419
6.11200,0.12794,0.07320,0.00000,0.00035,0.00501,0.00002,0.91927,0.00000,0.00000,0.00215
6.14400,0.12794,0.05990,0.00000,0.00029,0.00537,0.00001,0.93234,0.00000,0.00000,0.00209
6.17600,0.12794,0.05564,0.00000,0.00018,0.01650,0.00000,0.92353,0.00000,0.00000,0.00414
6.20800,0.12794,0.07661,0.00000,0.00008,0.03939,0.00000,0.87182,0.00000,0.00000,0.01210
6.24000,0.12794,0.09725,0.00000,0.00005,0.11070,0.00000,0.77283,0.00000,0.00000,0.01917
6.27200,0.12794,0.07896,0.00000,0.00006,0.06106,0.00000,0.84916,0.00000,0.00000,0.01075
6.30400,0.12794,0.04415,0.00000,0.00006,0.04653,0.00000,0.90582,0.00000,0.00000,0.00344
6.33600,0.12794,0.03001,0.00000,0.00009,0.02861,0.00000,0.93924,0.00000,0.00000,0.00205
6.36800,0.12794,0.02319,0.00000,0.00009,0.01781,0.00000,0.95707,0.00000,0.00000,0.00184
6.40000,0.12794,0.02439,0.00000,0.00008,0.01606,0.00000,0.95743,0.00000,0.00000,0.00204
6.43200,0.12794,0.02984,0.00000,0.00009,0.01600,0.00000,0.95045,0.00000,0.00000,0.00362
6.46400,0.12794,0.02648,0.00000,0.00011,0.02177,0.00000,0.94886,0.00000,0.00000,0.00278
6.49600,0.12794,0.02177,0.00000,0.00009,0.01824,0.00000,0.95816,0.00000,0.00000,0.00175
6.52800,0.12794,0.01585,0.00000,0.00011,0.02617,0.00000,0.95676,0.00000,0.00000,0.00112
6.56000,0.12794,0.01225,0.00000,0.00008,0.02786,0.00000,0.95900,0.00000,0.00000,0.00082
6.59200,0.12794,0.00997,0.00000,0.00006,0.03346,0.00000,0.95547,0.00000,0.00000,0.00103
6.62400,0.12794,0.01025,0.00000,0.00005,0.04881,0.00000,0.93955,0.00000,0.00000,0.00134
6.65600,0.12794,0.01282,0.00000,0.00003,0.06431,0.00000,0.92071,0.00000,0.00000,0.00212
6.68800,0.12794,0.01298,0.00000,0.00003,0.09686,0.00000,0.88772,0.00000,0.00000,0.00240
6.72000,0.12794,0.01648,0.00000,0.00002,0.17646,0.00000,0.80366,0.00000,0.00000,0.00338
6.75200,0.12794,0.01823,0.00000,0.00002,0.19172,0.00000,0.78635,0.00000,0.00000,0.00368
6.78400,0.12794,0.01490,0.00000,0.00004,0.13607,0.00000,0.84677,0.00000,0.00000,0.00221
6.81600,0.12794,0.02286,0.00000,0.00008,0.06071,0.00000,0.91401,0.00000,0.00000,0.00235
6.84800,0.12794,0.02805,0.00000,0.00006,0.04250,0.00000,0.92727,0.00000,0.00000,0.00211
6.88000,0.12794,0.02955,0.00000,0.00006,0.04031,0.00000,0.92797,0.00000,0.00000,0.00211
6.91200,0.12794,0.06119,0.00000,0.00003,0.03994,0.00000,0.89430,0.00000,0.00000,0.00453
6.94400,0.12794,0.08626,0.00000,0.00002,0.11046,0.00000,0.79441,0.00000,0.00000,0.00886
6.97600,0.12794,0.09638,0.00000,0.00003,0.13205,0.00000,0.76026,0.00000,0.00000,0.01128
7.00800,0.12794,0.09610,0.00000,0.00007,0.05909,0.00000,0.83623,0.00000,0.00000,0.00852
7.04000,0.12794,0.08636,0.00000,0.00019,0.02509,0.00000,0.88151,0.00000,0.00000,0.00685
7.07200,0.12794,0.07122,0.00000,0.00048,0.00624,0.00002,0.91840,0.00000,0.00000,0.00363
7.10400,0.12794,0.06411,0.00000,0.00074,0.00257,0.00006,0.93010,0.00000,0.00000,0.00241
7.13600,0.12794,0.10656,0.00000,0.00069,0.00399,0.00010,0.88381,0.00000,0.00000,0.00486
7.16800,0.12794,0.12455,0.00000,0.00077,0.00573,0.00012,0.86311,0.00000,0.00000,0.00571
7.20000,0.12794,0.14382,0.00000,0.00057,0.00769,0.00008,0.84037,0.00000,0.00000,0.00747
7.23200,0.12794,0.14157,0.00000,0.00038,0.00769,0.00004,0.84220,0.00000,0.00000,0.00812
7.26400,0.12794,0.13227,0.00000,0.00047,0.01554,0.00004,0.84234,0.00000,0.00000,0.00932
7.29600,0.12794,0.11638,0.00000,0.00049,0.01086,0.00004,0.86440,0.00000,0.00000,0.00783
7.32800,0.12794,0.11377,0.00000,0.00086,0.00670,0.00008,0.87200,0.00000,0.00000,0.00659
7.36000,0.12794,0.11677,0.00000,0.00137,0.00617,0.00017,0.86846,0.00000,0.00000,0.00705
7.39200,0.12794,0.13012,0.00000,0.00063,0.00518,0.00008,0.85741,0.00000,0.00000,0.00657
7.42400,0.12794,0.13933,0.00000,0.00035,0.01090,0.00004,0.84083,0.00000,0.00000,0.00854
7.45600,0.12794,0.14620,0.00000,0.00009,0.02529,0.00001,0.82074,0.00000,0.00000,0.00767
7.48800,0.12794,0.18187,0.00000,0.00008,0.02491,0.00001,0.78654,0.00000,0.00000,0.00661
7.52000,0.12794,0.18913,0.00000,0.00008,0.03921,0.00000,0.76381,0.00000,0.00000,0.00776
7.55200,0.12794,0.18770,0.00000,0.00006,0.05349,0.00000,0.74988,0.00000,0.00000,0.00886
7.58400,0.12794,0.20948,0.00000,0.00018,0.04808,0.00001,0.72869,0.00000,0.00000,0.01356
7.61600,0.12794,0.16315,0.00000,0.00014,0.04735,0.00000,0.77395,0.00000,0.00000,0.01541
7.64800,0.12794,0.16001,0.00000,0.00022,0.03385,0.00001,0.79008,0.00000,0.00000,0.01582
7.68000,0.12794,0.16909,0.00000,0.00019,0.02352,0.00001,0.79231,0.00000,0.00000,0.01488
7.71200,0.12794,0.17697,0.00000,0.00008,0.04542,0.00000,0.75855,0.00000,0.00000,0.01897
7.74400,0.12794,0.17042,0.00000,0.00009,0.04368,0.00000,0.77077,0.00000,0.00000,0.01504
7.77600,0.12794,0.25401,0.00000,0.00011,0.07583,0.00001,0.63905,0.00000,0.00000,0.03097
7.80800,0.12794,0.33820,0.00000,0.00025,0.15980,0.00003,0.43325,0.00003,0.00001,0.06843
7.84000,0.12794,0.41920,0.00003,0.00057,0.16588,0.00007,0.29074,0.00013,0.00003,0.12336
7.87200,0.12794,0.44423,0.00018,0.00093,0.21810,0.00015,0.18443,0.00036,0.00006,0.15157
7.90400,0.12794,0.42942,0.00011,0.00110,0.20347,0.00016,0.26870,0.00012,0.00003,0.09688
7.93600,0.12794,0.32517,0.00002,0.00084,0.16009,0.00009,0.46547,0.00003,0.00001,0.04829
7.96800,0.12794,0.21311,0.00000,0.00044,0.08592,0.00004,0.68315,0.00001,0.00001,0.01733
8.00000,0.12794,0.15721,0.00000,0.00024,0.06544,0.00002,0.76371,0.00000,0.00000,0.01338
8.03200,0.12794,0.15397,0.00000,0.00016,0.07224,0.00001,0.75950,0.00000,0.00000,0.01412
8.06400,0.12794,0.18094,0.00000,0.00018,0.07930,0.00001,0.71818,0.00001,0.00001,0.02138
8.09600,0.12794,0.25509,0.00000,0.00029,0.15875,0.00002,0.53901,0.00003,0.00002,0.04679
8.12800,0.12794,0.29292,0.00000,0.00039,0.16999,0.00002,0.45658,0.00003,0.00002,0.08005
8.16000,0.12794,0.32124,0.00001,0.00044,0.16696,0.00002,0.39506,0.00003,0.00002,0.11622
8.19200,0.12794,0.34821,0.00000,0.00039,0.12385,0.00001,0.43283,0.00001,0.00001,0.09468
8.22400,0.12794,0.34773,0.00000,0.00030,0.11838,0.00001,0.43975,0.00000,0.00001,0.09382
8.25600,0.12794,0.30001,0.00000,0.00014,0.15352,0.00000,0.49509,0.00000,0.00000,0.05123
8.28800,0.12794,0.26104,0.00000,0.00009,0.20124,0.00000,0.49460,0.00000,0.00000,0.04303
8.32000,0.12794,0.22440,0.00000,0.00006,0.30822,0.00000,0.42363,0.00000,0.00000,0.04369
8.35200,0.12794,0.16128,0.00000,0.00003,0.34064,0.00000,0.47479,0.00000,0.00000,0.02326
8.38400,0.12794,0.17109,0.00000,0.00003,0.33219,0.00000,0.46839,0.00000,0.00000,0.02829
8.41600,0.12794,0.18810,0.00000,0.00002,0.19271,0.00000,0.60079,0.00000,0.00000,0.01837
8.44800,0.12794,0.18497,0.00000,0.00002,0.15007,0.00000,0.65019,0.00000,0.00000,0.01474
8.48000,0.12794,0.20934,0.00000,0.00003,0.07265,0.00000,0.70611,0.00000,0.00000,0.01186
8.51200,0.12794,0.19223,0.00000,0.00003,0.02663,0.00000,0.77487,0.00000,0.00000,0.00623
8.54400,0.12794,0.19068,0.00000,0.00003,0.01402,0.00000,0.79103,0.00000,0.00000,0.00424
8.57600,0.12794,0.19344,0.00000,0.00004,0.00914,0.00000,0.79380,0.00000,0.00000,0.00359
8.60800,0.12794,0.18259,0.00000,0.00004,0.00739,0.00000,0.80720,0.00000,0.00000,0.00278
8.64000,0.12794,0.20051,0.00000,0.00005,0.00757,0.00000,0.78875,0.00000,0.00000,0.00312
8.67200,0.12794,0.21381,0.00000,0.00005,0.01290,0.00000,0.76909,0.00000,0.00000,0.00414
8.70400,0.12794,0.21452,0.00000,0.00006,0.01192,0.00000,0.76947,0.00000,0.00000,0.00403
8.73600,0.12794,0.22218,0.00000,0.00006,0.01579,0.00000,0.75719,0.00000,0.00000,0.00478
8.76800,0.12794,0.22494,0.00000,0.00005,0.02507,0.00000,0.74406,0.00000,0.00000,0.00588
8.80000,0.12794,0.24831,0.00000,0.00010,0.01454,0.00000,0.73100,0.00000,0.00000,0.00605
8.83200,0.12794,0.25572,0.00000,0.00012,0.01677,0.00000,0.72030,0.00000,0.00000,0.00708
8.86400,0.12794,0.28145,0.00000,0.00021,0.01025,0.00001,0.70110,0.00000,0.00001,0.00696
8.89600,0.12794,0.30898,0.00000,0.00037,0.00972,0.00003,0.67223,0.00000,0.00002,0.00865
8.92800,0.12794,0.30556,0.00000,0.00024,0.01857,0.00001,0.66589,0.00000,0.00002,0.00971
8.96000,0.12794,0.30955,0.00000,0.00017,0.02664,0.00001,0.65378,0.00000,0.00001,0.00983
8.99200,0.12794,0.29935,0.00000,0.00011,0.05246,0.00000,0.63639,0.00000,0.00001,0.01169
9.02400,0.12794,0.26093,0.00000,0.00005,0.10302,0.00000,0.62420,0.00000,0.00001,0.01179
9.05600,0.12794,0.26364,0.00000,0.00005,0.11988,0.00000,0.60484,0.00000,0.00001,0.01158
9.08800,0.12794,0.27591,0.00000,0.00006,0.12023,0.00000,0.59211,0.00000,0.00001,0.01168
9.12000,0.12794,0.26699,0.00000,0.00005,0.13331,0.00000,0.58937,0.00000,0.00001,0.01027
9.15200,0.12794,0.26354,0.00000,0.00004,0.14941,0.00000,0.57770,0.00000,0.00000,0.00931
9.18400,0.12794,0.26250,0.00000,0.00004,0.14381,0.00000,0.58468,0.00000,0.00000,0.00895
9.21600,0.12794,0.25294,0.00000,0.00003,0.15309,0.00000,0.58576,0.00000,0.00000,0.00818
9.24800,0.12794,0.26204,0.00000,0.00004,0.12748,0.00000,0.60225,0.00000,0.00000,0.00820
9.28000,0.12794,0.29231,0.00000,0.00004,0.06953,0.00000,0.63149,0.00000,0.00000,0.00662
9.31200,0.12794,0.29943,0.00000,0.00003,0.06266,0.00000,0.63254,0.00000,0.00000,0.00534
9.34400,0.12794,0.32685,0.00000,0.00004,0.03432,0.00000,0.63524,0.00000,0.00000,0.00354
9.37600,0.12794,0.35227,0.00000,0.00004,0.04914,0.00000,0.59472,0.00000,0.00000,0.00383
9.40800,0.12794,0.42064,0.00000,0.00008,0.04463,0.00000,0.52989,0.00000,0.00001,0.00475
9.44000,0.12794,0.49486,0.00000,0.00019,0.04508,0.00000,0.45361,0.00000,0.00002,0.00624
9.47200,0.12794,0.41807,0.00000,0.00010,0.13533,0.00000,0.43681,0.00000,0.00001,0.00967
9.50400,0.12794,0.38867,0.00000,0.00008,0.19754,0.00000,0.40240,0.00000,0.00001,0.01130
9.53600,0.12794,0.27172,0.00000,0.00003,0.38319,0.00000,0.33436,0.00000,0.00001,0.01071
9.56800,0.12794,0.13547,0.00000,0.00001,0.62391,0.00000,0.23214,0.00000,0.00000,0.00848
9.60000,0.12794,0.13940,0.00000,0.00000,0.62354,0.00000,0.22813,0.00000,0.00000,0.00893
9.63200,0.12794,0.13824,0.00000,0.00000,0.62462,0.00000,0.22744,0.00000,0.00000,0.00970
9.66400,0.12794,0.10878,0.00000,0.00000,0.67889,0.00000,0.20352,0.00000,0.00000,0.00881
9.69600,0.12794,0.11005,0.00000,0.00000,0.67317,0.00000,0.20714,0.00000,0.00000,0.00964
9.72800,0.12794,0.14238,0.00000,0.00001,0.58640,0.00000,0.25976,0.00000,0.00000,0.01145
9.76000,0.12794,0.14047,0.00000,0.00001,0.53819,0.00000,0.31134,0.00000,0.00000,0.01000
9.79200,0.12794,0.12318,0.00000,0.00000,0.56594,0.00000,0.30223,0.00000,0.00000,0.00865
9.82400,0.12794,0.11262,0.00000,0.00000,0.55871,0.00000,0.32119,0.00000,0.00000,0.00747
9.85600,0.12794,0.08376,0.00000,0.00000,0.64787,0.00000,0.26086,0.00000,0.00000,0.00750
9.88800,0.12794,0.07070,0.00000,0.00000,0.70238,0.00000,0.21935,0.00000,0.00000,0.00757
9.92000,0.12794,0.08051,0.00000,0.00000,0.68862,0.00000,0.22359,0.00000,0.00000,0.00728
9.95200,0.12794,0.10051,0.00000,0.00000,0.65214,0.00000,0.23934,0.00000,0.00000,0.00800
9.98400,0.12794,0.12809,0.00000,0.00001,0.56016,0.00000,0.30378,0.00000,0.00000,0.00797
10.01600,0.12794,0.15197,0.00000,0.00001,0.49073,0.00000,0.34783,0.00000,0.00000,0.00946
10.04800,0.12794,0.14500,0.00000,0.00001,0.43161,0.00000,0.41259,0.00000,0.00000,0.01078
10.08000,0.12794,0.16443,0.00000,0.00001,0.17810,0.00000,0.64799,0.00000,0.00000,0.00947
10.11200,0.12794,0.15431,0.00000,0.00002,0.11148,0.00000,0.72511,0.00000,0.00000,0.00909
10.14400,0.12794,0.14162,0.00000,0.00002,0.05974,0.00000,0.78999,0.00000,0.00000,0.00864
10.17600,0.12794,0.13126,0.00000,0.00004,0.03797,0.00000,0.82101,0.00000,0.00000,0.00972
10.20800,0.12794,0.14509,0.00000,0.00006,0.09002,0.00000,0.74526,0.00000,0.00000,0.01958
10.24000,0.12794,0.17084,0.00000,0.00010,0.10583,0.00000,0.69185,0.00000,0.00000,0.03137
10.27200,0.12794,0.15912,0.00000,0.00014,0.26362,0.00001,0.54277,0.00000,0.00000,0.03433
10.30400,0.12794,0.17386,0.00000,0.00015,0.29046,0.00001,0.49228,0.00001,0.00000,0.04323
10.33600,0.12794,0.17154,0.00000,0.00019,0.26118,0.00001,0.51666,0.00001,0.00000,0.05041
10.36800,0.12794,0.17267,0.00000,0.00033,0.22439,0.00001,0.51405,0.00001,0.00000,0.08853
10.40000,0.12794,0.17836,0.00000,0.00029,0.20441,0.00001,0.47955,0.00001,0.00000,0.13737
10.43200,0.12794,0.15871,0.00000,0.00016,0.30175,0.00000,0.42181,0.00001,0.00000,0.11755
10.46400,0.12794,0.21015,0.00000,0.00023,0.31159,0.00000,0.31132,0.00001,0.00000,0.16669
10.49600,0.12794,0.24709,0.00001,0.00022,0.34250,0.00001,0.23227,0.00001,0.00000,0.17790
10.52800,0.12794,0.34260,0.00001,0.00046,0.17737,0.00002,0.26301,0.00002,0.00001,0.21651
10.56000,0.12794,0.40937,0.00001,0.00128,0.08195,0.00006,0.23824,0.00003,0.00001,0.26905
10.59200,0.12794,0.39978,0.00002,0.00169,0.09724,0.00012,0.23335,0.00007,0.00003,0.26769
10.62400,0.12794,0.50726,0.00002,0.00410,0.04889,0.00072,0.25543,0.00017,0.00013,0.18328
10.65600,0.12794,0.54895,0.00001,0.00614,0.02039,0.00192,0.31121,0.00012,0.00018,0.11108
10.68800,0.12794,0.59575,0.00001,0.01166,0.01111,0.00591,0.27499,0.00020,0.00040,0.09997
10.72000,0.12794,0.61393,0.00000,0.01697,0.00345,0.01002,0.28620,0.00012,0.00040,0.06891
10.75200,0.12794,0.57207,0.00000,0.01531,0.00361,0.00602,0.32497,0.00008,0.00026,0.07766
10.78400,0.12794,0.63207,0.00001,0.01378,0.00662,0.00253,0.17283,0.00016,0.00032,0.17167
10.81600,0.12794,0.61479,0.00001,0.01380,0.00717,0.00256,0.19938,0.00017,0.00032,0.16179
10.84800,0.12794,0.51414,0.00001,0.01008,0.01722,0.00119,0.29881,0.00013,0.00018,0.15825
10.88000,0.12794,0.37868,0.00000,0.00394,0.04106,0.00026,0.44057,0.00007,0.00007,0.13534
10.91200,0.12794,0.27804,0.00000,0.00214,0.04258,0.00015,0.60538,0.00003,0.00003,0.07165
10.94400,0.12794,0.36764,0.00000,0.00264,0.03864,0.00013,0.48083,0.00005,0.00004,0.11002
10.97600,0.12794,0.44882,0.00000,0.00320,0.02599,0.00018,0.40429,0.00006,0.00007,0.11739
11.00800,0.12794,0.54277,0.00000,0.00523,0.01983,0.00042,0.28076,0.00011,0.00014,0.15074
11.04000,0.12794,0.49751,0.00001,0.00590,0.02355,0.00047,0.31344,0.00011,0.00013,0.15888
11.07200,0.12794,0.30023,0.00000,0.00288,0.04797,0.00022,0.55761,0.00005,0.00005,0.09098
11.10400,0.12794,0.28186,0.00000,0.00229,0.06340,0.00013,0.53428,0.00005,0.00004,0.11795
11.13600,0.12794,0.21683,0.00000,0.00251,0.03567,0.00015,0.67582,0.00003,0.00003,0.06897
11.16800,0.12794,0.18047,0.00000,0.00217,0.03028,0.00013,0.73558,0.00002,0.00002,0.05132
11.20000,0.12794,0.20077,0.00000,0.00343,0.01414,0.00022,0.73286,0.00002,0.00003,0.04853
11.23200,0.12794,0.11456,0.00000,0.00324,0.00458,0.00024,0.86058,0.00001,0.00001,0.01677
11.26400,0.12794,0.09948,0.00000,0.00428,0.00224,0.00030,0.88195,0.00001,0.00001,0.01175
11.29600,0.12794,0.08547,0.00000,0.00653,0.00103,0.00043,0.89820,0.00000,0.00000,0.00832
11.32800,0.12794,0.22343,0.00000,0.00534,0.00368,0.00025,0.73453,0.00000,0.00001,0.03276
11.36000,0.12794,0.37685,0.00000,0.00386,0.01240,0.00015,0.51385,0.00001,0.00001,0.09287
11.39200,0.12794,0.44633,0.00000,0.00179,0.03941,0.00006,0.35394,0.00001,0.00001,0.15845
11.42400,0.12794,0.42780,0.00000,0.00073,0.08024,0.00002,0.31308,0.00001,0.00001,0.17810
11.45600,0.12794,0.27748,0.00000,0.00127,0.04922,0.00005,0.59554,0.00001,0.00002,0.07642
11.48800,0.12794,0.17162,0.00000,0.00139,0.02218,0.00007,0.77511,0.00001,0.00001,0.02961
11.52000,0.12794,0.12752,0.00000,0.00094,0.01735,0.00006,0.83629,0.00001,0.00001,0.01782
11.55200,0.12794,0.14371,0.00000,0.00107,0.02396,0.00010,0.81240,0.00001,0.00001,0.01875
11.58400,0.12794,0.21333,0.00000,0.00162,0.02621,0.00018,0.72754,0.00002,0.00002,0.03107
11.61600,0.12794,0.27724,0.00000,0.00128,0.07446,0.00012,0.59275,0.00003,0.00004,0.05408
11.64800,0.12794,0.28990,0.00000,0.00125,0.12972,0.00011,0.50749,0.00005,0.00006,0.07142
11.68000,0.12794,0.38174,0.00000,0.00290,0.06247,0.00037,0.46426,0.00010,0.00011,0.08804
11.71200,0.12794,0.35848,0.00000,0.00233,0.06026,0.00033,0.50694,0.00006,0.00008,0.07153
11.74400,0.12794,0.35469,0.00000,0.00272,0.03300,0.00055,0.55684,0.00004,0.00007,0.05208
11.77600,0.12794,0.37831,0.00000,0.00528,0.00614,0.00208,0.57370,0.00002,0.00006,0.03441
11.80800,0.12794,0.30403,0.00000,0.00247,0.01816,0.00067,0.64301,0.00002,0.00004,0.03160
11.84000,0.12794,0.27169,0.00000,0.00200,0.01590,0.00063,0.68451,0.00001,0.00003,0.02524
11.87200,0.12794,0.29048,0.00000,0.00262,0.01831,0.00076,0.65590,0.00002,0.00004,0.03188
11.90400,0.12794,0.27647,0.00000,0.00154,0.06465,0.00032,0.60837,0.00003,0.00004,0.04856
11.93600,0.12794,0.28826,0.00000,0.00127,0.06235,0.00026,0.59584,0.00003,0.00004,0.05196
11.96800,0.12794,0.25138,0.00000,0.00110,0.11948,0.00018,0.56483,0.00004,0.00003,0.06296
12.00000,0.12794,0.25248,0.00000,0.00148,0.07211,0.00027,0.62383,0.00003,0.00003,0.04977
12.03200,0.12794,0.33808,0.00000,0.00215,0.06276,0.00037,0.53518,0.00003,0.00004,0.06138
12.06400,0.12794,0.39729,0.00001,0.00342,0.06696,0.00060,0.44229,0.00005,0.00006,0.08932
12.09600,0.12794,0.43123,0.00001,0.00210,0.11457,0.00031,0.34201,0.00005,0.00007,0.10965
12.12800,0.12794,0.38228,0.00002,0.00075,0.28093,0.00006,0.18106,0.00004,0.00004,0.15481
12.16000,0.12794,0.26660,0.00002,0.00042,0.44635,0.00003,0.14122,0.00004,0.00003,0.14530
12.19200,0.12794,0.24770,0.00003,0.00033,0.46300,0.00002,0.11136,0.00003,0.00002,0.17753
12.22400,0.12794,0.32513,0.00007,0.00080,0.41841,0.00004,0.09297,0.00005,0.00005,0.16249
12.25600,0.12794,0.28375,0.00018,0.00095,0.37364,0.00004,0.06097,0.00010,0.00005,0.28033
12.28800,0.12794,0.31407,0.00019,0.00156,0.27162,0.00005,0.06940,0.00009,0.00004,0.34298
12.32000,0.12794,0.38759,0.00011,0.00181,0.16190,0.00006,0.08620,0.00009,0.00004,0.36221
12.35200,0.12794,0.26815,0.00005,0.00071,0.12529,0.00002,0.07581,0.00004,0.00001,0.52993
12.38400,0.12794,0.32811,0.00003,0.00078,0.16503,0.00002,0.13495,0.00004,0.00001,0.37101
12.41600,0.12794,0.36256,0.00004,0.00085,0.14858,0.00004,0.12969,0.00007,0.00002,0.35813
12.44800,0.12794,0.29894,0.00007,0.00072,0.30805,0.00005,0.15662,0.00010,0.00003,0.23542
12.48000,0.12794,0.31348,0.00009,0.00069,0.34690,0.00009,0.17239,0.00012,0.00004,0.16620
12.51200,0.12794,0.33371,0.00008,0.00064,0.35761,0.00011,0.17785,0.00010,0.00004,0.12987
12.54400,0.12794,0.30649,0.00011,0.00044,0.44870,0.00009,0.14066,0.00008,0.00004,0.10340
12.57600,0.12794,0.39412,0.00018,0.00060,0.32411,0.00012,0.11245,0.00014,0.00005,0.16823
12.60800,0.12794,0.41322,0.00020,0.00057,0.30417,0.00012,0.09710,0.00016,0.00005,0.18441
12.64000,0.12794,0.41216,0.00032,0.00060,0.25883,0.00012,0.08126,0.00031,0.00006,0.24635
12.67200,0.12794,0.38906,0.00031,0.00047,0.17581,0.00007,0.05535,0.00057,0.00006,0.37831
12.70400,0.12794,0.33394,0.00011,0.00031,0.23956,0.00003,0.08569,0.00035,0.00004,0.33997
12.73600,0.12794,0.33344,0.00006,0.00039,0.20663,0.00002,0.12401,0.00027,0.00004,0.33515
12.76800,0.12794,0.30352,0.00002,0.00065,0.15379,0.00002,0.26139,0.00010,0.00003,0.28050
12.80000,0.12794,0.28387,0.00001,0.00068,0.11501,0.00002,0.39850,0.00004,0.00002,0.20186
12.83200,0.12794,0.33886,0.00000,0.00098,0.06502,0.00003,0.38437,0.00003,0.00002,0.21069
12.86400,0.12794,0.37206,0.00000,0.00074,0.04165,0.00002,0.40470,0.00001,0.00001,0.18082
12.89600,0.12794,0.43968,0.00000,0.00044,0.03946,0.00002,0.34376,0.00001,0.00001,0.17663
12.92800,0.12794,0.44940,0.00000,0.00036,0.02881,0.00001,0.37215,0.00000,0.00000,0.14926
12.96000,0.12794,0.39717,0.00000,0.00016,0.03737,0.00000,0.46690,0.00000,0.00000,0.09838
12.99200,0.12794,0.32522,0.00000,0.00009,0.09235,0.00000,0.49989,0.00000,0.00000,0.08245
13.02400,0.12794,0.25453,0.00000,0.00003,0.11274,0.00000,0.59810,0.00000,0.00000,0.03460
13.05600,0.12794,0.17591,0.00000,0.00001,0.15155,0.00000,0.65621,0.00000,0.00000,0.01631
13.08800,0.12794,0.14990,0.00000,0.00001,0.14362,0.00000,0.69525,0.00000,0.00000,0.01123
13.12000,0.12794,0.16178,0.00000,0.00001,0.08958,0.00000,0.73970,0.00000,0.00000,0.00893
13.15200,0.12794,0.14836,0.00000,0.00002,0.07632,0.00000,0.76646,0.00000,0.00000,0.00885
13.18400,0.12794,0.16694,0.00000,0.00004,0.04732,0.00000,0.77742,0.00000,0.00000,0.00828
13.21600,0.12794,0.17209,0.00000,0.00005,0.02250,0.00000,0.79950,0.00000,0.00000,0.00585
13.24800,0.12794,0.15262,0.00000,0.00005,0.04876,0.00000,0.79164,0.00000,0.00000,0.00693
13.28000,0.12794,0.15446,0.00000,0.00003,0.08009,0.00000,0.75790,0.00000,0.00000,0.00753
13.31200,0.12794,0.15283,0.00000,0.00002,0.10587,0.00000,0.73313,0.00000,0.00000,0.00815
13.34400,0.12794,0.15302,0.00000,0.00002,0.10971,0.00000,0.72890,0.00000,0.00000,0.00835
13.37600,0.12794,0.19557,0.00000,0.00003,0.05440,0.00000,0.74119,0.00000,0.00000,0.00880
13.40800,0.12794,0.23833,0.00000,0.00008,0.03517,0.00000,0.71644,0.00000,0.00000,0.00998
13.44000,0.12794,0.25968,0.00000,0.00011,0.04578,0.00000,0.68267,0.00000,0.00001,0.01176
13.47200,0.12794,0.26606,0.00000,0.00009,0.06059,0.00000,0.66066,0.00000,0.00001,0.01260
13.50400,0.12794,0.25827,0.00000,0.00006,0.06164,0.00000,0.66994,0.00000,0.00000,0.01008
13.53600,0.12794,0.24170,0.00000,0.00005,0.06458,0.00000,0.68380,0.00000,0.00000,0.00986
13.56800,0.12794,0.24136,0.00000,0.00006,0.05926,0.00000,0.68900,0.00000,0.00000,0.01032
13.60000,0.12794,0.23589,0.00000,0.00006,0.04638,0.00000,0.70869,0.00000,0.00000,0.00897
13.63200,0.12794,0.25196,0.00000,0.00008,0.05641,0.00000,0.68048,0.00000,0.00001,0.01105
13.66400,0.12794,0.28220,0.00000,0.00011,0.03844,0.00000,0.66945,0.00000,0.00001,0.00979
13.69600,0.12794,0.30987,0.00000,0.00008,0.03555,0.00000,0.64641,0.00000,0.00001,0.00808
13.72800,0.12794,0.32259,0.00000,0.00008,0.04006,0.00000,0.62934,0.00000,0.00001,0.00792
13.76000,0.12794,0.31590,0.00000,0.00006,0.03397,0.00000,0.64407,0.00000,0.00000,0.00598
13.79200,0.12794,0.31257,0.00000,0.00004,0.04845,0.00000,0.63312,0.00000,0.00000,0.00583
13.82400,0.12794,0.29454,0.00000,0.00003,0.07541,0.00000,0.62399,0.00000,0.00000,0.00603
13.85600,0.12794,0.26479,0.00000,0.00002,0.09962,0.00000,0.62950,0.00000,0.00000,0.00606
13.88800,0.12794,0.23388,0.00000,0.00002,0.14889,0.00000,0.61100,0.00000,0.00000,0.00621
13.92000,0.12794,0.20562,0.00000,0.00002,0.20505,0.00000,0.58272,0.00000,0.00000,0.00660
13.95200,0.12794,0.22027,0.00000,0.00002,0.13346,0.00000,0.64089,0.00000,0.00000,0.00535
13.98400,0.12794,0.25747,0.00000,0.00003,0.09692,0.00000,0.64046,0.00000,0.00000,0.00511
14.01600,0.12794,0.28406,0.00000,0.00004,0.05980,0.00000,0.65140,0.00000,0.00000,0.00469
14.04800,0.12794,0.35721,0.00000,0.00006,0.05286,0.00000,0.58406,0.00000,0.00000,0.00581
14.08000,0.12794,0.41948,0.00000,0.00005,0.08451,0.00000,0.48666,0.00000,0.00000,0.00930
14.11200,0.12794,0.44800,0.00000,0.00005,0.16053,0.00000,0.37614,0.00000,0.00001,0.01528
14.14400,0.12794,0.48091,0.00000,0.00006,0.11184,0.00000,0.39660,0.00000,0.00000,0.01058
14.17600,0.12794,0.50463,0.00000,0.00007,0.07049,0.00000,0.41682,0.00000,0.00000,0.00798
14.20800,0.12794,0.45013,0.00000,0.00008,0.08394,0.00000,0.45879,0.00000,0.00000,0.00705
14.24000,0.12794,0.41605,0.00000,0.00006,0.07622,0.00000,0.50202,0.00000,0.00000,0.00565
14.27200,0.12794,0.41973,0.00000,0.00003,0.16268,0.00000,0.40625,0.00000,0.00000,0.01130
14.30400,0.12794,0.36738,0.00000,0.00002,0.23878,0.00000,0.38008,0.00000,0.00000,0.01373
14.33600,0.12794,0.42121,0.00000,0.00002,0.20514,0.00000,0.35528,0.00000,0.00000,0.01835
14.36800,0.12794,0.36118,0.00000,0.00001,0.22325,0.00000,0.39849,0.00000,0.00000,0.01706
14.40000,0.12794,0.31442,0.00000,0.00001,0.28423,0.00000,0.38234,0.00000,0.00000,0.01900
14.43200,0.12794,0.27220,0.00000,0.00001,0.33497,0.00000,0.37295,0.00000,0.00000,0.01988
14.46400,0.12794,0.22307,0.00000,0.00001,0.35957,0.00000,0.40189,0.00000,0.00000,0.01546
14.49600,0.12794,0.22166,0.00000,0.00001,0.32409,0.00000,0.43975,0.00000,0.00000,0.01450
14.52800,0.12794,0.21119,0.00000,0.00001,0.32799,0.00000,0.44502,0.00000,0.00000,0.01579
14.56000,0.12794,0.20461,0.00000,0.00001,0.34148,0.00000,0.43843,0.00000,0.00000,0.01548
14.59200,0.12794,0.23118,0.00000,0.00001,0.28468,0.00000,0.47190,0.00000,0.00000,0.01223
14.62400,0.12794,0.28847,0.00000,0.00002,0.17377,0.00000,0.52740,0.00000,0.00000,0.01034
14.65600,0.12794,0.31083,0.00000,0.00002,0.09488,0.00000,0.58751,0.00000,0.00000,0.00675
14.68800,0.12794,0.27917,0.00000,0.00005,0.03269,0.00000,0.68383,0.00000,0.00000,0.00426
14.72000,0.12794,0.23439,0.00000,0.00006,0.03116,0.00000,0.72923,0.00000,0.00000,0.00517
14.75200,0.12794,0.22616,0.00000,0.00006,0.04218,0.00000,0.72300,0.00000,0.00000,0.00860
14.78400,0.12794,0.31626,0.00000,0.00008,0.09314,0.00000,0.55934,0.00000,0.00000,0.03118
14.81600,0.12794,0.36281,0.00000,0.00008,0.22795,0.00000,0.30766,0.00000,0.00000,0.10149
14.84800,0.12794,0.33559,0.00000,0.00012,0.28422,0.00000,0.16122,0.00000,0.00000,0.21883
