Time (seconds), Duration (seconds),pred_unlabeled,pred_down,pred_bottom left,pred_bottom right,pred_left,pred_right,pred_top,pred_top left,pred_top right
0.00000,0.12794,0.99232,0.00000,0.00001,0.00034,0.00000,0.00731,0.00000,0.00000,0.00003
0.03200,0.12794,0.98841,0.00000,0.00004,0.00122,0.00000,0.01026,0.00000,0.00000,0.00008
0.06400,0.12794,0.97908,0.00001,0.00013,0.00530,0.00000,0.01519,0.00001,0.00000,0.00028
0.09600,0.12794,0.97327,0.00017,0.00061,0.01015,0.00002,0.01503,0.00008,0.00004,0.00063
0.12800,0.12794,0.96183,0.00263,0.00247,0.01619,0.00013,0.01373,0.00078,0.00045,0.00178
0.16000,0.12794,0.97711,0.00327,0.00254,0.00620,0.00010,0.00806,0.00111,0.00058,0.00103
0.19200,0.12794,0.98564,0.00265,0.00241,0.00222,0.00008,0.00432,0.00120,0.00054,0.00095
0.22400,0.12794,0.98434,0.00214,0.00222,0.00330,0.00008,0.00551,0.00087,0.00043,0.00111
0.25600,0.12794,0.98687,0.00182,0.00175,0.00307,0.00006,0.00429,0.00055,0.00030,0.00130
0.28800,0.12794,0.98583,0.00233,0.00189,0.00296,0.00010,0.00312,0.00069,0.00035,0.00274
0.32000,0.12794,0.97896,0.00231,0.00622,0.00316,0.00063,0.00342,0.00074,0.00134,0.00321
0.35200,0.12794,0.94692,0.00222,0.02676,0.00204,0.00539,0.00211,0.00125,0.01018,0.00313
0.38400,0.12794,0.80533,0.00077,0.11752,0.00169,0.03203,0.00221,0.00106,0.03606,0.00333
0.41600,0.12794,0.48430,0.00011,0.34086,0.00116,0.12628,0.00354,0.00041,0.04108,0.00226
0.44800,0.12794,0.43916,0.00004,0.43699,0.00061,0.06891,0.00213,0.00034,0.05022,0.00159
0.48000,0.12794,0.51113,0.00002,0.41933,0.00054,0.03308,0.00209,0.00022,0.03167,0.00191
0.51200,0.12794,0.53999,0.00002,0.38780,0.00041,0.03300,0.00183,0.00017,0.03559,0.00118
0.54400,0.12794,0.56069,0.00005,0.31451,0.00030,0.01948,0.00062,0.00026,0.10352,0.00057
0.57600,0.12794,0.53267,0.00006,0.31985,0.00022,0.02692,0.00056,0.00031,0.11890,0.00051
0.60800,0.12794,0.45456,0.00007,0.31551,0.00009,0.02058,0.00027,0.00065,0.20805,0.00023
0.64000,0.12794,0.43242,0.00006,0.25496,0.00003,0.00873,0.00012,0.00134,0.30221,0.00014
0.67200,0.12794,0.38196,0.00002,0.23050,0.00001,0.00887,0.00005,0.00173,0.37682,0.00003
0.70400,0.12794,0.22384,0.00002,0.15580,0.00000,0.00509,0.00002,0.00169,0.61353,0.00001
0.73600,0.12794,0.16750,0.00002,0.16295,0.00000,0.00442,0.00001,0.00072,0.66438,0.00000
0.76800,0.12794,0.21089,0.00002,0.25380,0.00000,0.01199,0.00002,0.00043,0.52284,0.00001
0.80000,0.12794,0.24302,0.00003,0.40916,0.00001,0.02803,0.00005,0.00032,0.31934,0.00003
0.83200,0.12794,0.25928,0.00003,0.50443,0.00002,0.04918,0.00009,0.00036,0.18654,0.00006
0.86400,0.12794,0.32089,0.00002,0.47166,0.00004,0.12348,0.00042,0.00056,0.08256,0.00037
0.89600,0.12794,0.24851,0.00002,0.44014,0.00002,0.23162,0.00037,0.00075,0.07825,0.00031
0.92800,0.12794,0.21978,0.00002,0.37280,0.00002,0.32947,0.00030,0.00062,0.07659,0.00038
0.96000,0.12794,0.21660,0.00001,0.39747,0.00003,0.35996,0.00060,0.00018,0.02463,0.00052
0.99200,0.12794,0.19553,0.00000,0.44726,0.00002,0.33655,0.00039,0.00007,0.01995,0.00023
1.02400,0.12794,0.23041,0.00000,0.57175,0.00002,0.17886,0.00041,0.00006,0.01833,0.00018
1.05600,0.12794,0.24078,0.00000,0.68467,0.00003,0.06622,0.00085,0.00003,0.00717,0.00025
1.08800,0.12794,0.23922,0.00000,0.67348,0.00003,0.07402,0.00061,0.00003,0.01244,0.00016
1.12000,0.12794,0.28007,0.00000,0.62832,0.00002,0.06241,0.00042,0.00007,0.02855,0.00014
1.15200,0.12794,0.31510,0.00000,0.58265,0.00003,0.05177,0.00032,0.00007,0.04994,0.00012
1.18400,0.12794,0.34283,0.00001,0.53381,0.00003,0.02651,0.00024,0.00009,0.09644,0.00005
1.21600,0.12794,0.33922,0.00001,0.51307,0.00004,0.01697,0.00023,0.00013,0.13029,0.00004
1.24800,0.12794,0.31559,0.00002,0.45891,0.00007,0.02179,0.00022,0.00015,0.20321,0.00003
1.28000,0.12794,0.26947,0.00003,0.37026,0.00008,0.02887,0.00018,0.00027,0.33080,0.00003
1.31200,0.12794,0.22812,0.00006,0.25785,0.00007,0.03343,0.00011,0.00041,0.47992,0.00003
1.34400,0.12794,0.25020,0.00009,0.23481,0.00009,0.02081,0.00011,0.00050,0.49336,0.00004
1.37600,0.12794,0.34716,0.00006,0.33938,0.00012,0.00873,0.00022,0.00054,0.30374,0.00005
1.40800,0.12794,0.43422,0.00007,0.38719,0.00021,0.00649,0.00041,0.00038,0.17094,0.00009
1.44000,0.12794,0.41308,0.00006,0.38863,0.00017,0.00692,0.00036,0.00039,0.19031,0.00008
1.47200,0.12794,0.45743,0.00005,0.37149,0.00020,0.00421,0.00040,0.00035,0.16580,0.00006
1.50400,0.12794,0.47937,0.00008,0.33149,0.00028,0.00339,0.00037,0.00033,0.18462,0.00007
1.53600,0.12794,0.48617,0.00008,0.34395,0.00033,0.00239,0.00033,0.00028,0.16638,0.00008
1.56800,0.12794,0.54121,0.00010,0.33573,0.00051,0.00105,0.00039,0.00026,0.12063,0.00011
1.60000,0.12794,0.53481,0.00014,0.35037,0.00070,0.00178,0.00047,0.00035,0.11106,0.00033
1.63200,0.12794,0.53757,0.00020,0.34863,0.00087,0.00218,0.00050,0.00041,0.10913,0.00053
1.66400,0.12794,0.54589,0.00023,0.32712,0.00091,0.00201,0.00054,0.00052,0.12236,0.00043
1.69600,0.12794,0.54370,0.00032,0.31882,0.00096,0.00291,0.00054,0.00053,0.13169,0.00054
1.72800,0.12794,0.52658,0.00028,0.27559,0.00057,0.00206,0.00032,0.00044,0.19396,0.00020
1.76000,0.12794,0.55576,0.00016,0.29041,0.00045,0.00123,0.00034,0.00025,0.15129,0.00011
1.79200,0.12794,0.54344,0.00010,0.32798,0.00033,0.00231,0.00043,0.00022,0.12505,0.00014
1.82400,0.12794,0.53968,0.00008,0.40430,0.00065,0.00245,0.00103,0.00014,0.05137,0.00030
1.85600,0.12794,0.51055,0.00009,0.43218,0.00068,0.00363,0.00125,0.00016,0.05109,0.00037
1.88800,0.12794,0.53753,0.00008,0.40945,0.00064,0.00244,0.00112,0.00016,0.04798,0.00059
1.92000,0.12794,0.50561,0.00005,0.46408,0.00061,0.00079,0.00099,0.00008,0.02740,0.00040
1.95200,0.12794,0.47715,0.00002,0.49463,0.00030,0.00060,0.00067,0.00008,0.02626,0.00028
1.98400,0.12794,0.41045,0.00001,0.58087,0.00027,0.00037,0.00101,0.00003,0.00654,0.00045
2.01600,0.12794,0.34602,0.00000,0.64756,0.00018,0.00040,0.00102,0.00002,0.00441,0.00038
2.04800,0.12794,0.37928,0.00000,0.60987,0.00013,0.00050,0.00105,0.00008,0.00876,0.00032
2.08000,0.12794,0.36335,0.00001,0.60994,0.00007,0.00085,0.00060,0.00018,0.02485,0.00014
2.11200,0.12794,0.33983,0.00002,0.51460,0.00003,0.00146,0.00026,0.00084,0.14292,0.00004
2.14400,0.12794,0.23486,0.00006,0.37641,0.00002,0.00358,0.00012,0.00201,0.38292,0.00002
2.17600,0.12794,0.16271,0.00011,0.32836,0.00001,0.00641,0.00007,0.00204,0.50027,0.00001
2.20800,0.12794,0.10965,0.00010,0.23093,0.00001,0.00369,0.00003,0.00237,0.65321,0.00000
2.24000,0.12794,0.09854,0.00011,0.21548,0.00000,0.00356,0.00002,0.00299,0.67929,0.00000
2.27200,0.12794,0.07781,0.00009,0.18616,0.00000,0.00398,0.00001,0.00322,0.72873,0.00000
2.30400,0.12794,0.05943,0.00003,0.11567,0.00000,0.00240,0.00000,0.00197,0.82049,0.00000
2.33600,0.12794,0.05972,0.00002,0.10072,0.00000,0.00248,0.00000,0.00141,0.83564,0.00000
2.36800,0.12794,0.04910,0.00001,0.06397,0.00000,0.00118,0.00000,0.00051,0.88524,0.00000
2.40000,0.12794,0.03828,0.00000,0.04321,0.00000,0.00073,0.00000,0.00028,0.91749,0.00000
2.43200,0.12794,0.02375,0.00000,0.02222,0.00000,0.00048,0.00000,0.00024,0.95331,0.00000
2.46400,0.12794,0.02793,0.00001,0.02411,0.00000,0.00081,0.00000,0.00030,0.94684,0.00000
2.49600,0.12794,0.02274,0.00002,0.02966,0.00000,0.00078,0.00000,0.00063,0.94618,0.00000
2.52800,0.12794,0.03281,0.00004,0.03604,0.00000,0.00072,0.00000,0.00100,0.92940,0.00000
2.56000,0.12794,0.07277,0.00010,0.08318,0.00000,0.00191,0.00001,0.00233,0.83969,0.00000
2.59200,0.12794,0.10798,0.00026,0.12173,0.00000,0.00223,0.00001,0.00473,0.76305,0.00001
2.62400,0.12794,0.17724,0.00025,0.14208,0.00001,0.00532,0.00003,0.00733,0.66773,0.00002
2.65600,0.12794,0.19853,0.00051,0.18125,0.00002,0.00667,0.00005,0.00941,0.60350,0.00005
2.68800,0.12794,0.19889,0.00057,0.20540,0.00002,0.00661,0.00005,0.00675,0.58164,0.00006
2.72000,0.12794,0.20726,0.00045,0.21603,0.00003,0.00720,0.00004,0.00463,0.56427,0.00009
2.75200,0.12794,0.30925,0.00035,0.39659,0.00009,0.01635,0.00018,0.00238,0.27454,0.00026
2.78400,0.12794,0.32803,0.00016,0.41304,0.00009,0.02794,0.00018,0.00116,0.22916,0.00024
2.81600,0.12794,0.32830,0.00009,0.44264,0.00009,0.04093,0.00023,0.00055,0.18698,0.00019
2.84800,0.12794,0.33862,0.00006,0.46360,0.00017,0.06174,0.00048,0.00036,0.13473,0.00024
2.88000,0.12794,0.38529,0.00008,0.38937,0.00025,0.09633,0.00059,0.00032,0.12734,0.00042
2.91200,0.12794,0.41518,0.00006,0.37655,0.00027,0.11858,0.00082,0.00030,0.08758,0.00067
2.94400,0.12794,0.52717,0.00006,0.32472,0.00028,0.04756,0.00080,0.00040,0.09829,0.00071
2.97600,0.12794,0.57538,0.00012,0.28445,0.00036,0.02464,0.00069,0.00047,0.11308,0.00081
3.00800,0.12794,0.56756,0.00010,0.21253,0.00018,0.00588,0.00028,0.00055,0.21263,0.00030
3.04000,0.12794,0.45085,0.00007,0.14468,0.00008,0.00285,0.00009,0.00052,0.40075,0.00010
3.07200,0.12794,0.42246,0.00007,0.12172,0.00006,0.00260,0.00006,0.00061,0.45233,0.00009
3.10400,0.12794,0.41411,0.00003,0.10533,0.00003,0.00149,0.00004,0.00056,0.47837,0.00005
3.13600,0.12794,0.54004,0.00002,0.16584,0.00004,0.00178,0.00006,0.00053,0.29158,0.00011
3.16800,0.12794,0.62183,0.00002,0.24565,0.00006,0.00179,0.00015,0.00038,0.12991,0.00022
3.20000,0.12794,0.59008,0.00001,0.32763,0.00007,0.00491,0.00024,0.00024,0.07647,0.00035
3.23200,0.12794,0.50702,0.00001,0.41383,0.00009,0.03081,0.00058,0.00020,0.04686,0.00062
3.26400,0.12794,0.48331,0.00001,0.41822,0.00014,0.04967,0.00088,0.00020,0.04674,0.00083
3.29600,0.12794,0.48772,0.00001,0.42607,0.00027,0.03990,0.00122,0.00018,0.04358,0.00105
3.32800,0.12794,0.54546,0.00002,0.39590,0.00043,0.01148,0.00123,0.00014,0.04446,0.00088
3.36000,0.12794,0.58057,0.00003,0.34959,0.00051,0.00235,0.00075,0.00016,0.06548,0.00056
3.39200,0.12794,0.55265,0.00004,0.26989,0.00026,0.00136,0.00033,0.00021,0.17512,0.00014
3.42400,0.12794,0.43038,0.00006,0.16570,0.00011,0.00119,0.00012,0.00028,0.40213,0.00004
3.45600,0.12794,0.19216,0.00005,0.06442,0.00003,0.00091,0.00003,0.00032,0.74207,0.00001
3.48800,0.12794,0.09788,0.00005,0.02951,0.00001,0.00050,0.00001,0.00025,0.87180,0.00000
3.52000,0.12794,0.05309,0.00003,0.01645,0.00000,0.00034,0.00000,0.00022,0.92985,0.00000
3.55200,0.12794,0.02831,0.00002,0.00939,0.00000,0.00023,0.00000,0.00017,0.96188,0.00000
3.58400,0.12794,0.03100,0.00002,0.01220,0.00000,0.00061,0.00000,0.00017,0.95598,0.00000
3.61600,0.12794,0.02445,0.00003,0.01154,0.00000,0.00177,0.00000,0.00020,0.96200,0.00000
3.64800,0.12794,0.02793,0.00011,0.01438,0.00001,0.00465,0.00000,0.00021,0.95271,0.00000
3.68000,0.12794,0.03419,0.00032,0.02011,0.00006,0.01012,0.00001,0.00022,0.93497,0.00000
3.71200,0.12794,0.02794,0.00052,0.01791,0.00006,0.00419,0.00001,0.00016,0.94920,0.00000
3.74400,0.12794,0.02066,0.00083,0.01261,0.00006,0.00198,0.00001,0.00013,0.96373,0.00000
3.77600,0.12794,0.01777,0.00082,0.01166,0.00004,0.00123,0.00001,0.00012,0.96836,0.00000
3.80800,0.12794,0.01646,0.00201,0.01159,0.00007,0.00145,0.00001,0.00013,0.96828,0.00000
3.84000,0.12794,0.01432,0.00334,0.00956,0.00010,0.00159,0.00001,0.00017,0.97091,0.00000
3.87200,0.12794,0.01685,0.00400,0.01204,0.00010,0.00169,0.00001,0.00022,0.96510,0.00000
3.90400,0.12794,0.01780,0.00530,0.01207,0.00014,0.00180,0.00002,0.00032,0.96255,0.00000
3.93600,0.12794,0.01918,0.00320,0.01298,0.00008,0.00182,0.00002,0.00051,0.96222,0.00000
3.96800,0.12794,0.02262,0.00247,0.01611,0.00008,0.00302,0.00003,0.00081,0.95487,0.00000
4.00000,0.12794,0.03093,0.00173,0.02304,0.00009,0.00796,0.00004,0.00153,0.93467,0.00001
4.03200,0.12794,0.04763,0.00172,0.03787,0.00016,0.02388,0.00007,0.00275,0.88585,0.00008
4.06400,0.12794,0.07108,0.00167,0.05479,0.00026,0.06062,0.00011,0.00355,0.80765,0.00026
4.09600,0.12794,0.08854,0.00124,0.08122,0.00031,0.13432,0.00015,0.00355,0.69015,0.00052
4.12800,0.12794,0.10644,0.00063,0.11199,0.00026,0.29880,0.00024,0.00260,0.47839,0.00066
4.16000,0.12794,0.07313,0.00020,0.09235,0.00012,0.59420,0.00019,0.00096,0.23849,0.00037
4.19200,0.12794,0.05650,0.00009,0.07548,0.00006,0.70993,0.00013,0.00057,0.15698,0.00025
4.22400,0.12794,0.05434,0.00005,0.06056,0.00003,0.76602,0.00012,0.00036,0.11831,0.00020
4.25600,0.12794,0.06059,0.00007,0.07710,0.00003,0.69083,0.00010,0.00043,0.17070,0.00015
4.28800,0.12794,0.07868,0.00008,0.08550,0.00004,0.62615,0.00011,0.00048,0.20881,0.00016
4.32000,0.12794,0.10864,0.00012,0.11682,0.00005,0.45933,0.00014,0.00081,0.31394,0.00015
4.35200,0.12794,0.11149,0.00012,0.14408,0.00003,0.30987,0.00009,0.00133,0.43290,0.00008
4.38400,0.12794,0.19461,0.00006,0.12305,0.00003,0.35717,0.00014,0.00098,0.32374,0.00020
4.41600,0.12794,0.20188,0.00013,0.15608,0.00003,0.19390,0.00014,0.00272,0.44486,0.00026
4.44800,0.12794,0.20884,0.00018,0.16944,0.00004,0.15941,0.00018,0.00329,0.45834,0.00028
4.48000,0.12794,0.26225,0.00042,0.16261,0.00015,0.15735,0.00046,0.00493,0.41104,0.00079
4.51200,0.12794,0.16280,0.00126,0.17819,0.00022,0.07409,0.00039,0.01099,0.57164,0.00041
4.54400,0.12794,0.22548,0.00090,0.14810,0.00034,0.08575,0.00075,0.00801,0.53005,0.00064
4.57600,0.12794,0.23872,0.00096,0.12968,0.00049,0.15781,0.00122,0.00908,0.46073,0.00131
4.60800,0.12794,0.22221,0.00053,0.12104,0.00031,0.28037,0.00127,0.00609,0.36684,0.00133
4.64000,0.12794,0.19565,0.00037,0.09701,0.00025,0.40433,0.00117,0.00549,0.29404,0.00169
4.67200,0.12794,0.13202,0.00043,0.08724,0.00026,0.54831,0.00108,0.00500,0.22420,0.00147
4.70400,0.12794,0.07343,0.00015,0.05873,0.00011,0.77670,0.00086,0.00143,0.08796,0.00062
4.73600,0.12794,0.05731,0.00014,0.05069,0.00011,0.81663,0.00076,0.00112,0.07278,0.00046
4.76800,0.12794,0.03886,0.00009,0.03612,0.00009,0.88241,0.00074,0.00056,0.04083,0.00030
4.80000,0.12794,0.03138,0.00005,0.03127,0.00005,0.90228,0.00043,0.00035,0.03399,0.00020
4.83200,0.12794,0.05927,0.00014,0.05567,0.00011,0.78327,0.00042,0.00105,0.09967,0.00041
4.86400,0.12794,0.09226,0.00030,0.10989,0.00015,0.61326,0.00046,0.00203,0.18114,0.00051
4.89600,0.12794,0.08917,0.00037,0.19758,0.00012,0.42911,0.00022,0.00178,0.28146,0.00021
4.92800,0.12794,0.09127,0.00033,0.22141,0.00010,0.39984,0.00018,0.00174,0.28495,0.00019
4.96000,0.12794,0.09504,0.00037,0.26418,0.00011,0.30264,0.00014,0.00121,0.33617,0.00014
4.99200,0.12794,0.09483,0.00020,0.23173,0.00011,0.39562,0.00013,0.00054,0.27669,0.00015
5.02400,0.12794,0.16123,0.00017,0.19836,0.00023,0.40511,0.00033,0.00045,0.23381,0.00033
5.05600,0.12794,0.26893,0.00015,0.26846,0.00045,0.21202,0.00057,0.00041,0.24861,0.00040
5.08800,0.12794,0.35820,0.00007,0.35753,0.00050,0.16898,0.00121,0.00034,0.11235,0.00082
5.12000,0.12794,0.49799,0.00005,0.38063,0.00045,0.03550,0.00113,0.00035,0.08297,0.00093
5.15200,0.12794,0.55355,0.00002,0.38404,0.00035,0.01095,0.00095,0.00022,0.04892,0.00099
5.18400,0.12794,0.55406,0.00002,0.40685,0.00037,0.00881,0.00116,0.00012,0.02756,0.00106
5.21600,0.12794,0.59056,0.00003,0.35524,0.00038,0.00652,0.00081,0.00015,0.04563,0.00068
5.24800,0.12794,0.55045,0.00007,0.34669,0.00035,0.01353,0.00073,0.00027,0.08735,0.00057
5.28000,0.12794,0.51054,0.00021,0.30819,0.00029,0.01858,0.00054,0.00091,0.16002,0.00072
5.31200,0.12794,0.48656,0.00035,0.22614,0.00013,0.01454,0.00026,0.00332,0.26805,0.00066
5.34400,0.12794,0.55030,0.00025,0.21330,0.00013,0.01398,0.00030,0.00285,0.21832,0.00057
5.37600,0.12794,0.58205,0.00017,0.26120,0.00013,0.01832,0.00042,0.00165,0.13546,0.00059
5.40800,0.12794,0.59360,0.00013,0.27058,0.00014,0.01835,0.00038,0.00076,0.11554,0.00052
5.44000,0.12794,0.55980,0.00012,0.32866,0.00015,0.01066,0.00036,0.00042,0.09943,0.00039
5.47200,0.12794,0.51230,0.00010,0.38277,0.00011,0.01322,0.00038,0.00051,0.09005,0.00056
5.50400,0.12794,0.45128,0.00014,0.43931,0.00013,0.01573,0.00037,0.00078,0.09152,0.00074
5.53600,0.12794,0.40395,0.00014,0.51036,0.00017,0.02031,0.00061,0.00086,0.06251,0.00109
5.56800,0.12794,0.38366,0.00012,0.50154,0.00013,0.02569,0.00055,0.00139,0.08604,0.00088
5.60000,0.12794,0.36117,0.00028,0.47382,0.00022,0.03729,0.00064,0.00221,0.12327,0.00111
5.63200,0.12794,0.40914,0.00017,0.42535,0.00024,0.02708,0.00083,0.00234,0.13373,0.00112
5.66400,0.12794,0.44188,0.00012,0.39227,0.00019,0.01837,0.00073,0.00248,0.14298,0.00099
5.69600,0.12794,0.45634,0.00012,0.40129,0.00029,0.01809,0.00087,0.00176,0.12003,0.00121
5.72800,0.12794,0.47304,0.00007,0.44376,0.00024,0.00511,0.00069,0.00076,0.07561,0.00073
5.76000,0.12794,0.46936,0.00005,0.45898,0.00018,0.00203,0.00048,0.00041,0.06821,0.00031
5.79200,0.12794,0.49678,0.00003,0.44454,0.00021,0.00126,0.00058,0.00034,0.05599,0.00026
5.82400,0.12794,0.51011,0.00005,0.44281,0.00035,0.00085,0.00076,0.00035,0.04437,0.00036
5.85600,0.12794,0.49965,0.00003,0.44682,0.00020,0.00070,0.00055,0.00030,0.05159,0.00015
5.88800,0.12794,0.54340,0.00004,0.38734,0.00025,0.00060,0.00057,0.00057,0.06702,0.00020
5.92000,0.12794,0.52644,0.00007,0.32465,0.00014,0.00050,0.00033,0.00126,0.14651,0.00011
5.95200,0.12794,0.47030,0.00004,0.34201,0.00008,0.00057,0.00026,0.00112,0.18557,0.00005
5.98400,0.12794,0.48992,0.00009,0.26523,0.00011,0.00049,0.00026,0.00253,0.24128,0.00008
6.01600,0.12794,0.46910,0.00007,0.23732,0.00007,0.00036,0.00019,0.00285,0.29000,0.00004
6.04800,0.12794,0.50451,0.00004,0.23097,0.00005,0.00021,0.00017,0.00200,0.26202,0.00003
6.08000,0.12794,0.46988,0.00003,0.17318,0.00002,0.00008,0.00010,0.00337,0.35332,0.00001
6.11200,0.12794,0.40032,0.00003,0.13135,0.00001,0.00005,0.00005,0.00313,0.46506,0.00000
6.14400,0.12794,0.37784,0.00003,0.13168,0.00001,0.00006,0.00005,0.00206,0.48828,0.00000
6.17600,0.12794,0.37373,0.00004,0.13480,0.00002,0.00006,0.00005,0.00206,0.48925,0.00000
6.20800,0.12794,0.44756,0.00006,0.15643,0.00005,0.00010,0.00009,0.00160,0.39410,0.00001
6.24000,0.12794,0.51861,0.00006,0.19888,0.00008,0.00011,0.00017,0.00174,0.28033,0.00002
6.27200,0.12794,0.54521,0.00005,0.20879,0.00008,0.00008,0.00023,0.00284,0.24269,0.00002
6.30400,0.12794,0.49674,0.00006,0.18939,0.00007,0.00011,0.00019,0.00343,0.31000,0.00002
6.33600,0.12794,0.46305,0.00005,0.17167,0.00004,0.00008,0.00017,0.00596,0.35898,0.00002
6.36800,0.12794,0.33416,0.00010,0.12624,0.00004,0.00019,0.00011,0.00554,0.53359,0.00002
6.40000,0.12794,0.34684,0.00018,0.13014,0.00008,0.00041,0.00016,0.00503,0.51713,0.00003
6.43200,0.12794,0.43568,0.00016,0.17394,0.00010,0.00033,0.00024,0.00485,0.38466,0.00005
6.46400,0.12794,0.46296,0.00010,0.19663,0.00008,0.00027,0.00022,0.00518,0.33452,0.00005
6.49600,0.12794,0.55415,0.00008,0.23005,0.00010,0.00020,0.00037,0.00544,0.20956,0.00005
6.52800,0.12794,0.53516,0.00006,0.23758,0.00006,0.00014,0.00032,0.00601,0.22064,0.00003
6.56000,0.12794,0.52474,0.00005,0.28537,0.00010,0.00025,0.00041,0.00325,0.18579,0.00005
6.59200,0.12794,0.50433,0.00011,0.38858,0.00036,0.00064,0.00110,0.00144,0.10333,0.00010
6.62400,0.12794,0.50244,0.00011,0.41405,0.00047,0.00064,0.00120,0.00099,0.07994,0.00016
6.65600,0.12794,0.44423,0.00005,0.52289,0.00047,0.00054,0.00149,0.00035,0.02980,0.00018
6.68800,0.12794,0.42962,0.00007,0.52611,0.00037,0.00073,0.00154,0.00070,0.04070,0.00016
6.72000,0.12794,0.41427,0.00004,0.53469,0.00017,0.00054,0.00113,0.00137,0.04766,0.00013
6.75200,0.12794,0.40431,0.00006,0.53744,0.00014,0.00074,0.00103,0.00275,0.05332,0.00020
6.78400,0.12794,0.35981,0.00019,0.53661,0.00016,0.00261,0.00090,0.00412,0.09533,0.00027
6.81600,0.12794,0.34813,0.00023,0.46374,0.00010,0.00358,0.00043,0.00458,0.17900,0.00022
6.84800,0.12794,0.32249,0.00070,0.30196,0.00010,0.00479,0.00019,0.00393,0.36564,0.00019
6.88000,0.12794,0.33553,0.00084,0.29516,0.00014,0.00606,0.00019,0.00272,0.35911,0.00025
6.91200,0.12794,0.35851,0.00176,0.21663,0.00019,0.00448,0.00020,0.00607,0.41185,0.00031
6.94400,0.12794,0.32121,0.00469,0.24198,0.00027,0.00482,0.00022,0.01045,0.41605,0.00029
6.97600,0.12794,0.31639,0.00615,0.22800,0.00029,0.00539,0.00025,0.01635,0.42693,0.00025
7.00800,0.12794,0.26550,0.00801,0.19043,0.00019,0.00344,0.00015,0.01836,0.51381,0.00010
7.04000,0.12794,0.29382,0.01542,0.19453,0.00019,0.00268,0.00012,0.02426,0.46883,0.00014
7.07200,0.12794,0.44507,0.03714,0.19152,0.00059,0.00292,0.00025,0.02135,0.30059,0.00057
7.10400,0.12794,0.45109,0.03830,0.18186,0.00039,0.00286,0.00018,0.02157,0.30321,0.00053
7.13600,0.12794,0.45152,0.05674,0.13951,0.00049,0.00494,0.00017,0.02262,0.32319,0.00082
7.16800,0.12794,0.49712,0.04658,0.11384,0.00055,0.00501,0.00022,0.02119,0.31444,0.00105
7.20000,0.12794,0.82786,0.01681,0.03631,0.00019,0.00163,0.00012,0.02299,0.09109,0.00301
7.23200,0.12794,0.88843,0.01927,0.02131,0.00021,0.00092,0.00015,0.02804,0.03207,0.00959
7.26400,0.12794,0.89390,0.00948,0.01399,0.00007,0.00039,0.00011,0.05132,0.02272,0.00803
7.29600,0.12794,0.88940,0.00655,0.01411,0.00007,0.00041,0.00010,0.05940,0.02150,0.00845
7.32800,0.12794,0.79150,0.01141,0.03510,0.00012,0.00131,0.00015,0.07104,0.08554,0.00383
7.36000,0.12794,0.78032,0.01086,0.04130,0.00017,0.00186,0.00016,0.04747,0.11498,0.00290
7.39200,0.12794,0.71320,0.00978,0.05221,0.00018,0.00269,0.00013,0.03092,0.18920,0.00169
7.42400,0.12794,0.65049,0.00429,0.04849,0.00010,0.00275,0.00009,0.02149,0.27151,0.00079
7.45600,0.12794,0.80990,0.00218,0.02976,0.00005,0.00147,0.00007,0.01372,0.14192,0.00092
7.48800,0.12794,0.73672,0.00108,0.04356,0.00006,0.00186,0.00007,0.00652,0.20967,0.00047
7.52000,0.12794,0.79117,0.00038,0.08150,0.00011,0.00291,0.00017,0.00184,0.12135,0.00057
7.55200,0.12794,0.81253,0.00014,0.13100,0.00018,0.00393,0.00032,0.00048,0.05070,0.00072
7.58400,0.12794,0.55802,0.00004,0.36660,0.00028,0.00641,0.00059,0.00020,0.06756,0.00029
7.61600,0.12794,0.51317,0.00001,0.46003,0.00027,0.00354,0.00099,0.00011,0.02153,0.00034
7.64800,0.12794,0.51459,0.00001,0.46975,0.00025,0.00195,0.00119,0.00007,0.01185,0.00034
7.68000,0.12794,0.57702,0.00001,0.40545,0.00036,0.00083,0.00123,0.00010,0.01467,0.00033
7.71200,0.12794,0.62444,0.00002,0.35564,0.00062,0.00067,0.00151,0.00010,0.01653,0.00047
7.74400,0.12794,0.66100,0.00002,0.31086,0.00061,0.00045,0.00113,0.00012,0.02545,0.00037
7.77600,0.12794,0.69071,0.00009,0.23893,0.00075,0.00048,0.00080,0.00039,0.06734,0.00049
7.80800,0.12794,0.71649,0.00014,0.22334,0.00118,0.00052,0.00080,0.00032,0.05623,0.00097
7.84000,0.12794,0.71910,0.00015,0.23832,0.00184,0.00065,0.00123,0.00035,0.03631,0.00204
7.87200,0.12794,0.74318,0.00015,0.22456,0.00323,0.00070,0.00172,0.00027,0.02132,0.00486
7.90400,0.12794,0.72624,0.00011,0.24505,0.00554,0.00057,0.00282,0.00017,0.00949,0.01002
7.93600,0.12794,0.71284,0.00008,0.25349,0.00840,0.00064,0.00492,0.00015,0.00631,0.01316
7.96800,0.12794,0.71845,0.00007,0.22389,0.01919,0.00056,0.01083,0.00013,0.00387,0.02300
8.00000,0.12794,0.72892,0.00010,0.19526,0.03181,0.00060,0.01556,0.00013,0.00386,0.02377
8.03200,0.12794,0.76091,0.00006,0.14944,0.04633,0.00047,0.02135,0.00008,0.00328,0.01809
8.06400,0.12794,0.79288,0.00005,0.11621,0.05331,0.00027,0.02144,0.00006,0.00303,0.01274
8.09600,0.12794,0.82240,0.00007,0.12604,0.03019,0.00028,0.00988,0.00006,0.00538,0.00570
8.12800,0.12794,0.82041,0.00011,0.14194,0.01878,0.00036,0.00547,0.00006,0.00985,0.00302
8.16000,0.12794,0.75553,0.00022,0.20994,0.00819,0.00048,0.00229,0.00008,0.02199,0.00127
8.19200,0.12794,0.64460,0.00052,0.29852,0.00451,0.00120,0.00121,0.00015,0.04823,0.00105
8.22400,0.12794,0.62902,0.00104,0.28018,0.00279,0.00193,0.00093,0.00051,0.08254,0.00106
8.25600,0.12794,0.64808,0.00146,0.25858,0.00445,0.00369,0.00152,0.00094,0.07907,0.00221
8.28800,0.12794,0.65850,0.00247,0.25085,0.00997,0.00602,0.00288,0.00122,0.06356,0.00452
8.32000,0.12794,0.66915,0.00387,0.20370,0.01353,0.00996,0.00408,0.00207,0.08853,0.00512
8.35200,0.12794,0.59760,0.00736,0.27967,0.02574,0.00984,0.00470,0.00072,0.06937,0.00502
8.38400,0.12794,0.48338,0.02005,0.38723,0.02375,0.00634,0.00326,0.00055,0.07222,0.00323
8.41600,0.12794,0.32879,0.06527,0.49419,0.01607,0.00496,0.00193,0.00054,0.08650,0.00176
8.44800,0.12794,0.21181,0.12340,0.59412,0.00996,0.00194,0.00101,0.00025,0.05667,0.00084
8.48000,0.12794,0.14583,0.15979,0.62959,0.00534,0.00133,0.00064,0.00023,0.05687,0.00039
8.51200,0.12794,0.11105,0.18524,0.62955,0.00220,0.00097,0.00037,0.00040,0.07000,0.00021
8.54400,0.12794,0.10356,0.17780,0.61859,0.00122,0.00085,0.00027,0.00062,0.09697,0.00013
8.57600,0.12794,0.08241,0.24005,0.54537,0.00087,0.00077,0.00020,0.00111,0.12914,0.00006
8.60800,0.12794,0.05956,0.21307,0.57463,0.00046,0.00052,0.00012,0.00109,0.15052,0.00002
8.64000,0.12794,0.03862,0.15973,0.66580,0.00028,0.00034,0.00007,0.00056,0.13459,0.00001
8.67200,0.12794,0.01958,0.11370,0.78718,0.00015,0.00019,0.00004,0.00025,0.07891,0.00000
8.70400,0.12794,0.00952,0.04923,0.89434,0.00006,0.00009,0.00002,0.00010,0.04665,0.00000
8.73600,0.12794,0.00811,0.03894,0.91606,0.00005,0.00010,0.00001,0.00010,0.03663,0.00000
8.76800,0.12794,0.00548,0.03642,0.93435,0.00004,0.00007,0.00001,0.00008,0.02356,0.00000
8.80000,0.12794,0.00511,0.02506,0.94630,0.00002,0.00006,0.00001,0.00011,0.02333,0.00000
8.83200,0.12794,0.00572,0.02518,0.94755,0.00003,0.00008,0.00001,0.00015,0.02129,0.00000
8.86400,0.12794,0.00579,0.01665,0.95606,0.00002,0.00006,0.00001,0.00017,0.02124,0.00000
8.89600,0.12794,0.00877,0.02025,0.94013,0.00003,0.00010,0.00001,0.00050,0.03019,0.00000
8.92800,0.12794,0.01262,0.02629,0.92440,0.00003,0.00015,0.00003,0.00198,0.03450,0.00000
8.96000,0.12794,0.02787,0.03036,0.86803,0.00003,0.00026,0.00004,0.01070,0.06270,0.00001
8.99200,0.12794,0.04240,0.04332,0.81517,0.00004,0.00038,0.00007,0.03101,0.06760,0.00001
9.02400,0.12794,0.08312,0.03662,0.69793,0.00004,0.00058,0.00011,0.09362,0.08795,0.00003
9.05600,0.12794,0.08822,0.03396,0.62418,0.00003,0.00049,0.00012,0.15984,0.09315,0.00002
9.08800,0.12794,0.14074,0.02725,0.56158,0.00004,0.00071,0.00016,0.13298,0.13652,0.00003
9.12000,0.12794,0.17881,0.02752,0.44348,0.00006,0.00095,0.00023,0.18391,0.16498,0.00005
9.15200,0.12794,0.16169,0.02340,0.39512,0.00005,0.00087,0.00023,0.21382,0.20479,0.00003
9.18400,0.12794,0.19732,0.01227,0.40349,0.00007,0.00110,0.00029,0.15046,0.23490,0.00009
9.21600,0.12794,0.14230,0.01016,0.43509,0.00005,0.00092,0.00036,0.25872,0.15235,0.00005
9.24800,0.12794,0.11732,0.00679,0.43837,0.00004,0.00082,0.00037,0.32662,0.10963,0.00004
9.28000,0.12794,0.14183,0.00718,0.38713,0.00006,0.00111,0.00059,0.35855,0.10345,0.00009
9.31200,0.12794,0.16158,0.00908,0.33429,0.00013,0.00222,0.00085,0.36832,0.12331,0.00022
9.34400,0.12794,0.19067,0.01059,0.32136,0.00021,0.00395,0.00098,0.31082,0.16094,0.00048
9.37600,0.12794,0.20460,0.01043,0.31156,0.00033,0.00617,0.00106,0.23084,0.23430,0.00072
9.40800,0.12794,0.19468,0.00797,0.36163,0.00031,0.00843,0.00085,0.13775,0.28768,0.00070
9.44000,0.12794,0.18722,0.00736,0.37659,0.00028,0.00881,0.00070,0.10400,0.31439,0.00065
9.47200,0.12794,0.18396,0.00611,0.38526,0.00025,0.01011,0.00062,0.07538,0.33772,0.00059
9.50400,0.12794,0.18229,0.00543,0.37845,0.00025,0.01091,0.00048,0.04681,0.37487,0.00050
9.53600,0.12794,0.17633,0.00957,0.40914,0.00023,0.00805,0.00052,0.06942,0.32640,0.00035
9.56800,0.12794,0.12877,0.01591,0.56800,0.00019,0.00435,0.00036,0.04558,0.23671,0.00013
9.60000,0.12794,0.05247,0.03162,0.80817,0.00017,0.00138,0.00017,0.00999,0.09602,0.00003
9.63200,0.12794,0.04864,0.04249,0.85026,0.00026,0.00097,0.00016,0.00392,0.05326,0.00004
9.66400,0.12794,0.11042,0.03323,0.80304,0.00250,0.00209,0.00074,0.00155,0.04614,0.00028
9.69600,0.12794,0.26315,0.01697,0.63594,0.00884,0.00634,0.00177,0.00105,0.06439,0.00155
9.72800,0.12794,0.57755,0.00332,0.31335,0.01554,0.01051,0.00408,0.00115,0.06799,0.00650
9.76000,0.12794,0.68963,0.00051,0.23499,0.01513,0.00749,0.00712,0.00073,0.03244,0.01196
9.79200,0.12794,0.61502,0.00020,0.33044,0.00304,0.00421,0.00217,0.00056,0.03946,0.00489
9.82400,0.12794,0.62583,0.00013,0.32124,0.00157,0.00214,0.00156,0.00057,0.04396,0.00299
9.85600,0.12794,0.61677,0.00015,0.30280,0.00070,0.00178,0.00086,0.00083,0.07476,0.00134
9.88800,0.12794,0.50848,0.00029,0.24587,0.00024,0.00179,0.00025,0.00145,0.24137,0.00025
9.92000,0.12794,0.34535,0.00043,0.17746,0.00008,0.00136,0.00010,0.00268,0.47246,0.00007
9.95200,0.12794,0.22295,0.00041,0.16961,0.00003,0.00105,0.00005,0.00458,0.60130,0.00002
9.98400,0.12794,0.22605,0.00022,0.24936,0.00001,0.00089,0.00005,0.00485,0.51856,0.00001
10.01600,0.12794,0.25631,0.00012,0.39124,0.00001,0.00139,0.00005,0.00454,0.34633,0.00001
10.04800,0.12794,0.29975,0.00009,0.49397,0.00002,0.00327,0.00010,0.00196,0.20082,0.00002
10.08000,0.12794,0.41619,0.00004,0.51873,0.00005,0.00661,0.00033,0.00054,0.05743,0.00010
10.11200,0.12794,0.52104,0.00003,0.42878,0.00008,0.00815,0.00037,0.00028,0.04093,0.00034
10.14400,0.12794,0.55636,0.00003,0.39733,0.00014,0.00794,0.00051,0.00022,0.03642,0.00105
10.17600,0.12794,0.40869,0.00002,0.56334,0.00009,0.00727,0.00061,0.00021,0.01900,0.00076
10.20800,0.12794,0.33394,0.00004,0.63131,0.00010,0.00780,0.00057,0.00052,0.02508,0.00062
10.24000,0.12794,0.23337,0.00003,0.73562,0.00007,0.00726,0.00067,0.00065,0.02208,0.00024
10.27200,0.12794,0.20992,0.00004,0.74877,0.00007,0.01371,0.00077,0.00095,0.02553,0.00024
10.30400,0.12794,0.27259,0.00003,0.64677,0.00005,0.01813,0.00060,0.00133,0.06031,0.00018
10.33600,0.12794,0.31642,0.00001,0.63515,0.00005,0.01206,0.00067,0.00038,0.03506,0.00021
10.36800,0.12794,0.38562,0.00001,0.54837,0.00006,0.01299,0.00058,0.00047,0.05162,0.00028
10.40000,0.12794,0.39866,0.00001,0.56428,0.00006,0.00766,0.00066,0.00019,0.02820,0.00029
10.43200,0.12794,0.38167,0.00000,0.59774,0.00012,0.00868,0.00147,0.00009,0.00950,0.00072
10.46400,0.12794,0.37527,0.00000,0.59773,0.00013,0.01351,0.00181,0.00013,0.01051,0.00091
10.49600,0.12794,0.34685,0.00000,0.62569,0.00018,0.01378,0.00227,0.00012,0.01027,0.00085
10.52800,0.12794,0.30737,0.00001,0.65749,0.00018,0.01905,0.00215,0.00013,0.01309,0.00053
10.56000,0.12794,0.30743,0.00001,0.63836,0.00012,0.01601,0.00106,0.00020,0.03663,0.00019
10.59200,0.12794,0.28875,0.00001,0.58671,0.00009,0.02632,0.00055,0.00025,0.09722,0.00009
10.62400,0.12794,0.29452,0.00002,0.55214,0.00012,0.04712,0.00057,0.00031,0.10506,0.00015
10.65600,0.12794,0.32993,0.00004,0.46825,0.00016,0.04441,0.00047,0.00049,0.15603,0.00022
10.68800,0.12794,0.38062,0.00011,0.41881,0.00039,0.04105,0.00059,0.00065,0.15722,0.00055
10.72000,0.12794,0.41625,0.00008,0.45833,0.00044,0.02757,0.00079,0.00042,0.09551,0.00061
10.75200,0.12794,0.42165,0.00009,0.46159,0.00052,0.01594,0.00075,0.00038,0.09865,0.00043
10.78400,0.12794,0.41568,0.00011,0.46091,0.00068,0.01977,0.00080,0.00030,0.10135,0.00040
10.81600,0.12794,0.40673,0.00009,0.46925,0.00056,0.01871,0.00084,0.00028,0.10327,0.00027
10.84800,0.12794,0.41821,0.00014,0.41367,0.00076,0.02072,0.00083,0.00034,0.14513,0.00021
10.88000,0.12794,0.39219,0.00013,0.39467,0.00057,0.03004,0.00068,0.00031,0.18126,0.00016
10.91200,0.12794,0.43676,0.00015,0.36968,0.00062,0.01872,0.00071,0.00040,0.17271,0.00025
10.94400,0.12794,0.42977,0.00015,0.36855,0.00056,0.01963,0.00070,0.00049,0.17984,0.00031
10.97600,0.12794,0.40311,0.00020,0.31214,0.00038,0.01549,0.00043,0.00075,0.26717,0.00034
11.00800,0.12794,0.42119,0.00018,0.30763,0.00035,0.01910,0.00039,0.00071,0.25002,0.00042
11.04000,0.12794,0.44393,0.00016,0.30506,0.00034,0.01822,0.00035,0.00054,0.23094,0.00045
11.07200,0.12794,0.45667,0.00017,0.33170,0.00048,0.01899,0.00038,0.00032,0.19076,0.00053
11.10400,0.12794,0.45472,0.00008,0.39724,0.00045,0.02859,0.00051,0.00018,0.11777,0.00045
11.13600,0.12794,0.46678,0.00008,0.41072,0.00064,0.02082,0.00076,0.00021,0.09950,0.00048
11.16800,0.12794,0.45440,0.00008,0.40521,0.00049,0.01703,0.00072,0.00025,0.12156,0.00025
11.20000,0.12794,0.42392,0.00007,0.35317,0.00023,0.01351,0.00036,0.00033,0.20832,0.00010
11.23200,0.12794,0.38940,0.00017,0.31255,0.00039,0.01179,0.00038,0.00060,0.28461,0.00012
11.26400,0.12794,0.35180,0.00016,0.29148,0.00022,0.00987,0.00026,0.00064,0.34551,0.00007
11.29600,0.12794,0.33183,0.00022,0.24215,0.00018,0.01313,0.00021,0.00125,0.41093,0.00011
11.32800,0.12794,0.30929,0.00027,0.24061,0.00016,0.01427,0.00024,0.00208,0.43295,0.00013
11.36000,0.12794,0.21866,0.00014,0.15375,0.00004,0.00876,0.00008,0.00209,0.61644,0.00004
11.39200,0.12794,0.16635,0.00016,0.10432,0.00002,0.00796,0.00004,0.00246,0.71866,0.00003
11.42400,0.12794,0.12650,0.00011,0.08811,0.00001,0.00303,0.00002,0.00253,0.77967,0.00001
11.45600,0.12794,0.10988,0.00010,0.08707,0.00001,0.00252,0.00001,0.00219,0.79821,0.00001
11.48800,0.12794,0.12163,0.00010,0.10180,0.00001,0.00303,0.00002,0.00245,0.77095,0.00001
11.52000,0.12794,0.12979,0.00015,0.11918,0.00001,0.00380,0.00003,0.00356,0.74348,0.00002
11.55200,0.12794,0.13189,0.00027,0.15790,0.00002,0.00993,0.00005,0.00305,0.69685,0.00004
11.58400,0.12794,0.17168,0.00043,0.16727,0.00004,0.01177,0.00006,0.00451,0.64414,0.00010
11.61600,0.12794,0.16750,0.00035,0.14106,0.00002,0.00748,0.00003,0.00394,0.67953,0.00007
11.64800,0.12794,0.10943,0.00012,0.08671,0.00001,0.00469,0.00001,0.00137,0.79765,0.00001
11.68000,0.12794,0.14804,0.00007,0.10773,0.00001,0.00536,0.00001,0.00062,0.73815,0.00001
11.71200,0.12794,0.13737,0.00003,0.12010,0.00000,0.00904,0.00001,0.00032,0.73312,0.00001
11.74400,0.12794,0.13087,0.00002,0.13503,0.00000,0.01145,0.00000,0.00016,0.72245,0.00001
11.77600,0.12794,0.09667,0.00001,0.10216,0.00000,0.00968,0.00000,0.00014,0.79133,0.00000
11.80800,0.12794,0.06519,0.00001,0.06169,0.00000,0.00722,0.00000,0.00022,0.86566,0.00000
11.84000,0.12794,0.02870,0.00000,0.02586,0.00000,0.00176,0.00000,0.00031,0.94337,0.00000
11.87200,0.12794,0.06655,0.00003,0.05712,0.00000,0.00247,0.00000,0.00096,0.87286,0.00000
11.90400,0.12794,0.11253,0.00006,0.09100,0.00000,0.00546,0.00001,0.00210,0.78881,0.00001
11.93600,0.12794,0.16348,0.00010,0.11680,0.00001,0.00537,0.00002,0.00379,0.71041,0.00002
11.96800,0.12794,0.24296,0.00013,0.15865,0.00001,0.01289,0.00006,0.00626,0.57894,0.00010
12.00000,0.12794,0.18709,0.00009,0.11210,0.00001,0.00975,0.00003,0.01149,0.67938,0.00005
12.03200,0.12794,0.20534,0.00008,0.12405,0.00001,0.00732,0.00004,0.02033,0.64277,0.00006
12.06400,0.12794,0.21849,0.00010,0.12460,0.00001,0.00678,0.00006,0.01631,0.63358,0.00007
12.09600,0.12794,0.27136,0.00010,0.16543,0.00002,0.00887,0.00010,0.00954,0.54446,0.00011
12.12800,0.12794,0.26517,0.00007,0.14349,0.00002,0.01438,0.00008,0.00497,0.57173,0.00009
12.16000,0.12794,0.22338,0.00007,0.11526,0.00002,0.01466,0.00005,0.00217,0.64434,0.00005
12.19200,0.12794,0.21566,0.00008,0.12815,0.00002,0.02248,0.00005,0.00108,0.63243,0.00004
12.22400,0.12794,0.21112,0.00009,0.13175,0.00002,0.03487,0.00005,0.00080,0.62125,0.00005
12.25600,0.12794,0.26591,0.00016,0.17245,0.00007,0.04097,0.00010,0.00063,0.51962,0.00009
12.28800,0.12794,0.33212,0.00012,0.23483,0.00009,0.04905,0.00017,0.00057,0.38290,0.00015
12.32000,0.12794,0.34891,0.00015,0.17446,0.00008,0.03076,0.00013,0.00099,0.44434,0.00018
12.35200,0.12794,0.43954,0.00041,0.13834,0.00019,0.01227,0.00019,0.00138,0.40742,0.00027
12.38400,0.12794,0.48197,0.00086,0.09113,0.00020,0.00725,0.00014,0.00238,0.41561,0.00046
12.41600,0.12794,0.47884,0.00178,0.08084,0.00030,0.00675,0.00018,0.00373,0.42691,0.00067
12.44800,0.12794,0.48958,0.00165,0.08977,0.00030,0.00517,0.00022,0.00552,0.40698,0.00082
12.48000,0.12794,0.46249,0.00066,0.11196,0.00017,0.00527,0.00018,0.00602,0.41253,0.00071
12.51200,0.12794,0.45135,0.00027,0.16791,0.00014,0.00502,0.00021,0.00408,0.37061,0.00041
12.54400,0.12794,0.48009,0.00012,0.19844,0.00006,0.00659,0.00014,0.00427,0.30983,0.00046
12.57600,0.12794,0.49239,0.00006,0.27724,0.00006,0.00809,0.00016,0.00250,0.21904,0.00046
12.60800,0.12794,0.49782,0.00004,0.29869,0.00006,0.00773,0.00017,0.00173,0.19331,0.00044
12.64000,0.12794,0.54996,0.00003,0.33084,0.00011,0.00492,0.00026,0.00091,0.11229,0.00070
