Time (seconds), Duration (seconds),pred_unlabeled,pred_down,pred_bottom left,pred_bottom right,pred_left,pred_right,pred_top,pred_top left,pred_top right
0.00000,0.12794,0.99232,0.00000,0.00001,0.00034,0.00000,0.00731,0.00000,0.00000,0.00003
0.03200,0.12794,0.98985,0.00000,0.00002,0.00093,0.00000,0.00915,0.00000,0.00000,0.00005
0.06400,0.12794,0.98271,0.00000,0.00006,0.00318,0.00000,0.01390,0.00000,0.00000,0.00014
0.09600,0.12794,0.97053,0.00003,0.00021,0.00958,0.00000,0.01931,0.00002,0.00001,0.00032
0.12800,0.12794,0.96722,0.00034,0.00059,0.01527,0.00002,0.01585,0.00009,0.00005,0.00058
0.16000,0.12794,0.97298,0.00051,0.00077,0.01167,0.00003,0.01321,0.00012,0.00007,0.00064
0.19200,0.12794,0.98103,0.00079,0.00118,0.00784,0.00005,0.00827,0.00016,0.00016,0.00054
0.22400,0.12794,0.98509,0.00076,0.00091,0.00595,0.00004,0.00653,0.00014,0.00011,0.00047
0.25600,0.12794,0.98012,0.00042,0.00063,0.00870,0.00002,0.00949,0.00009,0.00006,0.00046
0.28800,0.12794,0.97486,0.00013,0.00041,0.01028,0.00001,0.01385,0.00005,0.00003,0.00038
0.32000,0.12794,0.96364,0.00005,0.00023,0.01404,0.00001,0.02166,0.00003,0.00001,0.00034
0.35200,0.12794,0.95116,0.00005,0.00026,0.01852,0.00001,0.02959,0.00003,0.00001,0.00037
0.38400,0.12794,0.93827,0.00005,0.00035,0.02348,0.00001,0.03739,0.00004,0.00002,0.00041
0.41600,0.12794,0.94402,0.00008,0.00034,0.02198,0.00001,0.03308,0.00005,0.00002,0.00042
0.44800,0.12794,0.94975,0.00007,0.00021,0.01941,0.00001,0.03002,0.00004,0.00001,0.00048
0.48000,0.12794,0.95858,0.00004,0.00015,0.01444,0.00000,0.02640,0.00003,0.00001,0.00035
0.51200,0.12794,0.96999,0.00002,0.00010,0.00926,0.00000,0.02035,0.00002,0.00000,0.00027
0.54400,0.12794,0.97119,0.00001,0.00010,0.00805,0.00000,0.02040,0.00001,0.00000,0.00022
0.57600,0.12794,0.97107,0.00001,0.00010,0.00763,0.00000,0.02097,0.00001,0.00000,0.00020
0.60800,0.12794,0.97007,0.00001,0.00010,0.00818,0.00000,0.02138,0.00001,0.00000,0.00024
0.64000,0.12794,0.97353,0.00002,0.00016,0.00725,0.00000,0.01871,0.00002,0.00001,0.00031
0.67200,0.12794,0.98051,0.00006,0.00033,0.00595,0.00001,0.01278,0.00004,0.00002,0.00031
0.70400,0.12794,0.98611,0.00007,0.00035,0.00410,0.00001,0.00898,0.00005,0.00002,0.00031
0.73600,0.12794,0.99055,0.00013,0.00053,0.00247,0.00001,0.00591,0.00008,0.00005,0.00027
0.76800,0.12794,0.98835,0.00014,0.00035,0.00423,0.00001,0.00649,0.00004,0.00002,0.00035
0.80000,0.12794,0.97782,0.00015,0.00028,0.00978,0.00001,0.01137,0.00004,0.00001,0.00054
0.83200,0.12794,0.96448,0.00014,0.00033,0.01591,0.00001,0.01858,0.00005,0.00002,0.00048
0.86400,0.12794,0.94574,0.00008,0.00024,0.02603,0.00001,0.02733,0.00003,0.00001,0.00053
0.89600,0.12794,0.96883,0.00012,0.00037,0.01086,0.00001,0.01929,0.00007,0.00002,0.00043
0.92800,0.12794,0.98088,0.00006,0.00044,0.00503,0.00001,0.01299,0.00007,0.00002,0.00049
0.96000,0.12794,0.98299,0.00009,0.00060,0.00403,0.00001,0.01168,0.00012,0.00004,0.00043
0.99200,0.12794,0.97885,0.00006,0.00042,0.00545,0.00001,0.01439,0.00008,0.00002,0.00071
1.02400,0.12794,0.96743,0.00006,0.00050,0.00930,0.00001,0.02189,0.00008,0.00002,0.00071
1.05600,0.12794,0.96260,0.00006,0.00026,0.01166,0.00001,0.02469,0.00005,0.00001,0.00066
1.08800,0.12794,0.95605,0.00006,0.00029,0.01472,0.00001,0.02813,0.00005,0.00001,0.00069
1.12000,0.12794,0.94938,0.00007,0.00036,0.01706,0.00001,0.03231,0.00006,0.00001,0.00073
1.15200,0.12794,0.93869,0.00004,0.00029,0.02037,0.00001,0.04001,0.00004,0.00001,0.00056
1.18400,0.12794,0.93859,0.00006,0.00034,0.02327,0.00001,0.03710,0.00005,0.00001,0.00057
1.21600,0.12794,0.96130,0.00010,0.00038,0.01360,0.00001,0.02412,0.00006,0.00002,0.00042
1.24800,0.12794,0.96616,0.00017,0.00043,0.01279,0.00001,0.01991,0.00009,0.00003,0.00041
1.28000,0.12794,0.95628,0.00032,0.00050,0.01933,0.00002,0.02252,0.00014,0.00004,0.00086
1.31200,0.12794,0.93571,0.00024,0.00063,0.02779,0.00002,0.03449,0.00015,0.00004,0.00093
1.34400,0.12794,0.92574,0.00037,0.00072,0.03875,0.00003,0.03291,0.00017,0.00006,0.00125
1.37600,0.12794,0.95582,0.00150,0.00591,0.02014,0.00027,0.01278,0.00082,0.00223,0.00053
1.40800,0.12794,0.85436,0.00533,0.04535,0.00464,0.00147,0.00275,0.00314,0.08285,0.00011
1.44000,0.12794,0.19410,0.00587,0.06934,0.00036,0.00218,0.00017,0.00422,0.72376,0.00001
1.47200,0.12794,0.01635,0.00141,0.03758,0.00002,0.00059,0.00001,0.00159,0.94246,0.00000
1.50400,0.12794,0.01951,0.00173,0.04510,0.00001,0.00030,0.00001,0.00209,0.93125,0.00000
1.53600,0.12794,0.03019,0.00139,0.04282,0.00002,0.00023,0.00002,0.00278,0.92254,0.00000
1.56800,0.12794,0.02827,0.00052,0.03000,0.00000,0.00013,0.00001,0.00423,0.93685,0.00000
1.60000,0.12794,0.02415,0.00016,0.01553,0.00000,0.00009,0.00001,0.00461,0.95546,0.00000
1.63200,0.12794,0.01691,0.00004,0.00611,0.00000,0.00006,0.00000,0.00387,0.97302,0.00000
1.66400,0.12794,0.01336,0.00002,0.00454,0.00000,0.00011,0.00000,0.00433,0.97765,0.00000
1.69600,0.12794,0.01953,0.00002,0.00486,0.00000,0.00025,0.00000,0.00444,0.97089,0.00000
1.72800,0.12794,0.02933,0.00004,0.00713,0.00000,0.00057,0.00001,0.00429,0.95864,0.00000
1.76000,0.12794,0.05654,0.00012,0.02374,0.00001,0.00240,0.00003,0.00353,0.91363,0.00001
1.79200,0.12794,0.07978,0.00016,0.04419,0.00001,0.00617,0.00003,0.00253,0.86711,0.00001
1.82400,0.12794,0.09549,0.00028,0.09142,0.00003,0.02166,0.00005,0.00172,0.78932,0.00003
1.85600,0.12794,0.07678,0.00047,0.08407,0.00004,0.02645,0.00004,0.00096,0.81118,0.00002
1.88800,0.12794,0.04315,0.00029,0.03020,0.00002,0.00974,0.00001,0.00062,0.91596,0.00000
1.92000,0.12794,0.03328,0.00041,0.01689,0.00003,0.00317,0.00001,0.00039,0.94580,0.00000
1.95200,0.12794,0.03029,0.00028,0.00890,0.00002,0.00072,0.00001,0.00026,0.95953,0.00000
1.98400,0.12794,0.05161,0.00026,0.01344,0.00002,0.00089,0.00001,0.00040,0.93337,0.00000
2.01600,0.12794,0.08374,0.00020,0.02327,0.00002,0.00145,0.00001,0.00069,0.89062,0.00000
2.04800,0.12794,0.08107,0.00013,0.02205,0.00001,0.00116,0.00001,0.00087,0.89470,0.00001
2.08000,0.12794,0.07661,0.00010,0.02026,0.00001,0.00093,0.00000,0.00107,0.90102,0.00000
2.11200,0.12794,0.04690,0.00003,0.01098,0.00000,0.00026,0.00000,0.00067,0.94115,0.00000
2.14400,0.12794,0.03788,0.00002,0.00812,0.00000,0.00011,0.00000,0.00069,0.95318,0.00000
2.17600,0.12794,0.03227,0.00002,0.00755,0.00000,0.00010,0.00000,0.00110,0.95896,0.00000
2.20800,0.12794,0.01330,0.00000,0.00349,0.00000,0.00003,0.00000,0.00150,0.98167,0.00000
2.24000,0.12794,0.01846,0.00001,0.00669,0.00000,0.00008,0.00000,0.00268,0.97208,0.00000
2.27200,0.12794,0.00748,0.00000,0.00303,0.00000,0.00005,0.00000,0.00138,0.98806,0.00000
2.30400,0.12794,0.00463,0.00000,0.00249,0.00000,0.00003,0.00000,0.00049,0.99235,0.00000
2.33600,0.12794,0.00353,0.00000,0.00189,0.00000,0.00003,0.00000,0.00016,0.99440,0.00000
2.36800,0.12794,0.00161,0.00000,0.00083,0.00000,0.00001,0.00000,0.00007,0.99748,0.00000
2.40000,0.12794,0.00201,0.00000,0.00089,0.00000,0.00001,0.00000,0.00005,0.99703,0.00000
2.43200,0.12794,0.00294,0.00000,0.00130,0.00000,0.00003,0.00000,0.00010,0.99562,0.00000
2.46400,0.12794,0.00484,0.00000,0.00306,0.00000,0.00007,0.00000,0.00014,0.99189,0.00000
2.49600,0.12794,0.00966,0.00000,0.00728,0.00000,0.00023,0.00000,0.00018,0.98265,0.00000
2.52800,0.12794,0.02030,0.00000,0.01917,0.00000,0.00113,0.00000,0.00029,0.95911,0.00000
2.56000,0.12794,0.03143,0.00001,0.02899,0.00000,0.00171,0.00000,0.00036,0.93750,0.00000
2.59200,0.12794,0.04990,0.00001,0.03545,0.00000,0.00409,0.00000,0.00060,0.90995,0.00000
2.62400,0.12794,0.09485,0.00001,0.04979,0.00000,0.00548,0.00001,0.00116,0.84870,0.00000
2.65600,0.12794,0.05330,0.00001,0.02384,0.00000,0.00251,0.00000,0.00129,0.91905,0.00000
2.68800,0.12794,0.03623,0.00001,0.01294,0.00000,0.00161,0.00000,0.00114,0.94807,0.00000
2.72000,0.12794,0.01926,0.00002,0.00624,0.00000,0.00092,0.00000,0.00081,0.97276,0.00000
2.75200,0.12794,0.00468,0.00001,0.00131,0.00000,0.00027,0.00000,0.00042,0.99331,0.00000
2.78400,0.12794,0.00748,0.00002,0.00227,0.00000,0.00105,0.00000,0.00047,0.98871,0.00000
2.81600,0.12794,0.00549,0.00004,0.00168,0.00000,0.00100,0.00000,0.00036,0.99144,0.00000
2.84800,0.12794,0.00421,0.00005,0.00130,0.00000,0.00094,0.00000,0.00029,0.99320,0.00000
2.88000,0.12794,0.00548,0.00034,0.00184,0.00001,0.00218,0.00000,0.00028,0.98987,0.00000
2.91200,0.12794,0.00244,0.00016,0.00064,0.00000,0.00089,0.00000,0.00025,0.99561,0.00000
2.94400,0.12794,0.00343,0.00013,0.00095,0.00000,0.00165,0.00000,0.00035,0.99349,0.00000
2.97600,0.12794,0.00689,0.00012,0.00207,0.00000,0.00315,0.00000,0.00052,0.98725,0.00000
3.00800,0.12794,0.00959,0.00007,0.00239,0.00000,0.00227,0.00000,0.00083,0.98485,0.00000
3.04000,0.12794,0.01507,0.00006,0.00466,0.00000,0.00625,0.00000,0.00116,0.97279,0.00000
3.07200,0.12794,0.01420,0.00004,0.00494,0.00000,0.00835,0.00000,0.00172,0.97074,0.00000
3.10400,0.12794,0.01551,0.00007,0.00501,0.00000,0.00388,0.00000,0.00138,0.97414,0.00000
3.13600,0.12794,0.01149,0.00003,0.00386,0.00000,0.00241,0.00000,0.00135,0.98085,0.00000
3.16800,0.12794,0.01614,0.00004,0.00504,0.00000,0.00090,0.00000,0.00097,0.97690,0.00000
3.20000,0.12794,0.01043,0.00002,0.00280,0.00000,0.00046,0.00000,0.00077,0.98551,0.00000
3.23200,0.12794,0.01141,0.00002,0.00318,0.00000,0.00098,0.00000,0.00123,0.98318,0.00000
3.26400,0.12794,0.01340,0.00004,0.00347,0.00000,0.00228,0.00000,0.00168,0.97913,0.00000
3.29600,0.12794,0.00760,0.00002,0.00203,0.00000,0.00196,0.00000,0.00183,0.98656,0.00000
3.32800,0.12794,0.02231,0.00005,0.00698,0.00000,0.00464,0.00001,0.00387,0.96214,0.00000
3.36000,0.12794,0.02887,0.00006,0.01146,0.00001,0.01834,0.00001,0.00237,0.93889,0.00000
3.39200,0.12794,0.08082,0.00005,0.04733,0.00001,0.02899,0.00004,0.00141,0.84134,0.00000
3.42400,0.12794,0.14187,0.00005,0.09997,0.00003,0.04691,0.00009,0.00112,0.70995,0.00001
3.45600,0.12794,0.12136,0.00002,0.09309,0.00001,0.03453,0.00004,0.00041,0.75052,0.00000
3.48800,0.12794,0.11670,0.00002,0.08426,0.00001,0.01182,0.00002,0.00051,0.78665,0.00000
3.52000,0.12794,0.10704,0.00001,0.07362,0.00000,0.00696,0.00001,0.00042,0.81194,0.00000
3.55200,0.12794,0.19238,0.00001,0.12539,0.00001,0.00302,0.00002,0.00029,0.67890,0.00000
3.58400,0.12794,0.35665,0.00001,0.24947,0.00001,0.00183,0.00004,0.00018,0.39180,0.00000
3.61600,0.12794,0.40560,0.00000,0.30513,0.00001,0.00086,0.00004,0.00012,0.28825,0.00000
3.64800,0.12794,0.26062,0.00000,0.15774,0.00000,0.00044,0.00001,0.00034,0.58084,0.00000
3.68000,0.12794,0.13359,0.00001,0.09424,0.00000,0.00056,0.00001,0.00101,0.77058,0.00000
3.71200,0.12794,0.03340,0.00001,0.02680,0.00000,0.00032,0.00000,0.00147,0.93800,0.00000
3.74400,0.12794,0.01466,0.00001,0.01164,0.00000,0.00018,0.00000,0.00161,0.97190,0.00000
3.77600,0.12794,0.01096,0.00001,0.00892,0.00000,0.00014,0.00000,0.00131,0.97866,0.00000
3.80800,0.12794,0.00589,0.00000,0.00356,0.00000,0.00004,0.00000,0.00060,0.98990,0.00000
3.84000,0.12794,0.00396,0.00000,0.00164,0.00000,0.00002,0.00000,0.00064,0.99374,0.00000
3.87200,0.12794,0.00353,0.00001,0.00125,0.00000,0.00002,0.00000,0.00080,0.99439,0.00000
3.90400,0.12794,0.00388,0.00001,0.00147,0.00000,0.00003,0.00000,0.00059,0.99401,0.00000
3.93600,0.12794,0.00506,0.00002,0.00222,0.00000,0.00004,0.00000,0.00032,0.99235,0.00000
3.96800,0.12794,0.00675,0.00001,0.00349,0.00000,0.00006,0.00000,0.00014,0.98955,0.00000
4.00000,0.12794,0.00770,0.00001,0.00368,0.00000,0.00004,0.00000,0.00006,0.98851,0.00000
4.03200,0.12794,0.00759,0.00001,0.00320,0.00000,0.00005,0.00000,0.00008,0.98907,0.00000
4.06400,0.12794,0.00572,0.00001,0.00175,0.00000,0.00008,0.00000,0.00046,0.99199,0.00000
4.09600,0.12794,0.00870,0.00001,0.00224,0.00000,0.00013,0.00000,0.00225,0.98667,0.00000
4.12800,0.12794,0.00896,0.00001,0.00195,0.00000,0.00012,0.00000,0.01228,0.97668,0.00000
4.16000,0.12794,0.01096,0.00001,0.00224,0.00000,0.00009,0.00000,0.02336,0.96334,0.00000
4.19200,0.12794,0.01876,0.00003,0.00389,0.00000,0.00010,0.00000,0.02395,0.95327,0.00000
4.22400,0.12794,0.01479,0.00002,0.00328,0.00000,0.00004,0.00000,0.01762,0.96425,0.00000
4.25600,0.12794,0.01260,0.00001,0.00344,0.00000,0.00003,0.00000,0.00542,0.97850,0.00000
4.28800,0.12794,0.02174,0.00001,0.00644,0.00000,0.00003,0.00000,0.00239,0.96940,0.00000
4.32000,0.12794,0.03223,0.00000,0.01191,0.00000,0.00002,0.00000,0.00086,0.95497,0.00000
4.35200,0.12794,0.03571,0.00000,0.00964,0.00000,0.00001,0.00000,0.00036,0.95428,0.00000
4.38400,0.12794,0.05245,0.00000,0.01231,0.00000,0.00002,0.00000,0.00032,0.93489,0.00000
4.41600,0.12794,0.05225,0.00001,0.01061,0.00000,0.00001,0.00000,0.00040,0.93671,0.00000
4.44800,0.12794,0.04802,0.00001,0.00776,0.00000,0.00002,0.00000,0.00047,0.94373,0.00000
4.48000,0.12794,0.06055,0.00002,0.00948,0.00000,0.00003,0.00000,0.00066,0.92925,0.00000
4.51200,0.12794,0.07396,0.00003,0.01170,0.00000,0.00005,0.00000,0.00075,0.91351,0.00000
4.54400,0.12794,0.08006,0.00003,0.01261,0.00000,0.00009,0.00000,0.00084,0.90637,0.00000
4.57600,0.12794,0.07634,0.00002,0.01117,0.00000,0.00009,0.00000,0.00079,0.91159,0.00000
4.60800,0.12794,0.14531,0.00002,0.02155,0.00000,0.00010,0.00000,0.00059,0.83243,0.00000
4.64000,0.12794,0.17991,0.00001,0.02463,0.00000,0.00006,0.00001,0.00053,0.79484,0.00000
4.67200,0.12794,0.17137,0.00001,0.02012,0.00000,0.00003,0.00000,0.00050,0.80797,0.00000
4.70400,0.12794,0.19827,0.00001,0.02779,0.00000,0.00004,0.00000,0.00050,0.77339,0.00000
4.73600,0.12794,0.14277,0.00001,0.02134,0.00000,0.00004,0.00000,0.00059,0.83524,0.00000
4.76800,0.12794,0.09523,0.00001,0.01411,0.00000,0.00004,0.00000,0.00047,0.89013,0.00000
4.80000,0.12794,0.05518,0.00001,0.00801,0.00000,0.00003,0.00000,0.00029,0.93648,0.00000
4.83200,0.12794,0.02972,0.00001,0.00434,0.00000,0.00003,0.00000,0.00034,0.96556,0.00000
4.86400,0.12794,0.01326,0.00001,0.00193,0.00000,0.00001,0.00000,0.00024,0.98455,0.00000
4.89600,0.12794,0.01761,0.00001,0.00283,0.00000,0.00002,0.00000,0.00027,0.97926,0.00000
4.92800,0.12794,0.02296,0.00001,0.00416,0.00000,0.00003,0.00000,0.00029,0.97254,0.00000
4.96000,0.12794,0.03192,0.00002,0.00566,0.00000,0.00004,0.00000,0.00023,0.96213,0.00000
4.99200,0.12794,0.03660,0.00003,0.00682,0.00000,0.00007,0.00000,0.00025,0.95622,0.00000
5.02400,0.12794,0.02248,0.00003,0.00448,0.00000,0.00012,0.00000,0.00024,0.97264,0.00000
5.05600,0.12794,0.02785,0.00005,0.00598,0.00000,0.00027,0.00000,0.00024,0.96560,0.00000
5.08800,0.12794,0.02342,0.00008,0.00620,0.00000,0.00058,0.00000,0.00028,0.96944,0.00000
5.12000,0.12794,0.02721,0.00019,0.00776,0.00001,0.00125,0.00001,0.00031,0.96326,0.00000
5.15200,0.12794,0.03073,0.00024,0.00920,0.00001,0.00075,0.00001,0.00022,0.95885,0.00000
5.18400,0.12794,0.01883,0.00026,0.00572,0.00001,0.00036,0.00000,0.00017,0.97465,0.00000
5.21600,0.12794,0.01492,0.00020,0.00422,0.00000,0.00016,0.00000,0.00012,0.98037,0.00000
5.24800,0.12794,0.01095,0.00015,0.00362,0.00000,0.00007,0.00000,0.00009,0.98512,0.00000
5.28000,0.12794,0.00836,0.00017,0.00367,0.00000,0.00007,0.00000,0.00009,0.98763,0.00000
5.31200,0.12794,0.00734,0.00022,0.00368,0.00000,0.00008,0.00000,0.00011,0.98856,0.00000
5.34400,0.12794,0.00856,0.00032,0.00533,0.00000,0.00009,0.00000,0.00014,0.98554,0.00000
5.37600,0.12794,0.00908,0.00051,0.00670,0.00000,0.00016,0.00000,0.00017,0.98338,0.00000
5.40800,0.12794,0.01130,0.00079,0.01026,0.00001,0.00031,0.00000,0.00020,0.97713,0.00000
5.44000,0.12794,0.01571,0.00091,0.01966,0.00001,0.00041,0.00000,0.00021,0.96309,0.00000
5.47200,0.12794,0.01469,0.00071,0.02033,0.00001,0.00044,0.00000,0.00025,0.96356,0.00000
5.50400,0.12794,0.01810,0.00070,0.03140,0.00001,0.00067,0.00001,0.00031,0.94880,0.00000
5.53600,0.12794,0.01951,0.00061,0.04014,0.00001,0.00112,0.00001,0.00041,0.93820,0.00000
5.56800,0.12794,0.02044,0.00054,0.05423,0.00001,0.00148,0.00001,0.00058,0.92271,0.00000
5.60000,0.12794,0.02513,0.00069,0.10875,0.00001,0.00209,0.00001,0.00056,0.86277,0.00000
5.63200,0.12794,0.02359,0.00071,0.14496,0.00001,0.00129,0.00000,0.00053,0.82889,0.00000
5.66400,0.12794,0.02300,0.00113,0.19745,0.00001,0.00078,0.00000,0.00054,0.77710,0.00000
5.69600,0.12794,0.02001,0.00124,0.17667,0.00001,0.00045,0.00000,0.00051,0.80111,0.00000
5.72800,0.12794,0.01547,0.00128,0.14676,0.00000,0.00032,0.00000,0.00055,0.83561,0.00000
5.76000,0.12794,0.01875,0.00146,0.15907,0.00000,0.00038,0.00000,0.00070,0.81962,0.00000
5.79200,0.12794,0.01931,0.00108,0.13626,0.00000,0.00035,0.00000,0.00081,0.84218,0.00000
5.82400,0.12794,0.02533,0.00117,0.14820,0.00001,0.00051,0.00001,0.00109,0.82369,0.00000
5.85600,0.12794,0.03595,0.00118,0.15938,0.00001,0.00089,0.00001,0.00164,0.80092,0.00000
5.88800,0.12794,0.03397,0.00116,0.15831,0.00001,0.00118,0.00001,0.00223,0.80313,0.00000
5.92000,0.12794,0.03737,0.00133,0.19413,0.00001,0.00181,0.00002,0.00294,0.76238,0.00000
5.95200,0.12794,0.03302,0.00085,0.15155,0.00001,0.00133,0.00001,0.00382,0.80941,0.00000
5.98400,0.12794,0.02360,0.00075,0.14552,0.00000,0.00079,0.00001,0.00392,0.82542,0.00000
6.01600,0.12794,0.02406,0.00085,0.17055,0.00000,0.00086,0.00001,0.00394,0.79973,0.00000
6.04800,0.12794,0.01946,0.00057,0.10682,0.00000,0.00073,0.00000,0.00275,0.86966,0.00000
6.08000,0.12794,0.02020,0.00084,0.12595,0.00000,0.00095,0.00000,0.00209,0.84996,0.00000
6.11200,0.12794,0.02031,0.00078,0.08655,0.00001,0.00080,0.00000,0.00165,0.88989,0.00000
6.14400,0.12794,0.01677,0.00055,0.05343,0.00000,0.00037,0.00000,0.00134,0.92753,0.00000
6.17600,0.12794,0.01918,0.00082,0.05951,0.00000,0.00022,0.00000,0.00183,0.91844,0.00000
6.20800,0.12794,0.02325,0.00152,0.09214,0.00001,0.00020,0.00001,0.00268,0.88020,0.00000
6.24000,0.12794,0.02399,0.00146,0.09670,0.00001,0.00017,0.00001,0.00345,0.87421,0.00000
6.27200,0.12794,0.02071,0.00085,0.06168,0.00000,0.00015,0.00001,0.00450,0.91210,0.00000
6.30400,0.12794,0.01363,0.00028,0.02778,0.00000,0.00009,0.00000,0.00468,0.95355,0.00000
6.33600,0.12794,0.01150,0.00013,0.01676,0.00000,0.00009,0.00000,0.00448,0.96703,0.00000
6.36800,0.12794,0.01042,0.00008,0.01122,0.00000,0.00007,0.00000,0.00490,0.97331,0.00000
6.40000,0.12794,0.01407,0.00010,0.01467,0.00000,0.00011,0.00000,0.00545,0.96560,0.00000
6.43200,0.12794,0.01893,0.00026,0.03085,0.00000,0.00019,0.00000,0.00426,0.94550,0.00000
6.46400,0.12794,0.02052,0.00050,0.05247,0.00000,0.00033,0.00001,0.00372,0.92245,0.00000
6.49600,0.12794,0.02047,0.00089,0.10321,0.00000,0.00051,0.00001,0.00166,0.87324,0.00000
6.52800,0.12794,0.01946,0.00115,0.11208,0.00001,0.00082,0.00000,0.00085,0.86562,0.00000
6.56000,0.12794,0.01711,0.00053,0.04064,0.00000,0.00045,0.00000,0.00040,0.94086,0.00000
6.59200,0.12794,0.01777,0.00029,0.02155,0.00000,0.00037,0.00000,0.00025,0.95976,0.00000
6.62400,0.12794,0.01492,0.00011,0.00648,0.00000,0.00021,0.00000,0.00022,0.97806,0.00000
6.65600,0.12794,0.01749,0.00004,0.00448,0.00000,0.00009,0.00000,0.00022,0.97767,0.00000
6.68800,0.12794,0.03218,0.00003,0.00708,0.00000,0.00013,0.00000,0.00034,0.96023,0.00000
6.72000,0.12794,0.04204,0.00003,0.00823,0.00000,0.00013,0.00000,0.00046,0.94912,0.00000
6.75200,0.12794,0.07243,0.00004,0.01372,0.00000,0.00017,0.00000,0.00070,0.91293,0.00000
6.78400,0.12794,0.07981,0.00003,0.01501,0.00000,0.00013,0.00000,0.00062,0.90440,0.00000
6.81600,0.12794,0.06638,0.00003,0.01481,0.00000,0.00012,0.00000,0.00087,0.91779,0.00000
6.84800,0.12794,0.05092,0.00003,0.01148,0.00000,0.00010,0.00000,0.00177,0.93569,0.00000
6.88000,0.12794,0.03638,0.00002,0.00843,0.00000,0.00008,0.00000,0.00354,0.95154,0.00000
6.91200,0.12794,0.02425,0.00002,0.00570,0.00000,0.00011,0.00000,0.01130,0.95862,0.00000
6.94400,0.12794,0.01547,0.00001,0.00408,0.00000,0.00013,0.00000,0.00452,0.97578,0.00000
6.97600,0.12794,0.01124,0.00001,0.00476,0.00000,0.00011,0.00000,0.00128,0.98259,0.00000
7.00800,0.12794,0.00748,0.00000,0.00403,0.00000,0.00011,0.00000,0.00026,0.98812,0.00000
7.04000,0.12794,0.00604,0.00000,0.00434,0.00000,0.00011,0.00000,0.00009,0.98941,0.00000
7.07200,0.12794,0.00594,0.00001,0.00506,0.00000,0.00007,0.00000,0.00018,0.98875,0.00000
7.10400,0.12794,0.00627,0.00000,0.00441,0.00000,0.00009,0.00000,0.00031,0.98893,0.00000
7.13600,0.12794,0.01240,0.00000,0.00980,0.00000,0.00014,0.00000,0.00105,0.97660,0.00000
7.16800,0.12794,0.02724,0.00001,0.02622,0.00000,0.00053,0.00000,0.00220,0.94381,0.00000
7.20000,0.12794,0.04171,0.00001,0.03117,0.00000,0.00095,0.00000,0.00370,0.92247,0.00000
7.23200,0.12794,0.06556,0.00001,0.04355,0.00000,0.00129,0.00001,0.00402,0.88556,0.00000
7.26400,0.12794,0.03949,0.00001,0.02090,0.00000,0.00074,0.00000,0.00175,0.93711,0.00000
7.29600,0.12794,0.03616,0.00001,0.01531,0.00000,0.00054,0.00000,0.00105,0.94691,0.00000
7.32800,0.12794,0.03907,0.00001,0.01306,0.00000,0.00033,0.00000,0.00084,0.94669,0.00000
7.36000,0.12794,0.02613,0.00001,0.00705,0.00000,0.00014,0.00000,0.00104,0.96563,0.00000
7.39200,0.12794,0.04320,0.00001,0.01219,0.00000,0.00016,0.00000,0.00177,0.94267,0.00000
7.42400,0.12794,0.03609,0.00002,0.00739,0.00000,0.00010,0.00000,0.00378,0.95261,0.00000
7.45600,0.12794,0.03381,0.00001,0.00760,0.00000,0.00008,0.00000,0.00221,0.95628,0.00000
7.48800,0.12794,0.06471,0.00002,0.01582,0.00000,0.00013,0.00000,0.00107,0.91824,0.00000
7.52000,0.12794,0.05483,0.00003,0.01331,0.00000,0.00016,0.00000,0.00081,0.93085,0.00000
7.55200,0.12794,0.08082,0.00007,0.02045,0.00001,0.00018,0.00000,0.00059,0.89788,0.00000
7.58400,0.12794,0.05821,0.00024,0.01177,0.00001,0.00019,0.00000,0.00064,0.92894,0.00000
7.61600,0.12794,0.05653,0.00029,0.01050,0.00001,0.00017,0.00000,0.00076,0.93174,0.00000
7.64800,0.12794,0.07907,0.00026,0.01183,0.00002,0.00012,0.00001,0.00089,0.90781,0.00000
7.68000,0.12794,0.06501,0.00009,0.00931,0.00001,0.00007,0.00000,0.00071,0.92480,0.00000
7.71200,0.12794,0.10491,0.00006,0.01760,0.00001,0.00011,0.00001,0.00073,0.87657,0.00000
7.74400,0.12794,0.04211,0.00003,0.00705,0.00000,0.00008,0.00000,0.00072,0.95000,0.00000
7.77600,0.12794,0.01787,0.00002,0.00296,0.00000,0.00006,0.00000,0.00051,0.97857,0.00000
7.80800,0.12794,0.01057,0.00004,0.00154,0.00000,0.00005,0.00000,0.00046,0.98734,0.00000
7.84000,0.12794,0.00852,0.00006,0.00132,0.00000,0.00006,0.00000,0.00043,0.98960,0.00000
7.87200,0.12794,0.01730,0.00014,0.00281,0.00000,0.00014,0.00000,0.00050,0.97911,0.00000
7.90400,0.12794,0.03842,0.00014,0.00876,0.00001,0.00058,0.00001,0.00063,0.95145,0.00000
7.93600,0.12794,0.04428,0.00007,0.01406,0.00001,0.00184,0.00001,0.00054,0.93919,0.00000
7.96800,0.12794,0.04054,0.00015,0.01130,0.00002,0.00156,0.00001,0.00034,0.94607,0.00000
8.00000,0.12794,0.05167,0.00022,0.01217,0.00002,0.00119,0.00001,0.00054,0.93418,0.00000
8.03200,0.12794,0.05370,0.00022,0.01344,0.00003,0.00147,0.00001,0.00052,0.93061,0.00000
8.06400,0.12794,0.06515,0.00029,0.01627,0.00003,0.00082,0.00001,0.00051,0.91692,0.00000
8.09600,0.12794,0.11641,0.00008,0.04309,0.00002,0.00189,0.00002,0.00087,0.83763,0.00000
8.12800,0.12794,0.23233,0.00003,0.10525,0.00002,0.00117,0.00003,0.00044,0.66073,0.00000
8.16000,0.12794,0.21173,0.00002,0.07916,0.00001,0.00035,0.00002,0.00072,0.70800,0.00000
8.19200,0.12794,0.18319,0.00001,0.06228,0.00000,0.00011,0.00001,0.00128,0.75312,0.00000
8.22400,0.12794,0.09327,0.00000,0.02447,0.00000,0.00002,0.00000,0.00133,0.88090,0.00000
8.25600,0.12794,0.02855,0.00000,0.00834,0.00000,0.00002,0.00000,0.00113,0.96196,0.00000
8.28800,0.12794,0.05299,0.00000,0.01952,0.00000,0.00003,0.00000,0.00103,0.92643,0.00000
8.32000,0.12794,0.03938,0.00000,0.01951,0.00000,0.00005,0.00000,0.00061,0.94045,0.00000
8.35200,0.12794,0.03907,0.00000,0.03391,0.00000,0.00020,0.00000,0.00075,0.92607,0.00000
8.38400,0.12794,0.03932,0.00001,0.04530,0.00000,0.00062,0.00000,0.00125,0.91350,0.00000
8.41600,0.12794,0.01710,0.00002,0.02008,0.00000,0.00108,0.00000,0.00159,0.96013,0.00000
8.44800,0.12794,0.01637,0.00003,0.01790,0.00000,0.00156,0.00000,0.00223,0.96191,0.00000
8.48000,0.12794,0.00983,0.00001,0.00699,0.00000,0.00042,0.00000,0.00079,0.98196,0.00000
8.51200,0.12794,0.00617,0.00001,0.00464,0.00000,0.00009,0.00000,0.00047,0.98863,0.00000
8.54400,0.12794,0.00500,0.00000,0.00425,0.00000,0.00004,0.00000,0.00035,0.99035,0.00000
8.57600,0.12794,0.00568,0.00000,0.00513,0.00000,0.00005,0.00000,0.00015,0.98899,0.00000
8.60800,0.12794,0.00886,0.00000,0.00768,0.00000,0.00006,0.00000,0.00013,0.98327,0.00000
8.64000,0.12794,0.01078,0.00000,0.00721,0.00000,0.00007,0.00000,0.00010,0.98184,0.00000
8.67200,0.12794,0.00696,0.00000,0.00367,0.00000,0.00003,0.00000,0.00004,0.98930,0.00000
8.70400,0.12794,0.00706,0.00000,0.00313,0.00000,0.00001,0.00000,0.00008,0.98972,0.00000
8.73600,0.12794,0.00268,0.00000,0.00084,0.00000,0.00000,0.00000,0.00018,0.99630,0.00000
8.76800,0.12794,0.00154,0.00000,0.00032,0.00000,0.00000,0.00000,0.00057,0.99757,0.00000
8.80000,0.12794,0.00243,0.00000,0.00043,0.00000,0.00000,0.00000,0.00216,0.99498,0.00000
8.83200,0.12794,0.00169,0.00000,0.00028,0.00000,0.00000,0.00000,0.00294,0.99509,0.00000
8.86400,0.12794,0.00375,0.00000,0.00084,0.00000,0.00001,0.00000,0.00448,0.99093,0.00000
8.89600,0.12794,0.00628,0.00000,0.00187,0.00000,0.00001,0.00000,0.00259,0.98924,0.00000
8.92800,0.12794,0.00478,0.00000,0.00143,0.00000,0.00001,0.00000,0.00216,0.99162,0.00000
8.96000,0.12794,0.00879,0.00000,0.00258,0.00000,0.00001,0.00000,0.00166,0.98696,0.00000
8.99200,0.12794,0.01422,0.00000,0.00401,0.00000,0.00001,0.00000,0.00107,0.98069,0.00000
9.02400,0.12794,0.02995,0.00000,0.00708,0.00000,0.00002,0.00000,0.00096,0.96198,0.00000
9.05600,0.12794,0.07995,0.00002,0.01879,0.00000,0.00008,0.00000,0.00075,0.90041,0.00000
9.08800,0.12794,0.10281,0.00003,0.02224,0.00000,0.00009,0.00000,0.00058,0.87424,0.00000
9.12000,0.12794,0.15572,0.00005,0.03018,0.00000,0.00015,0.00001,0.00059,0.81329,0.00000
9.15200,0.12794,0.11968,0.00008,0.02007,0.00000,0.00016,0.00000,0.00067,0.85934,0.00000
9.18400,0.12794,0.07248,0.00003,0.01065,0.00000,0.00008,0.00000,0.00073,0.91603,0.00000
9.21600,0.12794,0.05710,0.00003,0.00834,0.00000,0.00011,0.00000,0.00139,0.93303,0.00000
9.24800,0.12794,0.03917,0.00001,0.00512,0.00000,0.00005,0.00000,0.00159,0.95405,0.00000
9.28000,0.12794,0.05697,0.00001,0.00697,0.00000,0.00005,0.00000,0.00117,0.93483,0.00000
9.31200,0.12794,0.08644,0.00001,0.00976,0.00000,0.00006,0.00000,0.00103,0.90269,0.00000
9.34400,0.12794,0.10987,0.00001,0.01309,0.00000,0.00005,0.00000,0.00063,0.87634,0.00000
9.37600,0.12794,0.10594,0.00002,0.01420,0.00000,0.00009,0.00000,0.00050,0.87925,0.00000
9.40800,0.12794,0.10508,0.00003,0.01738,0.00000,0.00014,0.00000,0.00059,0.87678,0.00000
9.44000,0.12794,0.09777,0.00004,0.01787,0.00000,0.00015,0.00000,0.00043,0.88372,0.00000
9.47200,0.12794,0.10674,0.00006,0.01894,0.00001,0.00016,0.00001,0.00039,0.87370,0.00000
9.50400,0.12794,0.07032,0.00004,0.01193,0.00000,0.00008,0.00000,0.00032,0.91731,0.00000
9.53600,0.12794,0.05298,0.00003,0.00893,0.00000,0.00006,0.00000,0.00036,0.93764,0.00000
9.56800,0.12794,0.03642,0.00003,0.00639,0.00000,0.00005,0.00000,0.00043,0.95668,0.00000
9.60000,0.12794,0.02138,0.00002,0.00363,0.00000,0.00003,0.00000,0.00036,0.97459,0.00000
9.63200,0.12794,0.02920,0.00003,0.00500,0.00000,0.00004,0.00000,0.00034,0.96539,0.00000
9.66400,0.12794,0.02336,0.00002,0.00417,0.00000,0.00004,0.00000,0.00025,0.97216,0.00000
9.69600,0.12794,0.01938,0.00003,0.00371,0.00000,0.00006,0.00000,0.00022,0.97660,0.00000
9.72800,0.12794,0.02737,0.00006,0.00590,0.00000,0.00019,0.00000,0.00028,0.96620,0.00000
9.76000,0.12794,0.01237,0.00004,0.00321,0.00000,0.00016,0.00000,0.00020,0.98402,0.00000
9.79200,0.12794,0.00904,0.00004,0.00320,0.00000,0.00025,0.00000,0.00016,0.98730,0.00000
9.82400,0.12794,0.01109,0.00005,0.00408,0.00000,0.00023,0.00000,0.00013,0.98441,0.00000
9.85600,0.12794,0.00852,0.00004,0.00326,0.00000,0.00012,0.00000,0.00009,0.98796,0.00000
9.88800,0.12794,0.01235,0.00005,0.00477,0.00000,0.00010,0.00000,0.00009,0.98263,0.00000
9.92000,0.12794,0.01372,0.00008,0.00475,0.00000,0.00008,0.00000,0.00009,0.98128,0.00000
9.95200,0.12794,0.00821,0.00013,0.00383,0.00000,0.00007,0.00000,0.00008,0.98769,0.00000
9.98400,0.12794,0.00597,0.00015,0.00351,0.00000,0.00005,0.00000,0.00007,0.99025,0.00000
10.01600,0.12794,0.00660,0.00037,0.00468,0.00000,0.00006,0.00000,0.00011,0.98819,0.00000
10.04800,0.12794,0.00809,0.00051,0.00655,0.00000,0.00007,0.00000,0.00014,0.98463,0.00000
10.08000,0.12794,0.01046,0.00057,0.00943,0.00000,0.00009,0.00000,0.00020,0.97924,0.00000
10.11200,0.12794,0.01383,0.00058,0.01424,0.00000,0.00018,0.00000,0.00028,0.97088,0.00000
10.14400,0.12794,0.01594,0.00067,0.01875,0.00001,0.00050,0.00000,0.00033,0.96380,0.00000
10.17600,0.12794,0.02196,0.00069,0.03139,0.00002,0.00165,0.00001,0.00050,0.94379,0.00000
10.20800,0.12794,0.02465,0.00049,0.04038,0.00002,0.00493,0.00001,0.00050,0.92901,0.00000
10.24000,0.12794,0.03041,0.00054,0.07751,0.00003,0.01001,0.00001,0.00058,0.88090,0.00001
10.27200,0.12794,0.03575,0.00042,0.11745,0.00003,0.01618,0.00001,0.00062,0.82952,0.00001
10.30400,0.12794,0.03769,0.00046,0.15261,0.00002,0.00998,0.00001,0.00052,0.79870,0.00001
10.33600,0.12794,0.04291,0.00093,0.22468,0.00003,0.00707,0.00001,0.00058,0.72378,0.00001
10.36800,0.12794,0.03255,0.00074,0.16813,0.00002,0.00416,0.00001,0.00053,0.79386,0.00000
10.40000,0.12794,0.03084,0.00134,0.21233,0.00002,0.00220,0.00001,0.00052,0.75274,0.00000
10.43200,0.12794,0.02449,0.00133,0.20352,0.00001,0.00128,0.00001,0.00056,0.76881,0.00000
10.46400,0.12794,0.02769,0.00122,0.23949,0.00001,0.00089,0.00001,0.00071,0.72999,0.00000
10.49600,0.12794,0.03051,0.00165,0.28619,0.00001,0.00074,0.00001,0.00104,0.67985,0.00000
10.52800,0.12794,0.03390,0.00151,0.27365,0.00001,0.00075,0.00001,0.00139,0.68880,0.00000
10.56000,0.12794,0.03535,0.00117,0.25204,0.00001,0.00071,0.00001,0.00170,0.70901,0.00000
10.59200,0.12794,0.03346,0.00072,0.17551,0.00000,0.00055,0.00001,0.00233,0.78742,0.00000
10.62400,0.12794,0.06369,0.00059,0.16495,0.00001,0.00189,0.00002,0.00158,0.76727,0.00000
10.65600,0.12794,0.05854,0.00044,0.10171,0.00001,0.00132,0.00001,0.00179,0.83617,0.00000
10.68800,0.12794,0.05380,0.00046,0.09410,0.00001,0.00108,0.00001,0.00204,0.84850,0.00000
10.72000,0.12794,0.05001,0.00053,0.08864,0.00001,0.00129,0.00001,0.00167,0.85782,0.00000
10.75200,0.12794,0.01820,0.00043,0.05671,0.00000,0.00020,0.00000,0.00241,0.92204,0.00000
10.78400,0.12794,0.01695,0.00057,0.05919,0.00000,0.00020,0.00000,0.00215,0.92094,0.00000
10.81600,0.12794,0.02079,0.00108,0.07500,0.00000,0.00028,0.00001,0.00266,0.90018,0.00000
10.84800,0.12794,0.01629,0.00116,0.06168,0.00000,0.00019,0.00000,0.00291,0.91777,0.00000
10.88000,0.12794,0.02180,0.00157,0.08144,0.00001,0.00025,0.00001,0.00367,0.89126,0.00000
10.91200,0.12794,0.02413,0.00119,0.09446,0.00000,0.00026,0.00001,0.00572,0.87424,0.00000
10.94400,0.12794,0.01976,0.00043,0.04532,0.00000,0.00016,0.00001,0.00540,0.92892,0.00000
10.97600,0.12794,0.02521,0.00026,0.04624,0.00000,0.00017,0.00001,0.00747,0.92064,0.00000
11.00800,0.12794,0.02465,0.00013,0.02827,0.00000,0.00016,0.00001,0.00722,0.93956,0.00000
11.04000,0.12794,0.02088,0.00007,0.01739,0.00000,0.00015,0.00000,0.00620,0.95531,0.00000
11.07200,0.12794,0.02502,0.00008,0.02284,0.00000,0.00022,0.00000,0.00715,0.94467,0.00000
11.10400,0.12794,0.02225,0.00014,0.02966,0.00000,0.00022,0.00000,0.00577,0.94195,0.00000
11.13600,0.12794,0.02392,0.00033,0.06530,0.00000,0.00034,0.00000,0.00425,0.90586,0.00000
11.16800,0.12794,0.03032,0.00100,0.19252,0.00001,0.00080,0.00001,0.00265,0.77270,0.00000
11.20000,0.12794,0.02879,0.00178,0.19768,0.00001,0.00094,0.00001,0.00139,0.76940,0.00000
11.23200,0.12794,0.03034,0.00126,0.10646,0.00002,0.00088,0.00001,0.00057,0.86046,0.00000
11.26400,0.12794,0.01900,0.00039,0.02948,0.00001,0.00053,0.00000,0.00033,0.95025,0.00000
11.29600,0.12794,0.01784,0.00012,0.00845,0.00000,0.00021,0.00000,0.00026,0.97311,0.00000
11.32800,0.12794,0.01934,0.00005,0.00640,0.00000,0.00011,0.00000,0.00022,0.97388,0.00000
11.36000,0.12794,0.03308,0.00003,0.00760,0.00000,0.00012,0.00000,0.00031,0.95886,0.00000
11.39200,0.12794,0.06548,0.00002,0.01108,0.00000,0.00008,0.00000,0.00062,0.92273,0.00000
11.42400,0.12794,0.09687,0.00002,0.01562,0.00000,0.00008,0.00000,0.00074,0.88666,0.00000
11.45600,0.12794,0.12399,0.00002,0.01842,0.00000,0.00006,0.00000,0.00064,0.85685,0.00000
11.48800,0.12794,0.09652,0.00002,0.01896,0.00000,0.00006,0.00000,0.00094,0.88349,0.00000
11.52000,0.12794,0.05789,0.00002,0.01415,0.00000,0.00006,0.00000,0.00124,0.92664,0.00000
11.55200,0.12794,0.02571,0.00001,0.00727,0.00000,0.00003,0.00000,0.00173,0.96525,0.00000
11.58400,0.12794,0.00891,0.00000,0.00272,0.00000,0.00002,0.00000,0.00261,0.98574,0.00000
11.61600,0.12794,0.00434,0.00000,0.00145,0.00000,0.00002,0.00000,0.00116,0.99303,0.00000
11.64800,0.12794,0.00330,0.00000,0.00139,0.00000,0.00001,0.00000,0.00037,0.99493,0.00000
11.68000,0.12794,0.00318,0.00000,0.00162,0.00000,0.00001,0.00000,0.00011,0.99507,0.00000
11.71200,0.12794,0.00535,0.00000,0.00366,0.00000,0.00002,0.00000,0.00010,0.99087,0.00000
11.74400,0.12794,0.00616,0.00000,0.00450,0.00000,0.00002,0.00000,0.00026,0.98906,0.00000
11.77600,0.12794,0.00572,0.00000,0.00338,0.00000,0.00002,0.00000,0.00041,0.99047,0.00000
11.80800,0.12794,0.00652,0.00000,0.00398,0.00000,0.00005,0.00000,0.00116,0.98829,0.00000
11.84000,0.12794,0.00979,0.00001,0.00670,0.00000,0.00018,0.00000,0.00205,0.98127,0.00000
11.87200,0.12794,0.01093,0.00001,0.00627,0.00000,0.00022,0.00000,0.00254,0.98003,0.00000
11.90400,0.12794,0.01969,0.00001,0.01093,0.00000,0.00021,0.00000,0.00319,0.96598,0.00000
11.93600,0.12794,0.04640,0.00001,0.02308,0.00000,0.00020,0.00000,0.00279,0.92752,0.00000
11.96800,0.12794,0.05992,0.00000,0.02476,0.00000,0.00013,0.00000,0.00146,0.91372,0.00000
12.00000,0.12794,0.16224,0.00000,0.07402,0.00000,0.00027,0.00001,0.00065,0.76280,0.00000
12.03200,0.12794,0.13684,0.00001,0.06146,0.00000,0.00042,0.00001,0.00044,0.80083,0.00000
12.06400,0.12794,0.08562,0.00001,0.03748,0.00000,0.00049,0.00000,0.00053,0.87587,0.00000
12.09600,0.12794,0.03600,0.00000,0.01193,0.00000,0.00012,0.00000,0.00041,0.95153,0.00000
12.12800,0.12794,0.04232,0.00000,0.01436,0.00000,0.00015,0.00000,0.00040,0.94277,0.00000
12.16000,0.12794,0.04787,0.00001,0.01517,0.00000,0.00010,0.00000,0.00027,0.93658,0.00000
12.19200,0.12794,0.07651,0.00001,0.02128,0.00000,0.00009,0.00000,0.00023,0.90188,0.00000
12.22400,0.12794,0.10366,0.00006,0.02887,0.00001,0.00023,0.00001,0.00024,0.86692,0.00000
12.25600,0.12794,0.03727,0.00006,0.00767,0.00000,0.00010,0.00000,0.00017,0.95472,0.00000
12.28800,0.12794,0.04210,0.00007,0.00747,0.00000,0.00012,0.00000,0.00029,0.94995,0.00000
12.32000,0.12794,0.03207,0.00006,0.00599,0.00000,0.00014,0.00000,0.00029,0.96145,0.00000
12.35200,0.12794,0.05205,0.00007,0.00979,0.00001,0.00016,0.00000,0.00044,0.93749,0.00000
12.38400,0.12794,0.06202,0.00005,0.01380,0.00001,0.00029,0.00001,0.00082,0.92301,0.00000
12.41600,0.12794,0.03653,0.00003,0.00843,0.00000,0.00024,0.00000,0.00075,0.95402,0.00000
12.44800,0.12794,0.02278,0.00002,0.00426,0.00000,0.00010,0.00000,0.00053,0.97231,0.00000
12.48000,0.12794,0.01385,0.00001,0.00259,0.00000,0.00005,0.00000,0.00045,0.98305,0.00000
12.51200,0.12794,0.02177,0.00001,0.00433,0.00000,0.00004,0.00000,0.00043,0.97341,0.00000
12.54400,0.12794,0.03492,0.00001,0.00807,0.00000,0.00007,0.00000,0.00040,0.95653,0.00000
12.57600,0.12794,0.03705,0.00001,0.01077,0.00000,0.00024,0.00000,0.00053,0.95139,0.00000
12.60800,0.12794,0.03591,0.00001,0.01179,0.00000,0.00084,0.00000,0.00058,0.95086,0.00000
12.64000,0.12794,0.02519,0.00002,0.00728,0.00000,0.00106,0.00000,0.00038,0.96607,0.00000
12.67200,0.12794,0.02560,0.00002,0.00675,0.00000,0.00075,0.00000,0.00044,0.96643,0.00000
12.70400,0.12794,0.06200,0.00004,0.01452,0.00001,0.00053,0.00001,0.00060,0.92229,0.00000
12.73600,0.12794,0.10918,0.00004,0.02367,0.00001,0.00024,0.00001,0.00052,0.86632,0.00000
12.76800,0.12794,0.09501,0.00001,0.01979,0.00000,0.00009,0.00000,0.00051,0.88459,0.00000
12.80000,0.12794,0.08259,0.00001,0.01951,0.00000,0.00012,0.00000,0.00054,0.89723,0.00000
12.83200,0.12794,0.04945,0.00001,0.01249,0.00000,0.00010,0.00000,0.00058,0.93737,0.00000
12.86400,0.12794,0.04555,0.00000,0.01293,0.00000,0.00010,0.00000,0.00049,0.94093,0.00000
12.89600,0.12794,0.08755,0.00001,0.02925,0.00000,0.00015,0.00000,0.00056,0.88248,0.00000
12.92800,0.12794,0.05517,0.00000,0.01981,0.00000,0.00010,0.00000,0.00037,0.92455,0.00000
12.96000,0.12794,0.07221,0.00000,0.03074,0.00000,0.00011,0.00000,0.00031,0.89664,0.00000
12.99200,0.12794,0.05122,0.00000,0.02213,0.00000,0.00009,0.00000,0.00057,0.92599,0.00000
13.02400,0.12794,0.02061,0.00000,0.01184,0.00000,0.00014,0.00000,0.00101,0.96639,0.00000
13.05600,0.12794,0.03353,0.00000,0.02187,0.00000,0.00030,0.00000,0.00196,0.94234,0.00000
13.08800,0.12794,0.01829,0.00001,0.01472,0.00000,0.00024,0.00000,0.00228,0.96445,0.00000
13.12000,0.12794,0.01444,0.00001,0.01338,0.00000,0.00022,0.00000,0.00174,0.97021,0.00000
13.15200,0.12794,0.01173,0.00000,0.00796,0.00000,0.00007,0.00000,0.00062,0.97961,0.00000
13.18400,0.12794,0.00471,0.00000,0.00243,0.00000,0.00002,0.00000,0.00043,0.99241,0.00000
13.21600,0.12794,0.00262,0.00000,0.00103,0.00000,0.00001,0.00000,0.00021,0.99614,0.00000
13.24800,0.12794,0.00199,0.00000,0.00070,0.00000,0.00001,0.00000,0.00009,0.99722,0.00000
13.28000,0.12794,0.00198,0.00000,0.00094,0.00000,0.00001,0.00000,0.00006,0.99701,0.00000
13.31200,0.12794,0.00284,0.00000,0.00158,0.00000,0.00001,0.00000,0.00003,0.99554,0.00000
13.34400,0.12794,0.00302,0.00000,0.00159,0.00000,0.00000,0.00000,0.00002,0.99537,0.00000
13.37600,0.12794,0.00335,0.00000,0.00168,0.00000,0.00000,0.00000,0.00003,0.99495,0.00000
13.40800,0.12794,0.02070,0.00000,0.01010,0.00000,0.00003,0.00000,0.00017,0.96899,0.00000
13.44000,0.12794,0.03764,0.00000,0.02066,0.00000,0.00014,0.00000,0.00066,0.94090,0.00000
13.47200,0.12794,0.06684,0.00002,0.04047,0.00000,0.00032,0.00000,0.00376,0.88859,0.00000
13.50400,0.12794,0.06161,0.00004,0.02988,0.00000,0.00021,0.00000,0.00771,0.90055,0.00000
13.53600,0.12794,0.01939,0.00003,0.00659,0.00000,0.00004,0.00000,0.00696,0.96698,0.00000
13.56800,0.12794,0.01667,0.00002,0.00540,0.00000,0.00002,0.00000,0.00745,0.97044,0.00000
13.60000,0.12794,0.01468,0.00000,0.00443,0.00000,0.00002,0.00000,0.00325,0.97761,0.00000
13.63200,0.12794,0.02398,0.00000,0.00743,0.00000,0.00002,0.00000,0.00174,0.96682,0.00000
13.66400,0.12794,0.02890,0.00000,0.00981,0.00000,0.00002,0.00000,0.00080,0.96047,0.00000
13.69600,0.12794,0.04351,0.00000,0.01094,0.00000,0.00001,0.00000,0.00028,0.94526,0.00000
13.72800,0.12794,0.06965,0.00000,0.01443,0.00000,0.00003,0.00000,0.00029,0.91560,0.00000
13.76000,0.12794,0.13544,0.00001,0.03236,0.00000,0.00007,0.00000,0.00033,0.83180,0.00000
13.79200,0.12794,0.18169,0.00001,0.03838,0.00000,0.00009,0.00000,0.00036,0.77945,0.00000
13.82400,0.12794,0.19667,0.00002,0.03890,0.00000,0.00010,0.00001,0.00049,0.76381,0.00000
13.85600,0.12794,0.18404,0.00002,0.03533,0.00000,0.00009,0.00001,0.00052,0.77999,0.00000
13.88800,0.12794,0.09225,0.00001,0.01500,0.00000,0.00007,0.00000,0.00078,0.89188,0.00000
13.92000,0.12794,0.07051,0.00001,0.00973,0.00000,0.00004,0.00000,0.00079,0.91892,0.00000
13.95200,0.12794,0.10913,0.00001,0.01463,0.00000,0.00004,0.00000,0.00110,0.87509,0.00000
13.98400,0.12794,0.14651,0.00001,0.01840,0.00000,0.00004,0.00000,0.00106,0.83397,0.00000
14.01600,0.12794,0.20473,0.00001,0.02591,0.00000,0.00005,0.00001,0.00092,0.76837,0.00000
14.04800,0.12794,0.21123,0.00002,0.03142,0.00000,0.00008,0.00001,0.00081,0.75643,0.00000
14.08000,0.12794,0.14827,0.00002,0.02358,0.00000,0.00011,0.00000,0.00062,0.82739,0.00000
14.11200,0.12794,0.17681,0.00002,0.03116,0.00000,0.00012,0.00001,0.00052,0.79135,0.00000
14.14400,0.12794,0.16228,0.00002,0.02724,0.00000,0.00007,0.00001,0.00034,0.81003,0.00000
14.17600,0.12794,0.09807,0.00002,0.01774,0.00000,0.00005,0.00000,0.00030,0.88381,0.00000
14.20800,0.12794,0.08126,0.00002,0.01286,0.00000,0.00004,0.00000,0.00042,0.90540,0.00000
14.24000,0.12794,0.05567,0.00002,0.00860,0.00000,0.00003,0.00000,0.00043,0.93525,0.00000
14.27200,0.12794,0.01987,0.00001,0.00287,0.00000,0.00001,0.00000,0.00035,0.97689,0.00000
14.30400,0.12794,0.02038,0.00001,0.00277,0.00000,0.00001,0.00000,0.00038,0.97644,0.00000
14.33600,0.12794,0.01492,0.00001,0.00229,0.00000,0.00001,0.00000,0.00021,0.98256,0.00000
14.36800,0.12794,0.00852,0.00001,0.00146,0.00000,0.00001,0.00000,0.00018,0.98982,0.00000
14.40000,0.12794,0.01317,0.00003,0.00255,0.00000,0.00005,0.00000,0.00024,0.98395,0.00000
14.43200,0.12794,0.01405,0.00003,0.00254,0.00000,0.00006,0.00000,0.00016,0.98317,0.00000
14.46400,0.12794,0.03012,0.00007,0.00595,0.00000,0.00025,0.00000,0.00016,0.96345,0.00000
14.49600,0.12794,0.03592,0.00008,0.00795,0.00000,0.00026,0.00000,0.00015,0.95563,0.00000
14.52800,0.12794,0.04253,0.00009,0.01057,0.00001,0.00034,0.00000,0.00012,0.94634,0.00000
14.56000,0.12794,0.02776,0.00014,0.00864,0.00001,0.00046,0.00000,0.00014,0.96284,0.00000
14.59200,0.12794,0.01094,0.00010,0.00385,0.00000,0.00019,0.00000,0.00012,0.98479,0.00000
14.62400,0.12794,0.00986,0.00014,0.00369,0.00000,0.00026,0.00000,0.00012,0.98593,0.00000
14.65600,0.12794,0.00838,0.00021,0.00382,0.00000,0.00025,0.00000,0.00012,0.98722,0.00000
14.68800,0.12794,0.01297,0.00032,0.00840,0.00000,0.00022,0.00000,0.00018,0.97791,0.00000
14.72000,0.12794,0.01850,0.00060,0.01356,0.00001,0.00035,0.00000,0.00025,0.96673,0.00000
14.75200,0.12794,0.02287,0.00084,0.02372,0.00001,0.00052,0.00001,0.00040,0.95163,0.00000
14.78400,0.12794,0.02667,0.00056,0.03517,0.00001,0.00055,0.00001,0.00045,0.93657,0.00000
14.81600,0.12794,0.02107,0.00049,0.03556,0.00001,0.00098,0.00001,0.00037,0.94151,0.00000
14.84800,0.12794,0.02237,0.00048,0.06298,0.00001,0.00143,0.00001,0.00034,0.91239,0.00000
14.88000,0.12794,0.01723,0.00046,0.07514,0.00001,0.00136,0.00000,0.00021,0.90559,0.00000
14.91200,0.12794,0.02225,0.00120,0.20510,0.00002,0.00199,0.00001,0.00023,0.76920,0.00000
14.94400,0.12794,0.02521,0.00175,0.32797,0.00003,0.00200,0.00001,0.00023,0.64278,0.00000
14.97600,0.12794,0.02377,0.00242,0.37648,0.00003,0.00136,0.00001,0.00029,0.59565,0.00000
15.00800,0.12794,0.02372,0.00283,0.37121,0.00003,0.00146,0.00001,0.00034,0.60039,0.00000
15.04000,0.12794,0.01992,0.00164,0.24182,0.00001,0.00094,0.00001,0.00041,0.73526,0.00000
15.07200,0.12794,0.02051,0.00157,0.21914,0.00001,0.00103,0.00001,0.00060,0.75713,0.00000
15.10400,0.12794,0.01922,0.00095,0.13731,0.00001,0.00094,0.00000,0.00062,0.84094,0.00000
15.13600,0.12794,0.02352,0.00094,0.14044,0.00001,0.00090,0.00000,0.00088,0.83330,0.00000
15.16800,0.12794,0.02406,0.00112,0.10106,0.00001,0.00100,0.00001,0.00108,0.87167,0.00000
15.20000,0.12794,0.03071,0.00100,0.08951,0.00001,0.00082,0.00001,0.00149,0.87645,0.00000
15.23200,0.12794,0.03785,0.00114,0.10564,0.00001,0.00096,0.00001,0.00184,0.85254,0.00000
15.26400,0.12794,0.05400,0.00100,0.10015,0.00001,0.00161,0.00001,0.00278,0.84044,0.00001
15.29600,0.12794,0.04788,0.00278,0.22830,0.00003,0.00323,0.00002,0.00264,0.71511,0.00001
15.32800,0.12794,0.03651,0.00215,0.13759,0.00003,0.00361,0.00002,0.00202,0.81807,0.00000
15.36000,0.12794,0.02954,0.00208,0.12888,0.00003,0.00373,0.00001,0.00205,0.83367,0.00000
15.39200,0.12794,0.01908,0.00219,0.13776,0.00002,0.00190,0.00001,0.00167,0.83737,0.00000
15.42400,0.12794,0.01962,0.00070,0.05670,0.00001,0.00102,0.00000,0.00177,0.92017,0.00000
15.45600,0.12794,0.01908,0.00100,0.08640,0.00001,0.00073,0.00000,0.00217,0.89060,0.00000
15.48800,0.12794,0.02154,0.00131,0.09088,0.00001,0.00053,0.00001,0.00255,0.88317,0.00000
15.52000,0.12794,0.02001,0.00177,0.10221,0.00001,0.00031,0.00001,0.00323,0.87245,0.00000
15.55200,0.12794,0.02359,0.00255,0.12819,0.00001,0.00024,0.00001,0.00434,0.84106,0.00000
15.58400,0.12794,0.02676,0.00177,0.12495,0.00001,0.00017,0.00001,0.00648,0.83984,0.00000
15.61600,0.12794,0.01721,0.00054,0.05260,0.00000,0.00008,0.00000,0.00679,0.92277,0.00000
15.64800,0.12794,0.01341,0.00018,0.02664,0.00000,0.00005,0.00000,0.00722,0.95250,0.00000
15.68000,0.12794,0.00858,0.00007,0.01253,0.00000,0.00004,0.00000,0.00737,0.97141,0.00000
15.71200,0.12794,0.00688,0.00004,0.00677,0.00000,0.00004,0.00000,0.00612,0.98014,0.00000
15.74400,0.12794,0.00920,0.00005,0.00850,0.00000,0.00009,0.00000,0.00627,0.97590,0.00000
15.77600,0.12794,0.01094,0.00005,0.00801,0.00000,0.00015,0.00000,0.00495,0.97589,0.00000
15.80800,0.12794,0.01219,0.00004,0.00648,0.00000,0.00020,0.00000,0.00303,0.97806,0.00000
15.84000,0.12794,0.01361,0.00003,0.00708,0.00000,0.00024,0.00000,0.00232,0.97672,0.00000
15.87200,0.12794,0.01226,0.00003,0.00586,0.00000,0.00017,0.00000,0.00143,0.98024,0.00000
15.90400,0.12794,0.01300,0.00002,0.00577,0.00000,0.00013,0.00000,0.00138,0.97970,0.00000
15.93600,0.12794,0.01809,0.00004,0.00885,0.00000,0.00023,0.00000,0.00149,0.97130,0.00000
15.96800,0.12794,0.01790,0.00005,0.00892,0.00000,0.00046,0.00000,0.00113,0.97153,0.00000
16.00000,0.12794,0.03441,0.00009,0.01489,0.00000,0.00076,0.00000,0.00092,0.94893,0.00000
16.03200,0.12794,0.04265,0.00009,0.01689,0.00000,0.00047,0.00001,0.00053,0.93936,0.00000
16.06400,0.12794,0.04478,0.00009,0.01366,0.00000,0.00015,0.00000,0.00038,0.94094,0.00000
16.09600,0.12794,0.05357,0.00007,0.01308,0.00000,0.00003,0.00000,0.00036,0.93288,0.00000
16.12800,0.12794,0.04096,0.00006,0.00980,0.00000,0.00002,0.00000,0.00036,0.94880,0.00000
16.16000,0.12794,0.04627,0.00008,0.01086,0.00000,0.00002,0.00001,0.00066,0.94210,0.00000
16.19200,0.12794,0.04487,0.00007,0.01184,0.00000,0.00002,0.00001,0.00118,0.94202,0.00000
16.22400,0.12794,0.04260,0.00007,0.01011,0.00000,0.00003,0.00001,0.00182,0.94537,0.00000
16.25600,0.12794,0.03532,0.00006,0.00753,0.00000,0.00003,0.00001,0.00320,0.95386,0.00000
16.28800,0.12794,0.03932,0.00005,0.00736,0.00000,0.00003,0.00001,0.00359,0.94964,0.00000
16.32000,0.12794,0.04237,0.00005,0.00758,0.00000,0.00004,0.00001,0.00379,0.94616,0.00000
16.35200,0.12794,0.04673,0.00005,0.00970,0.00000,0.00010,0.00001,0.00422,0.93919,0.00000
16.38400,0.12794,0.06927,0.00006,0.01682,0.00000,0.00021,0.00002,0.00538,0.90823,0.00000
16.41600,0.12794,0.04758,0.00007,0.01137,0.00000,0.00032,0.00001,0.00443,0.93622,0.00000
16.44800,0.12794,0.05065,0.00006,0.01195,0.00000,0.00024,0.00001,0.00274,0.93434,0.00000
16.48000,0.12794,0.06255,0.00006,0.01430,0.00000,0.00015,0.00001,0.00211,0.92081,0.00000
16.51200,0.12794,0.05246,0.00005,0.01169,0.00000,0.00012,0.00001,0.00142,0.93426,0.00000
16.54400,0.12794,0.05702,0.00005,0.01297,0.00000,0.00008,0.00001,0.00127,0.92860,0.00000
16.57600,0.12794,0.06658,0.00006,0.01344,0.00000,0.00008,0.00001,0.00118,0.91865,0.00000
16.60800,0.12794,0.05224,0.00010,0.01098,0.00001,0.00012,0.00001,0.00111,0.93543,0.00000
16.64000,0.12794,0.02930,0.00009,0.00569,0.00000,0.00008,0.00000,0.00071,0.96412,0.00000
16.67200,0.12794,0.02740,0.00013,0.00576,0.00000,0.00011,0.00000,0.00056,0.96604,0.00000
16.70400,0.12794,0.01822,0.00017,0.00394,0.00000,0.00017,0.00000,0.00050,0.97700,0.00000
16.73600,0.12794,0.02490,0.00017,0.00533,0.00000,0.00020,0.00000,0.00037,0.96902,0.00000
16.76800,0.12794,0.04576,0.00025,0.01026,0.00002,0.00050,0.00001,0.00042,0.94277,0.00000
16.80000,0.12794,0.05064,0.00016,0.01112,0.00001,0.00051,0.00001,0.00038,0.93718,0.00000
16.83200,0.12794,0.06053,0.00014,0.01422,0.00002,0.00053,0.00001,0.00035,0.92420,0.00000
16.86400,0.12794,0.05770,0.00010,0.01434,0.00001,0.00059,0.00001,0.00035,0.92690,0.00000
16.89600,0.12794,0.03944,0.00007,0.01021,0.00000,0.00039,0.00000,0.00026,0.94962,0.00000
16.92800,0.12794,0.05112,0.00007,0.01492,0.00001,0.00054,0.00001,0.00030,0.93304,0.00000
16.96000,0.12794,0.04222,0.00005,0.01363,0.00000,0.00039,0.00000,0.00027,0.94343,0.00000
16.99200,0.12794,0.03552,0.00004,0.01118,0.00000,0.00021,0.00000,0.00024,0.95282,0.00000
17.02400,0.12794,0.04505,0.00004,0.01514,0.00000,0.00023,0.00000,0.00026,0.93928,0.00000
17.05600,0.12794,0.04706,0.00004,0.01581,0.00000,0.00014,0.00000,0.00029,0.93666,0.00000
17.08800,0.12794,0.04426,0.00005,0.01527,0.00000,0.00011,0.00000,0.00032,0.94000,0.00000
17.12000,0.12794,0.03915,0.00006,0.01696,0.00000,0.00013,0.00000,0.00038,0.94332,0.00000
17.15200,0.12794,0.03023,0.00008,0.01656,0.00000,0.00011,0.00000,0.00058,0.95243,0.00000
17.18400,0.12794,0.02289,0.00008,0.01264,0.00000,0.00013,0.00000,0.00058,0.96368,0.00000
17.21600,0.12794,0.02142,0.00008,0.01339,0.00000,0.00019,0.00000,0.00069,0.96424,0.00000
17.24800,0.12794,0.02217,0.00011,0.01539,0.00000,0.00033,0.00000,0.00099,0.96102,0.00000
17.28000,0.12794,0.01726,0.00006,0.01109,0.00000,0.00035,0.00000,0.00098,0.97026,0.00000
17.31200,0.12794,0.01321,0.00005,0.01176,0.00000,0.00042,0.00000,0.00087,0.97369,0.00000
17.34400,0.12794,0.01007,0.00004,0.01110,0.00000,0.00029,0.00000,0.00082,0.97768,0.00000
17.37600,0.12794,0.00710,0.00002,0.00978,0.00000,0.00016,0.00000,0.00069,0.98224,0.00000
17.40800,0.12794,0.00749,0.00003,0.01247,0.00000,0.00013,0.00000,0.00057,0.97932,0.00000
17.44000,0.12794,0.01177,0.00004,0.01917,0.00000,0.00010,0.00000,0.00094,0.96798,0.00000
17.47200,0.12794,0.03346,0.00018,0.04100,0.00000,0.00017,0.00000,0.00226,0.92293,0.00000
17.50400,0.12794,0.08644,0.00066,0.08257,0.00001,0.00032,0.00003,0.00503,0.82494,0.00000
17.53600,0.12794,0.19607,0.00156,0.16634,0.00007,0.00060,0.00012,0.00738,0.62783,0.00002
17.56800,0.12794,0.26090,0.00275,0.20843,0.00021,0.00112,0.00030,0.00885,0.51737,0.00007
17.60000,0.12794,0.20093,0.00203,0.17094,0.00010,0.00108,0.00017,0.01118,0.61353,0.00004
17.63200,0.12794,0.23941,0.00258,0.18483,0.00013,0.00113,0.00022,0.01297,0.55867,0.00006
17.66400,0.12794,0.42221,0.00517,0.15823,0.00047,0.00172,0.00066,0.01411,0.39728,0.00015
17.69600,0.12794,0.70545,0.00762,0.09964,0.00183,0.00136,0.00206,0.01092,0.17088,0.00024
17.72800,0.12794,0.91272,0.00881,0.03424,0.00991,0.00063,0.00809,0.00572,0.01900,0.00088
17.76000,0.12794,0.91337,0.00450,0.01240,0.03968,0.00034,0.02348,0.00148,0.00333,0.00143
17.79200,0.12794,0.83292,0.00371,0.00529,0.10279,0.00019,0.05024,0.00109,0.00076,0.00301
17.82400,0.12794,0.73532,0.00225,0.00302,0.18355,0.00014,0.06893,0.00064,0.00033,0.00581
17.85600,0.12794,0.77005,0.00178,0.00385,0.15878,0.00021,0.05923,0.00049,0.00057,0.00504
17.88800,0.12794,0.82337,0.00331,0.00305,0.11680,0.00022,0.04278,0.00086,0.00042,0.00919
17.92000,0.12794,0.86176,0.00354,0.00448,0.09042,0.00032,0.03168,0.00064,0.00082,0.00634
17.95200,0.12794,0.92080,0.00382,0.00319,0.04531,0.00021,0.02177,0.00071,0.00054,0.00366
17.98400,0.12794,0.90926,0.00225,0.00194,0.05635,0.00012,0.02674,0.00039,0.00025,0.00269
18.01600,0.12794,0.91616,0.00084,0.00171,0.04697,0.00007,0.03275,0.00023,0.00021,0.00105
18.04800,0.12794,0.92473,0.00047,0.00092,0.03595,0.00003,0.03671,0.00022,0.00008,0.00090
18.08000,0.12794,0.90709,0.00035,0.00097,0.04411,0.00003,0.04631,0.00019,0.00008,0.00087
18.11200,0.12794,0.91369,0.00056,0.00164,0.04004,0.00004,0.04270,0.00033,0.00016,0.00084
18.14400,0.12794,0.90680,0.00095,0.00218,0.04646,0.00005,0.04161,0.00053,0.00021,0.00122
18.17600,0.12794,0.89796,0.00096,0.00266,0.05511,0.00006,0.04110,0.00048,0.00026,0.00141
18.20800,0.12794,0.92800,0.00104,0.00268,0.03704,0.00006,0.02918,0.00046,0.00031,0.00122
18.24000,0.12794,0.94322,0.00110,0.00181,0.02971,0.00006,0.02202,0.00036,0.00020,0.00151
18.27200,0.12794,0.93620,0.00220,0.00234,0.03392,0.00010,0.02191,0.00062,0.00033,0.00239
18.30400,0.12794,0.91852,0.00685,0.00351,0.04384,0.00020,0.02122,0.00126,0.00063,0.00397
18.33600,0.12794,0.83972,0.01350,0.00595,0.09779,0.00047,0.02956,0.00198,0.00131,0.00972
18.36800,0.12794,0.73675,0.01938,0.00704,0.17156,0.00064,0.03911,0.00276,0.00137,0.02139
18.40000,0.12794,0.65434,0.01449,0.00402,0.25041,0.00045,0.03955,0.00135,0.00056,0.03482
18.43200,0.12794,0.67991,0.01210,0.00375,0.23237,0.00045,0.04085,0.00124,0.00059,0.02874
18.46400,0.12794,0.72762,0.00981,0.00307,0.20043,0.00035,0.03868,0.00092,0.00045,0.01866
18.49600,0.12794,0.82916,0.00559,0.00319,0.11894,0.00026,0.03452,0.00065,0.00052,0.00716
18.52800,0.12794,0.91278,0.00381,0.00265,0.05069,0.00022,0.02488,0.00060,0.00047,0.00389
18.56000,0.12794,0.94301,0.00200,0.00243,0.02949,0.00017,0.01872,0.00049,0.00047,0.00322
18.59200,0.12794,0.94199,0.00232,0.00275,0.02986,0.00018,0.01794,0.00059,0.00051,0.00386
18.62400,0.12794,0.95427,0.00211,0.00246,0.02303,0.00014,0.01414,0.00051,0.00044,0.00290
18.65600,0.12794,0.95397,0.00234,0.00241,0.02485,0.00012,0.01337,0.00042,0.00043,0.00209
18.68800,0.12794,0.95264,0.00221,0.00152,0.02676,0.00007,0.01478,0.00030,0.00019,0.00152
18.72000,0.12794,0.95678,0.00167,0.00153,0.02276,0.00007,0.01581,0.00025,0.00020,0.00093
18.75200,0.12794,0.96370,0.00205,0.00210,0.01719,0.00009,0.01327,0.00038,0.00035,0.00088
18.78400,0.12794,0.96452,0.00326,0.00459,0.01252,0.00023,0.01140,0.00102,0.00120,0.00125
18.81600,0.12794,0.95906,0.00608,0.00787,0.01167,0.00048,0.00859,0.00162,0.00258,0.00206
18.84800,0.12794,0.97002,0.00617,0.00659,0.00618,0.00044,0.00429,0.00150,0.00286,0.00195
18.88000,0.12794,0.96804,0.00634,0.00552,0.00885,0.00047,0.00489,0.00112,0.00206,0.00271
18.91200,0.12794,0.97169,0.00337,0.00304,0.01235,0.00021,0.00615,0.00042,0.00080,0.00196
18.94400,0.12794,0.97459,0.00117,0.00140,0.01197,0.00007,0.00880,0.00024,0.00022,0.00154
18.97600,0.12794,0.95781,0.00055,0.00084,0.02074,0.00004,0.01825,0.00016,0.00007,0.00154
19.00800,0.12794,0.96279,0.00022,0.00046,0.01574,0.00002,0.01987,0.00009,0.00003,0.00079
19.04000,0.12794,0.97226,0.00016,0.00037,0.01104,0.00001,0.01561,0.00006,0.00003,0.00047
19.07200,0.12794,0.97716,0.00017,0.00028,0.00873,0.00001,0.01318,0.00006,0.00002,0.00039
19.10400,0.12794,0.97134,0.00018,0.00027,0.01212,0.00001,0.01553,0.00006,0.00002,0.00048
19.13600,0.12794,0.95282,0.00016,0.00037,0.02160,0.00001,0.02428,0.00006,0.00002,0.00068
19.16800,0.12794,0.91807,0.00016,0.00029,0.04154,0.00001,0.03852,0.00007,0.00001,0.00134
19.20000,0.12794,0.91913,0.00028,0.00049,0.04213,0.00002,0.03651,0.00010,0.00003,0.00132
19.23200,0.12794,0.95302,0.00033,0.00046,0.02249,0.00002,0.02246,0.00011,0.00003,0.00108
19.26400,0.12794,0.97300,0.00062,0.00041,0.01219,0.00002,0.01264,0.00015,0.00003,0.00094
19.29600,0.12794,0.98057,0.00160,0.00075,0.00832,0.00003,0.00770,0.00023,0.00010,0.00070
19.32800,0.12794,0.97883,0.00150,0.00084,0.00995,0.00004,0.00784,0.00016,0.00012,0.00070
19.36000,0.12794,0.98006,0.00192,0.00094,0.00922,0.00005,0.00684,0.00018,0.00015,0.00064
19.39200,0.12794,0.98202,0.00142,0.00064,0.00870,0.00004,0.00629,0.00013,0.00008,0.00067
19.42400,0.12794,0.97895,0.00043,0.00041,0.00949,0.00002,0.01005,0.00009,0.00003,0.00054
19.45600,0.12794,0.96506,0.00019,0.00029,0.01665,0.00001,0.01712,0.00005,0.00002,0.00063
19.48800,0.12794,0.92036,0.00010,0.00029,0.04081,0.00001,0.03756,0.00004,0.00001,0.00083
19.52000,0.12794,0.87600,0.00004,0.00028,0.05713,0.00001,0.06579,0.00003,0.00001,0.00071
19.55200,0.12794,0.84488,0.00003,0.00028,0.07618,0.00001,0.07774,0.00002,0.00001,0.00085
19.58400,0.12794,0.88836,0.00007,0.00046,0.05279,0.00001,0.05758,0.00005,0.00002,0.00066
19.61600,0.12794,0.89156,0.00011,0.00043,0.05500,0.00001,0.05183,0.00006,0.00002,0.00098
19.64800,0.12794,0.89503,0.00020,0.00050,0.05549,0.00002,0.04746,0.00008,0.00003,0.00118
19.68000,0.12794,0.90052,0.00028,0.00043,0.05463,0.00002,0.04232,0.00010,0.00002,0.00169
19.71200,0.12794,0.88892,0.00016,0.00032,0.05823,0.00001,0.05046,0.00007,0.00001,0.00181
19.74400,0.12794,0.89320,0.00019,0.00037,0.05731,0.00001,0.04726,0.00008,0.00002,0.00156
19.77600,0.12794,0.91489,0.00031,0.00057,0.04524,0.00002,0.03722,0.00012,0.00004,0.00159
19.80800,0.12794,0.93729,0.00065,0.00113,0.02987,0.00004,0.02917,0.00028,0.00011,0.00145
19.84000,0.12794,0.95474,0.00133,0.00150,0.02069,0.00007,0.01958,0.00045,0.00020,0.00143
19.87200,0.12794,0.97407,0.00115,0.00116,0.00988,0.00005,0.01164,0.00042,0.00015,0.00149
19.90400,0.12794,0.98249,0.00084,0.00071,0.00598,0.00003,0.00815,0.00030,0.00008,0.00142
19.93600,0.12794,0.98519,0.00076,0.00064,0.00478,0.00002,0.00730,0.00026,0.00007,0.00097
19.96800,0.12794,0.98749,0.00043,0.00079,0.00385,0.00003,0.00635,0.00018,0.00009,0.00079
20.00000,0.12794,0.98724,0.00055,0.00123,0.00321,0.00003,0.00671,0.00032,0.00016,0.00054
20.03200,0.12794,0.97942,0.00036,0.00131,0.00593,0.00003,0.01202,0.00026,0.00014,0.00053
20.06400,0.12794,0.97452,0.00023,0.00142,0.00798,0.00003,0.01503,0.00017,0.00015,0.00047
20.09600,0.12794,0.95167,0.00023,0.00085,0.01902,0.00002,0.02713,0.00014,0.00006,0.00089
20.12800,0.12794,0.91029,0.00010,0.00054,0.04275,0.00002,0.04497,0.00006,0.00003,0.00125
20.16000,0.12794,0.91813,0.00012,0.00057,0.03777,0.00002,0.04225,0.00007,0.00003,0.00104
20.19200,0.12794,0.91918,0.00011,0.00040,0.03697,0.00002,0.04180,0.00007,0.00002,0.00144
20.22400,0.12794,0.93744,0.00009,0.00042,0.02559,0.00001,0.03540,0.00006,0.00002,0.00097
20.25600,0.12794,0.94993,0.00010,0.00047,0.01793,0.00001,0.03077,0.00008,0.00002,0.00067
20.28800,0.12794,0.94500,0.00009,0.00041,0.01996,0.00001,0.03369,0.00008,0.00002,0.00074
20.32000,0.12794,0.93615,0.00006,0.00044,0.02400,0.00001,0.03874,0.00005,0.00002,0.00052
20.35200,0.12794,0.89110,0.00008,0.00032,0.05141,0.00001,0.05601,0.00005,0.00001,0.00102
20.38400,0.12794,0.81250,0.00011,0.00047,0.10695,0.00001,0.07841,0.00006,0.00002,0.00147
20.41600,0.12794,0.72752,0.00029,0.00051,0.18352,0.00003,0.08390,0.00011,0.00002,0.00410
20.44800,0.12794,0.62852,0.00095,0.00088,0.27646,0.00006,0.08510,0.00024,0.00005,0.00773
20.48000,0.12794,0.68297,0.00199,0.00198,0.23267,0.00014,0.07156,0.00050,0.00020,0.00799
20.51200,0.12794,0.81696,0.00271,0.00212,0.12437,0.00016,0.04581,0.00063,0.00025,0.00700
20.54400,0.12794,0.90154,0.00466,0.00442,0.05896,0.00028,0.02450,0.00083,0.00100,0.00379
20.57600,0.12794,0.94382,0.00502,0.00398,0.02901,0.00025,0.01313,0.00075,0.00100,0.00305
20.60800,0.12794,0.94096,0.01240,0.00413,0.02778,0.00030,0.00919,0.00079,0.00115,0.00330
20.64000,0.12794,0.89161,0.03200,0.00571,0.04939,0.00053,0.01034,0.00122,0.00173,0.00745
20.67200,0.12794,0.86150,0.02023,0.00563,0.08435,0.00055,0.01685,0.00101,0.00145,0.00843
20.70400,0.12794,0.87007,0.02334,0.00579,0.07451,0.00059,0.01540,0.00115,0.00168,0.00747
20.73600,0.12794,0.86998,0.01579,0.00606,0.07545,0.00049,0.02148,0.00150,0.00156,0.00770
20.76800,0.12794,0.89745,0.00767,0.00570,0.05715,0.00033,0.02446,0.00138,0.00147,0.00439
20.80000,0.12794,0.91905,0.00836,0.00528,0.03944,0.00028,0.02041,0.00164,0.00122,0.00433
20.83200,0.12794,0.94170,0.00628,0.00443,0.02504,0.00022,0.01615,0.00144,0.00089,0.00384
20.86400,0.12794,0.95228,0.01122,0.00617,0.01474,0.00034,0.00878,0.00171,0.00151,0.00325
20.89600,0.12794,0.96153,0.01616,0.00560,0.00698,0.00034,0.00399,0.00138,0.00152,0.00249
20.92800,0.12794,0.96378,0.01479,0.00506,0.00714,0.00034,0.00382,0.00115,0.00140,0.00254
20.96000,0.12794,0.93757,0.02655,0.00689,0.01529,0.00055,0.00537,0.00132,0.00186,0.00459
20.99200,0.12794,0.94357,0.03032,0.00419,0.01062,0.00036,0.00332,0.00099,0.00120,0.00543
21.02400,0.12794,0.93557,0.03633,0.00414,0.00852,0.00039,0.00266,0.00141,0.00123,0.00974
21.05600,0.12794,0.94815,0.02835,0.00587,0.00565,0.00070,0.00199,0.00130,0.00267,0.00533
