Time (seconds), Duration (seconds),pred_unlabeled,pred_down,pred_bottom left,pred_bottom right,pred_left,pred_right,pred_top,pred_top left,pred_top right
0.00000,0.12794,0.99232,0.00000,0.00001,0.00034,0.00000,0.00731,0.00000,0.00000,0.00003
0.03200,0.12794,0.99584,0.00000,0.00007,0.00030,0.00000,0.00366,0.00002,0.00000,0.00011
0.06400,0.12794,0.99513,0.00013,0.00063,0.00046,0.00001,0.00200,0.00078,0.00003,0.00083
0.09600,0.12794,0.95193,0.00882,0.00406,0.00073,0.00005,0.00113,0.02574,0.00045,0.00708
0.12800,0.12794,0.34156,0.28276,0.01245,0.00031,0.00024,0.00019,0.35042,0.00482,0.00725
0.16000,0.12794,0.36110,0.38548,0.01841,0.00045,0.00045,0.00023,0.21579,0.01267,0.00542
0.19200,0.12794,0.48090,0.20892,0.03209,0.00024,0.00047,0.00018,0.22830,0.04783,0.00108
0.22400,0.12794,0.41789,0.12034,0.04684,0.00010,0.00050,0.00008,0.23954,0.17450,0.00021
0.25600,0.12794,0.35513,0.08664,0.04817,0.00010,0.00067,0.00009,0.26734,0.24164,0.00022
0.28800,0.12794,0.30413,0.07686,0.03525,0.00005,0.00036,0.00006,0.41006,0.17309,0.00012
0.32000,0.12794,0.16184,0.03026,0.01408,0.00001,0.00013,0.00002,0.71227,0.08134,0.00005
0.35200,0.12794,0.08073,0.01077,0.00620,0.00000,0.00006,0.00001,0.85213,0.05008,0.00002
0.38400,0.12794,0.05798,0.00437,0.00346,0.00000,0.00003,0.00001,0.89981,0.03434,0.00001
0.41600,0.12794,0.02820,0.00144,0.00136,0.00000,0.00001,0.00000,0.95713,0.01185,0.00000
0.44800,0.12794,0.02406,0.00174,0.00117,0.00000,0.00001,0.00000,0.96755,0.00547,0.00001
0.48000,0.12794,0.01634,0.00112,0.00076,0.00000,0.00000,0.00000,0.98007,0.00170,0.00001
0.51200,0.12794,0.00973,0.00031,0.00053,0.00000,0.00000,0.00000,0.98850,0.00092,0.00000
0.54400,0.12794,0.01047,0.00032,0.00063,0.00000,0.00000,0.00000,0.98759,0.00098,0.00000
0.57600,0.12794,0.02182,0.00136,0.00065,0.00000,0.00000,0.00000,0.97574,0.00043,0.00001
0.60800,0.12794,0.01885,0.00172,0.00029,0.00000,0.00000,0.00000,0.97902,0.00012,0.00001
0.64000,0.12794,0.02096,0.00520,0.00020,0.00000,0.00000,0.00000,0.97357,0.00005,0.00002
0.67200,0.12794,0.03479,0.01866,0.00021,0.00000,0.00000,0.00000,0.94626,0.00002,0.00006
0.70400,0.12794,0.04446,0.02613,0.00026,0.00000,0.00000,0.00000,0.92901,0.00003,0.00010
0.73600,0.12794,0.15961,0.16667,0.00062,0.00000,0.00001,0.00002,0.67199,0.00003,0.00106
0.76800,0.12794,0.21741,0.35493,0.00068,0.00001,0.00001,0.00003,0.42480,0.00002,0.00211
0.80000,0.12794,0.20787,0.59973,0.00051,0.00002,0.00001,0.00003,0.18752,0.00001,0.00430
0.83200,0.12794,0.14633,0.65608,0.00054,0.00003,0.00001,0.00004,0.19376,0.00001,0.00321
0.86400,0.12794,0.09510,0.34375,0.00095,0.00002,0.00001,0.00004,0.55902,0.00007,0.00103
0.89600,0.12794,0.05042,0.11350,0.00079,0.00001,0.00001,0.00002,0.83492,0.00016,0.00017
0.92800,0.12794,0.01624,0.01157,0.00058,0.00000,0.00000,0.00001,0.97112,0.00046,0.00001
0.96000,0.12794,0.01144,0.00412,0.00041,0.00000,0.00000,0.00000,0.98356,0.00046,0.00000
0.99200,0.12794,0.01417,0.00540,0.00050,0.00000,0.00000,0.00001,0.97944,0.00047,0.00001
1.02400,0.12794,0.03099,0.02073,0.00105,0.00001,0.00001,0.00003,0.94640,0.00062,0.00016
1.05600,0.12794,0.03415,0.04076,0.00100,0.00001,0.00001,0.00005,0.92315,0.00052,0.00034
1.08800,0.12794,0.05470,0.10870,0.00241,0.00007,0.00005,0.00017,0.83082,0.00109,0.00198
1.12000,0.12794,0.06230,0.16333,0.00223,0.00011,0.00006,0.00019,0.76685,0.00080,0.00414
1.15200,0.12794,0.06267,0.08462,0.00155,0.00006,0.00004,0.00015,0.84658,0.00054,0.00379
1.18400,0.12794,0.16533,0.22324,0.00496,0.00080,0.00017,0.00072,0.55204,0.00068,0.05205
1.21600,0.12794,0.21626,0.13790,0.00936,0.00079,0.00025,0.00088,0.59995,0.00192,0.03270
1.24800,0.12794,0.22078,0.04858,0.01445,0.00029,0.00020,0.00056,0.70074,0.00756,0.00683
1.28000,0.12794,0.27863,0.06584,0.04025,0.00080,0.00046,0.00113,0.58057,0.02130,0.01101
1.31200,0.12794,0.14383,0.05135,0.01742,0.00013,0.00017,0.00030,0.77182,0.01217,0.00281
1.34400,0.12794,0.14404,0.08710,0.01139,0.00015,0.00011,0.00027,0.74752,0.00545,0.00397
1.37600,0.12794,0.11731,0.19473,0.00759,0.00024,0.00010,0.00032,0.66980,0.00188,0.00802
1.40800,0.12794,0.09004,0.19262,0.00372,0.00009,0.00006,0.00014,0.70871,0.00088,0.00375
1.44000,0.12794,0.10029,0.30186,0.00295,0.00012,0.00007,0.00015,0.59027,0.00052,0.00376
1.47200,0.12794,0.08660,0.35161,0.00197,0.00008,0.00005,0.00011,0.55710,0.00022,0.00226
1.50400,0.12794,0.09673,0.48192,0.00246,0.00011,0.00008,0.00013,0.41648,0.00025,0.00184
1.53600,0.12794,0.08268,0.31144,0.00283,0.00005,0.00006,0.00009,0.60208,0.00034,0.00042
1.56800,0.12794,0.05351,0.09025,0.00320,0.00001,0.00004,0.00005,0.85212,0.00074,0.00008
1.60000,0.12794,0.03252,0.02057,0.00298,0.00000,0.00002,0.00002,0.94301,0.00086,0.00002
1.63200,0.12794,0.02576,0.00704,0.00257,0.00000,0.00001,0.00001,0.96401,0.00059,0.00001
1.66400,0.12794,0.02679,0.00588,0.00268,0.00000,0.00001,0.00001,0.96409,0.00055,0.00000
1.69600,0.12794,0.04195,0.01051,0.00274,0.00000,0.00001,0.00001,0.94433,0.00045,0.00000
1.72800,0.12794,0.04548,0.01452,0.00243,0.00000,0.00001,0.00001,0.93713,0.00043,0.00000
1.76000,0.12794,0.03928,0.01432,0.00217,0.00000,0.00000,0.00001,0.94362,0.00059,0.00000
1.79200,0.12794,0.04103,0.02265,0.00302,0.00000,0.00001,0.00001,0.93230,0.00098,0.00001
1.82400,0.12794,0.02142,0.00644,0.00221,0.00000,0.00000,0.00000,0.96835,0.00158,0.00000
1.85600,0.12794,0.01866,0.00353,0.00209,0.00000,0.00000,0.00000,0.97170,0.00402,0.00000
1.88800,0.12794,0.02870,0.00702,0.00306,0.00000,0.00001,0.00000,0.95725,0.00394,0.00001
1.92000,0.12794,0.03580,0.00626,0.00277,0.00000,0.00001,0.00000,0.94961,0.00553,0.00001
1.95200,0.12794,0.04368,0.00790,0.00218,0.00000,0.00001,0.00000,0.94229,0.00392,0.00002
1.98400,0.12794,0.08605,0.03440,0.00378,0.00000,0.00003,0.00001,0.87202,0.00353,0.00017
2.01600,0.12794,0.07725,0.01332,0.00253,0.00000,0.00002,0.00001,0.90176,0.00505,0.00006
2.04800,0.12794,0.05492,0.00643,0.00199,0.00000,0.00001,0.00001,0.93075,0.00586,0.00003
2.08000,0.12794,0.05640,0.00780,0.00236,0.00000,0.00002,0.00001,0.92446,0.00890,0.00004
2.11200,0.12794,0.04772,0.00486,0.00181,0.00000,0.00002,0.00001,0.93581,0.00975,0.00002
2.14400,0.12794,0.04889,0.00831,0.00170,0.00000,0.00002,0.00001,0.93383,0.00721,0.00003
2.17600,0.12794,0.09323,0.02001,0.00248,0.00001,0.00005,0.00003,0.87565,0.00841,0.00013
2.20800,0.12794,0.13444,0.03568,0.00397,0.00002,0.00010,0.00006,0.81784,0.00749,0.00039
2.24000,0.12794,0.17522,0.06219,0.00603,0.00006,0.00020,0.00014,0.74815,0.00697,0.00103
2.27200,0.12794,0.17658,0.04180,0.00619,0.00004,0.00023,0.00012,0.76501,0.00903,0.00099
2.30400,0.12794,0.35069,0.10811,0.00587,0.00011,0.00023,0.00019,0.52770,0.00335,0.00375
2.33600,0.12794,0.41557,0.13884,0.00448,0.00014,0.00021,0.00019,0.43092,0.00231,0.00735
2.36800,0.12794,0.59251,0.20945,0.00345,0.00022,0.00017,0.00016,0.17683,0.00108,0.01613
2.40000,0.12794,0.55610,0.24409,0.00327,0.00032,0.00015,0.00022,0.17559,0.00084,0.01943
2.43200,0.12794,0.53169,0.16184,0.00541,0.00025,0.00019,0.00024,0.28368,0.00189,0.01481
2.46400,0.12794,0.51117,0.13889,0.00816,0.00029,0.00023,0.00032,0.32846,0.00361,0.00886
2.49600,0.12794,0.46291,0.10660,0.01247,0.00027,0.00030,0.00040,0.40483,0.00810,0.00413
2.52800,0.12794,0.61509,0.24880,0.01217,0.00047,0.00020,0.00034,0.11407,0.00334,0.00552
2.56000,0.12794,0.52345,0.39934,0.00952,0.00032,0.00012,0.00018,0.06333,0.00181,0.00193
2.59200,0.12794,0.44093,0.52570,0.00606,0.00031,0.00007,0.00013,0.02482,0.00077,0.00121
2.62400,0.12794,0.30395,0.68789,0.00293,0.00016,0.00002,0.00004,0.00433,0.00010,0.00058
2.65600,0.12794,0.30865,0.66834,0.00435,0.00012,0.00003,0.00006,0.01788,0.00027,0.00030
2.68800,0.12794,0.45596,0.38197,0.00786,0.00009,0.00006,0.00010,0.15254,0.00107,0.00036
2.72000,0.12794,0.35270,0.14166,0.00781,0.00003,0.00006,0.00007,0.49557,0.00196,0.00015
2.75200,0.12794,0.03484,0.00395,0.00100,0.00000,0.00001,0.00001,0.95915,0.00103,0.00001
2.78400,0.12794,0.01552,0.00091,0.00043,0.00000,0.00000,0.00000,0.98261,0.00054,0.00000
2.81600,0.12794,0.01662,0.00140,0.00047,0.00000,0.00000,0.00000,0.98106,0.00044,0.00000
2.84800,0.12794,0.02055,0.00331,0.00048,0.00000,0.00000,0.00001,0.97545,0.00019,0.00001
2.88000,0.12794,0.03519,0.01311,0.00063,0.00000,0.00001,0.00002,0.95092,0.00008,0.00004
2.91200,0.12794,0.04121,0.02414,0.00055,0.00000,0.00001,0.00002,0.93398,0.00002,0.00008
2.94400,0.12794,0.03277,0.01515,0.00032,0.00000,0.00000,0.00001,0.95168,0.00001,0.00006
2.97600,0.12794,0.04505,0.01115,0.00048,0.00000,0.00001,0.00001,0.94321,0.00004,0.00006
3.00800,0.12794,0.04460,0.00662,0.00072,0.00000,0.00001,0.00001,0.94773,0.00028,0.00002
3.04000,0.12794,0.08517,0.00748,0.00325,0.00000,0.00003,0.00001,0.89817,0.00586,0.00003
3.07200,0.12794,0.15896,0.01674,0.01090,0.00001,0.00009,0.00005,0.77638,0.03680,0.00007
3.10400,0.12794,0.12281,0.02839,0.01254,0.00001,0.00009,0.00007,0.81572,0.02030,0.00007
3.13600,0.12794,0.12358,0.04392,0.01421,0.00002,0.00010,0.00010,0.80755,0.01034,0.00018
3.16800,0.12794,0.08995,0.06602,0.01162,0.00003,0.00009,0.00012,0.82689,0.00504,0.00023
3.20000,0.12794,0.08572,0.07409,0.01431,0.00003,0.00011,0.00014,0.81886,0.00655,0.00020
3.23200,0.12794,0.09479,0.07315,0.01602,0.00004,0.00013,0.00014,0.80873,0.00666,0.00033
3.26400,0.12794,0.10170,0.05281,0.02185,0.00002,0.00015,0.00012,0.80689,0.01635,0.00012
3.29600,0.12794,0.13699,0.06169,0.04743,0.00003,0.00020,0.00014,0.68853,0.06495,0.00004
3.32800,0.12794,0.14235,0.07713,0.08531,0.00003,0.00029,0.00017,0.55702,0.13768,0.00002
3.36000,0.12794,0.11731,0.06326,0.23034,0.00004,0.00040,0.00016,0.14892,0.43955,0.00001
3.39200,0.12794,0.06282,0.10032,0.43990,0.00008,0.00046,0.00017,0.04405,0.35220,0.00000
3.42400,0.12794,0.04644,0.10870,0.62256,0.00009,0.00045,0.00015,0.02510,0.19651,0.00001
3.45600,0.12794,0.03251,0.10740,0.73849,0.00009,0.00043,0.00012,0.01273,0.10823,0.00001
3.48800,0.12794,0.02909,0.09936,0.77617,0.00008,0.00038,0.00009,0.00989,0.08491,0.00001
3.52000,0.12794,0.03141,0.07866,0.79939,0.00008,0.00040,0.00007,0.00660,0.08338,0.00001
3.55200,0.12794,0.02446,0.06697,0.85646,0.00009,0.00035,0.00006,0.00284,0.04876,0.00001
3.58400,0.12794,0.02163,0.06562,0.87356,0.00010,0.00030,0.00004,0.00156,0.03718,0.00001
3.61600,0.12794,0.01855,0.08497,0.87147,0.00012,0.00027,0.00004,0.00142,0.02314,0.00002
3.64800,0.12794,0.01916,0.08707,0.87058,0.00012,0.00028,0.00004,0.00151,0.02121,0.00002
3.68000,0.12794,0.03115,0.14183,0.79125,0.00014,0.00042,0.00007,0.00655,0.02855,0.00004
3.71200,0.12794,0.02942,0.12760,0.81782,0.00015,0.00037,0.00007,0.00550,0.01902,0.00004
3.74400,0.12794,0.05331,0.17036,0.73510,0.00025,0.00062,0.00015,0.01300,0.02713,0.00009
3.77600,0.12794,0.12095,0.29409,0.53615,0.00144,0.00119,0.00064,0.02035,0.02445,0.00075
3.80800,0.12794,0.18037,0.36143,0.40252,0.00290,0.00159,0.00110,0.02532,0.02243,0.00234
3.84000,0.12794,0.25204,0.35959,0.28552,0.00308,0.00221,0.00141,0.05383,0.03912,0.00320
3.87200,0.12794,0.32911,0.38497,0.14914,0.00339,0.00220,0.00155,0.08695,0.03662,0.00607
3.90400,0.12794,0.28139,0.31628,0.14476,0.00068,0.00142,0.00059,0.19984,0.05353,0.00152
3.93600,0.12794,0.32304,0.33017,0.10064,0.00081,0.00143,0.00061,0.19031,0.05102,0.00197
3.96800,0.12794,0.33971,0.32015,0.04189,0.00111,0.00116,0.00079,0.26575,0.02345,0.00599
4.00000,0.12794,0.36068,0.26705,0.07689,0.00082,0.00150,0.00064,0.24594,0.04281,0.00367
4.03200,0.12794,0.37549,0.26711,0.05497,0.00120,0.00135,0.00083,0.25814,0.03139,0.00953
4.06400,0.12794,0.29347,0.26190,0.06010,0.00065,0.00105,0.00063,0.35179,0.02516,0.00527
4.09600,0.12794,0.23574,0.39329,0.05218,0.00058,0.00084,0.00048,0.29625,0.01571,0.00493
4.12800,0.12794,0.19686,0.35730,0.02568,0.00035,0.00045,0.00033,0.40569,0.00926,0.00408
4.16000,0.12794,0.27105,0.31337,0.02744,0.00032,0.00044,0.00033,0.37508,0.00805,0.00391
4.19200,0.12794,0.29182,0.27767,0.02066,0.00020,0.00030,0.00025,0.39936,0.00611,0.00361
4.22400,0.12794,0.26097,0.13980,0.01800,0.00006,0.00020,0.00013,0.56987,0.01019,0.00078
4.25600,0.12794,0.37008,0.17900,0.01869,0.00011,0.00024,0.00016,0.42113,0.00868,0.00191
4.28800,0.12794,0.28063,0.33300,0.01563,0.00012,0.00022,0.00014,0.36244,0.00632,0.00151
4.32000,0.12794,0.23687,0.37085,0.01385,0.00014,0.00021,0.00013,0.37274,0.00305,0.00217
4.35200,0.12794,0.19725,0.41569,0.00932,0.00013,0.00015,0.00014,0.37336,0.00073,0.00324
4.38400,0.12794,0.11475,0.24190,0.00641,0.00004,0.00007,0.00009,0.63516,0.00031,0.00128
4.41600,0.12794,0.08807,0.09193,0.00563,0.00002,0.00004,0.00007,0.81276,0.00024,0.00125
4.44800,0.12794,0.16329,0.13110,0.01244,0.00008,0.00010,0.00019,0.68988,0.00104,0.00188
4.48000,0.12794,0.29773,0.17630,0.02757,0.00031,0.00024,0.00044,0.48786,0.00645,0.00310
4.51200,0.12794,0.39172,0.18190,0.02745,0.00065,0.00041,0.00065,0.37789,0.01495,0.00437
4.54400,0.12794,0.36590,0.08591,0.02060,0.00040,0.00044,0.00057,0.49534,0.02875,0.00208
4.57600,0.12794,0.32902,0.03869,0.01357,0.00015,0.00037,0.00027,0.58180,0.03491,0.00122
4.60800,0.12794,0.21081,0.01150,0.00562,0.00003,0.00017,0.00009,0.74814,0.02308,0.00055
4.64000,0.12794,0.17628,0.00499,0.00416,0.00001,0.00010,0.00004,0.78449,0.02973,0.00021
4.67200,0.12794,0.19906,0.00613,0.00426,0.00001,0.00010,0.00003,0.75225,0.03801,0.00015
4.70400,0.12794,0.14854,0.00409,0.00224,0.00000,0.00004,0.00001,0.81580,0.02923,0.00004
4.73600,0.12794,0.10625,0.00237,0.00253,0.00000,0.00004,0.00000,0.80941,0.07940,0.00001
4.76800,0.12794,0.12067,0.00369,0.00542,0.00000,0.00008,0.00001,0.66857,0.20156,0.00001
4.80000,0.12794,0.08812,0.00270,0.00737,0.00000,0.00010,0.00000,0.41674,0.48498,0.00000
4.83200,0.12794,0.05050,0.00173,0.00772,0.00000,0.00008,0.00000,0.30235,0.63761,0.00000
4.86400,0.12794,0.09349,0.00770,0.01214,0.00000,0.00012,0.00001,0.49260,0.39393,0.00000
4.89600,0.12794,0.14164,0.01606,0.01733,0.00001,0.00017,0.00002,0.59549,0.22927,0.00001
4.92800,0.12794,0.20793,0.02616,0.01775,0.00002,0.00018,0.00005,0.63317,0.11471,0.00002
4.96000,0.12794,0.25653,0.03181,0.01573,0.00005,0.00019,0.00010,0.63732,0.05821,0.00006
4.99200,0.12794,0.42920,0.06869,0.02204,0.00018,0.00034,0.00025,0.42098,0.05815,0.00017
5.02400,0.12794,0.33584,0.03995,0.01343,0.00005,0.00017,0.00010,0.54904,0.06136,0.00006
5.05600,0.12794,0.30288,0.02435,0.01746,0.00004,0.00017,0.00010,0.57936,0.07558,0.00005
5.08800,0.12794,0.21904,0.00761,0.01669,0.00001,0.00008,0.00006,0.64835,0.10815,0.00002
5.12000,0.12794,0.08603,0.00079,0.00752,0.00000,0.00001,0.00001,0.83043,0.07521,0.00000
5.15200,0.12794,0.07250,0.00017,0.00891,0.00000,0.00001,0.00000,0.83750,0.08092,0.00000
5.18400,0.12794,0.02589,0.00003,0.00202,0.00000,0.00000,0.00000,0.95115,0.02091,0.00000
5.21600,0.12794,0.01483,0.00002,0.00082,0.00000,0.00000,0.00000,0.97686,0.00747,0.00000
5.24800,0.12794,0.00949,0.00007,0.00034,0.00000,0.00000,0.00000,0.98905,0.00105,0.00000
5.28000,0.12794,0.00344,0.00006,0.00008,0.00000,0.00000,0.00000,0.99624,0.00019,0.00000
5.31200,0.12794,0.00514,0.00011,0.00014,0.00000,0.00000,0.00000,0.99425,0.00036,0.00000
5.34400,0.12794,0.01027,0.00015,0.00039,0.00000,0.00000,0.00000,0.98825,0.00094,0.00000
5.37600,0.12794,0.00846,0.00003,0.00028,0.00000,0.00000,0.00000,0.98927,0.00196,0.00000
5.40800,0.12794,0.00944,0.00003,0.00026,0.00000,0.00000,0.00000,0.98736,0.00291,0.00000
5.44000,0.12794,0.00469,0.00002,0.00007,0.00000,0.00000,0.00000,0.99433,0.00088,0.00000
5.47200,0.12794,0.00223,0.00002,0.00002,0.00000,0.00000,0.00000,0.99751,0.00022,0.00000
5.50400,0.12794,0.00708,0.00007,0.00015,0.00000,0.00000,0.00000,0.99171,0.00100,0.00000
5.53600,0.12794,0.01603,0.00007,0.00053,0.00000,0.00000,0.00000,0.98191,0.00146,0.00000
5.56800,0.12794,0.01502,0.00004,0.00051,0.00000,0.00000,0.00000,0.98354,0.00089,0.00000
5.60000,0.12794,0.03897,0.00005,0.00265,0.00000,0.00000,0.00000,0.95486,0.00347,0.00000
5.63200,0.12794,0.03247,0.00003,0.00217,0.00000,0.00000,0.00000,0.96311,0.00222,0.00000
5.66400,0.12794,0.04419,0.00005,0.00400,0.00000,0.00000,0.00000,0.94774,0.00402,0.00000
5.69600,0.12794,0.09180,0.00004,0.01480,0.00000,0.00000,0.00001,0.87656,0.01679,0.00000
5.72800,0.12794,0.04548,0.00002,0.00543,0.00000,0.00000,0.00000,0.94146,0.00761,0.00000
5.76000,0.12794,0.02092,0.00001,0.00148,0.00000,0.00000,0.00000,0.97414,0.00345,0.00000
5.79200,0.12794,0.01240,0.00001,0.00054,0.00000,0.00000,0.00000,0.98428,0.00276,0.00000
5.82400,0.12794,0.01275,0.00002,0.00051,0.00000,0.00000,0.00000,0.98419,0.00252,0.00000
5.85600,0.12794,0.01403,0.00004,0.00059,0.00000,0.00000,0.00000,0.98168,0.00366,0.00000
5.88800,0.12794,0.01328,0.00004,0.00049,0.00000,0.00000,0.00000,0.98318,0.00301,0.00000
5.92000,0.12794,0.00701,0.00002,0.00018,0.00000,0.00000,0.00000,0.99146,0.00132,0.00000
5.95200,0.12794,0.00294,0.00003,0.00005,0.00000,0.00000,0.00000,0.99675,0.00024,0.00000
5.98400,0.12794,0.00230,0.00007,0.00002,0.00000,0.00000,0.00000,0.99756,0.00004,0.00000
6.01600,0.12794,0.00287,0.00012,0.00003,0.00000,0.00000,0.00000,0.99692,0.00006,0.00000
6.04800,0.12794,0.00743,0.00024,0.00014,0.00000,0.00000,0.00000,0.99198,0.00020,0.00000
6.08000,0.12794,0.01612,0.00035,0.00050,0.00000,0.00000,0.00000,0.98143,0.00160,0.00000
6.11200,0.12794,0.02188,0.00038,0.00119,0.00000,0.00000,0.00000,0.97125,0.00529,0.00000
6.14400,0.12794,0.04106,0.00160,0.00219,0.00000,0.00000,0.00001,0.94896,0.00617,0.00000
6.17600,0.12794,0.03725,0.00828,0.00122,0.00000,0.00001,0.00001,0.95065,0.00258,0.00001
6.20800,0.12794,0.05445,0.04950,0.00121,0.00001,0.00002,0.00001,0.89304,0.00173,0.00002
6.24000,0.12794,0.04478,0.03605,0.00089,0.00000,0.00001,0.00001,0.91692,0.00133,0.00001
6.27200,0.12794,0.03500,0.02397,0.00097,0.00000,0.00001,0.00001,0.93873,0.00132,0.00000
6.30400,0.12794,0.02930,0.00289,0.00118,0.00000,0.00000,0.00000,0.96076,0.00587,0.00000
6.33600,0.12794,0.03779,0.00056,0.00264,0.00000,0.00000,0.00000,0.93242,0.02660,0.00000
6.36800,0.12794,0.05864,0.00031,0.00608,0.00000,0.00000,0.00000,0.77474,0.16022,0.00000
6.40000,0.12794,0.05435,0.00007,0.00666,0.00000,0.00000,0.00000,0.62628,0.31265,0.00000
6.43200,0.12794,0.04844,0.00005,0.00616,0.00000,0.00000,0.00000,0.75391,0.19144,0.00000
6.46400,0.12794,0.04049,0.00005,0.00542,0.00000,0.00000,0.00000,0.84180,0.11224,0.00000
6.49600,0.12794,0.05052,0.00008,0.00794,0.00000,0.00000,0.00000,0.86535,0.07611,0.00000
6.52800,0.12794,0.06884,0.00014,0.01199,0.00000,0.00000,0.00000,0.82001,0.09901,0.00000
6.56000,0.12794,0.06382,0.00010,0.01338,0.00000,0.00000,0.00000,0.80195,0.12073,0.00000
6.59200,0.12794,0.05008,0.00010,0.00591,0.00000,0.00000,0.00000,0.88169,0.06222,0.00000
6.62400,0.12794,0.05623,0.00023,0.00560,0.00000,0.00000,0.00000,0.89070,0.04725,0.00000
6.65600,0.12794,0.06030,0.00031,0.00405,0.00000,0.00000,0.00000,0.89964,0.03570,0.00000
6.68800,0.12794,0.30901,0.00790,0.01390,0.00000,0.00002,0.00001,0.62542,0.04374,0.00000
6.72000,0.12794,0.68194,0.09903,0.04626,0.00009,0.00008,0.00005,0.12656,0.04596,0.00003
6.75200,0.12794,0.65711,0.12975,0.03878,0.00007,0.00007,0.00003,0.12579,0.04836,0.00003
6.78400,0.12794,0.54768,0.27244,0.02954,0.00016,0.00014,0.00004,0.11532,0.03462,0.00006
6.81600,0.12794,0.45926,0.19225,0.02047,0.00007,0.00013,0.00004,0.29797,0.02972,0.00010
6.84800,0.12794,0.14240,0.01010,0.00418,0.00000,0.00002,0.00001,0.83018,0.01308,0.00002
6.88000,0.12794,0.08074,0.00421,0.00159,0.00000,0.00001,0.00001,0.90973,0.00370,0.00002
6.91200,0.12794,0.13234,0.01056,0.00216,0.00000,0.00002,0.00002,0.85113,0.00373,0.00004
6.94400,0.12794,0.10897,0.00583,0.00139,0.00000,0.00001,0.00001,0.88120,0.00255,0.00004
6.97600,0.12794,0.18680,0.02770,0.00229,0.00002,0.00004,0.00003,0.77826,0.00470,0.00016
7.00800,0.12794,0.27990,0.05360,0.00370,0.00004,0.00009,0.00006,0.65290,0.00949,0.00023
7.04000,0.12794,0.20786,0.02780,0.00263,0.00001,0.00005,0.00003,0.75227,0.00925,0.00010
7.07200,0.12794,0.16079,0.01634,0.00281,0.00001,0.00005,0.00003,0.80682,0.01311,0.00005
7.10400,0.12794,0.08613,0.00424,0.00182,0.00000,0.00002,0.00001,0.89447,0.01331,0.00001
7.13600,0.12794,0.07168,0.00248,0.00211,0.00000,0.00002,0.00001,0.90256,0.02112,0.00001
7.16800,0.12794,0.05785,0.00118,0.00243,0.00000,0.00002,0.00001,0.90510,0.03339,0.00001
7.20000,0.12794,0.06490,0.00158,0.00297,0.00000,0.00003,0.00002,0.90382,0.02667,0.00001
7.23200,0.12794,0.09194,0.00157,0.00468,0.00000,0.00004,0.00004,0.86375,0.03796,0.00002
7.26400,0.12794,0.09570,0.00156,0.00397,0.00000,0.00003,0.00003,0.87182,0.02686,0.00003
7.29600,0.12794,0.14161,0.00376,0.00675,0.00001,0.00008,0.00006,0.80578,0.04189,0.00006
7.32800,0.12794,0.25644,0.00579,0.01619,0.00002,0.00018,0.00009,0.46922,0.25203,0.00004
7.36000,0.12794,0.31783,0.00668,0.02742,0.00004,0.00023,0.00012,0.13763,0.51002,0.00003
7.39200,0.12794,0.25342,0.00289,0.03806,0.00006,0.00016,0.00011,0.01471,0.69058,0.00001
7.42400,0.12794,0.40781,0.00255,0.07354,0.00026,0.00015,0.00023,0.00328,0.51216,0.00002
7.45600,0.12794,0.57923,0.00375,0.11525,0.00092,0.00020,0.00060,0.00246,0.29749,0.00010
7.48800,0.12794,0.73224,0.01220,0.14258,0.00481,0.00037,0.00174,0.00327,0.10162,0.00118
7.52000,0.12794,0.74433,0.04530,0.13599,0.01254,0.00067,0.00331,0.00789,0.04285,0.00713
7.55200,0.12794,0.68161,0.16968,0.08126,0.00837,0.00062,0.00223,0.02509,0.01334,0.01780
7.58400,0.12794,0.42324,0.48696,0.02334,0.00526,0.00024,0.00097,0.02761,0.00116,0.03122
7.61600,0.12794,0.22757,0.72906,0.00880,0.00180,0.00010,0.00031,0.02094,0.00033,0.01111
7.64800,0.12794,0.15577,0.82210,0.00481,0.00176,0.00006,0.00019,0.00811,0.00018,0.00701
7.68000,0.12794,0.16476,0.80702,0.00576,0.00264,0.00009,0.00027,0.00720,0.00026,0.01200
7.71200,0.12794,0.16770,0.77892,0.00905,0.00369,0.00015,0.00047,0.01351,0.00047,0.02605
7.74400,0.12794,0.17784,0.68926,0.00868,0.00357,0.00014,0.00066,0.03256,0.00026,0.08704
7.77600,0.12794,0.13870,0.60820,0.00480,0.00104,0.00008,0.00041,0.12653,0.00008,0.12015
7.80800,0.12794,0.08720,0.57608,0.00342,0.00031,0.00005,0.00023,0.28547,0.00004,0.04720
7.84000,0.12794,0.08658,0.59547,0.00285,0.00019,0.00004,0.00015,0.28092,0.00003,0.03378
7.87200,0.12794,0.08145,0.58460,0.00261,0.00010,0.00003,0.00011,0.31557,0.00002,0.01550
7.90400,0.12794,0.06901,0.52384,0.00247,0.00006,0.00003,0.00009,0.39655,0.00001,0.00793
7.93600,0.12794,0.06396,0.53508,0.00305,0.00005,0.00003,0.00008,0.39363,0.00002,0.00410
7.96800,0.12794,0.04752,0.23572,0.00248,0.00001,0.00002,0.00006,0.71339,0.00001,0.00079
8.00000,0.12794,0.03594,0.14545,0.00230,0.00001,0.00002,0.00004,0.81602,0.00002,0.00020
8.03200,0.12794,0.03261,0.08876,0.00240,0.00000,0.00002,0.00003,0.87609,0.00003,0.00006
8.06400,0.12794,0.03286,0.09738,0.00444,0.00000,0.00002,0.00003,0.86516,0.00007,0.00004
8.09600,0.12794,0.04459,0.29424,0.01538,0.00001,0.00006,0.00008,0.64524,0.00031,0.00008
8.12800,0.12794,0.04415,0.49760,0.04011,0.00003,0.00012,0.00013,0.41708,0.00069,0.00009
8.16000,0.12794,0.02760,0.74097,0.07531,0.00007,0.00016,0.00013,0.15451,0.00116,0.00008
8.19200,0.12794,0.02183,0.81811,0.09630,0.00011,0.00017,0.00012,0.06180,0.00150,0.00006
8.22400,0.12794,0.01878,0.82644,0.12417,0.00015,0.00017,0.00011,0.02817,0.00197,0.00005
8.25600,0.12794,0.01589,0.87291,0.09680,0.00024,0.00014,0.00008,0.01172,0.00215,0.00007
8.28800,0.12794,0.01472,0.88964,0.08831,0.00039,0.00012,0.00007,0.00460,0.00207,0.00008
8.32000,0.12794,0.02042,0.91662,0.05698,0.00050,0.00010,0.00006,0.00370,0.00145,0.00018
8.35200,0.12794,0.02548,0.92304,0.04672,0.00058,0.00007,0.00005,0.00254,0.00128,0.00023
8.38400,0.12794,0.03002,0.93838,0.02772,0.00078,0.00006,0.00004,0.00177,0.00062,0.00060
8.41600,0.12794,0.03923,0.93938,0.01672,0.00116,0.00006,0.00004,0.00144,0.00037,0.00158
8.44800,0.12794,0.03069,0.94283,0.02241,0.00082,0.00007,0.00005,0.00211,0.00046,0.00055
8.48000,0.12794,0.02180,0.94369,0.03027,0.00058,0.00006,0.00005,0.00297,0.00034,0.00023
8.51200,0.12794,0.02325,0.93292,0.03761,0.00042,0.00006,0.00006,0.00522,0.00030,0.00017
8.54400,0.12794,0.02419,0.91647,0.04875,0.00031,0.00006,0.00006,0.00971,0.00028,0.00016
8.57600,0.12794,0.04022,0.92405,0.02498,0.00050,0.00006,0.00006,0.00874,0.00014,0.00125
8.60800,0.12794,0.07993,0.87022,0.01418,0.00034,0.00006,0.00007,0.03009,0.00008,0.00503
8.64000,0.12794,0.10607,0.82693,0.01376,0.00027,0.00008,0.00008,0.04742,0.00007,0.00532
8.67200,0.12794,0.13035,0.75718,0.00989,0.00020,0.00007,0.00009,0.09525,0.00006,0.00690
8.70400,0.12794,0.13214,0.66833,0.00767,0.00006,0.00005,0.00006,0.18942,0.00004,0.00222
8.73600,0.12794,0.14256,0.74630,0.00567,0.00007,0.00003,0.00005,0.10251,0.00003,0.00279
8.76800,0.12794,0.15814,0.78430,0.00443,0.00006,0.00003,0.00004,0.04981,0.00002,0.00318
8.80000,0.12794,0.16407,0.79390,0.00344,0.00006,0.00002,0.00003,0.03474,0.00001,0.00374
8.83200,0.12794,0.18666,0.76187,0.00431,0.00009,0.00003,0.00005,0.03840,0.00002,0.00857
8.86400,0.12794,0.24482,0.67394,0.00397,0.00009,0.00003,0.00007,0.06138,0.00002,0.01569
8.89600,0.12794,0.24083,0.63059,0.00332,0.00011,0.00004,0.00009,0.10246,0.00003,0.02253
8.92800,0.12794,0.28162,0.61472,0.00317,0.00012,0.00004,0.00009,0.07775,0.00002,0.02248
8.96000,0.12794,0.28202,0.63566,0.00280,0.00008,0.00002,0.00007,0.06365,0.00001,0.01568
8.99200,0.12794,0.22129,0.74534,0.00280,0.00010,0.00002,0.00005,0.02169,0.00001,0.00871
9.02400,0.12794,0.22931,0.73889,0.00288,0.00009,0.00002,0.00005,0.02011,0.00001,0.00864
9.05600,0.12794,0.14571,0.83276,0.00371,0.00013,0.00002,0.00006,0.01273,0.00001,0.00487
9.08800,0.12794,0.10401,0.87367,0.00564,0.00019,0.00002,0.00008,0.01420,0.00004,0.00216
9.12000,0.12794,0.12163,0.81832,0.01102,0.00015,0.00004,0.00012,0.04724,0.00014,0.00136
9.15200,0.12794,0.16931,0.66839,0.02430,0.00009,0.00006,0.00013,0.13697,0.00045,0.00029
9.18400,0.12794,0.14057,0.15829,0.02292,0.00001,0.00004,0.00007,0.67691,0.00117,0.00002
9.21600,0.12794,0.09240,0.05386,0.01093,0.00000,0.00003,0.00004,0.84160,0.00112,0.00001
9.24800,0.12794,0.05744,0.01218,0.00633,0.00000,0.00002,0.00002,0.92157,0.00244,0.00000
9.28000,0.12794,0.03618,0.00649,0.00335,0.00000,0.00002,0.00001,0.95125,0.00269,0.00001
9.31200,0.12794,0.07243,0.01918,0.00639,0.00001,0.00006,0.00005,0.89751,0.00426,0.00011
9.34400,0.12794,0.11298,0.04095,0.01006,0.00002,0.00009,0.00005,0.82760,0.00812,0.00013
9.37600,0.12794,0.11152,0.05737,0.00849,0.00003,0.00011,0.00007,0.81749,0.00471,0.00022
9.40800,0.12794,0.08815,0.03966,0.00739,0.00001,0.00008,0.00004,0.85959,0.00499,0.00008
9.44000,0.12794,0.07617,0.02549,0.00520,0.00000,0.00004,0.00002,0.89010,0.00292,0.00004
9.47200,0.12794,0.04463,0.00785,0.00291,0.00000,0.00002,0.00001,0.94210,0.00246,0.00001
9.50400,0.12794,0.03982,0.00512,0.00239,0.00000,0.00002,0.00001,0.95007,0.00256,0.00001
9.53600,0.12794,0.07050,0.01282,0.00592,0.00001,0.00005,0.00003,0.90466,0.00597,0.00004
9.56800,0.12794,0.08189,0.01648,0.00826,0.00001,0.00009,0.00005,0.88054,0.01263,0.00004
9.60000,0.12794,0.09756,0.01163,0.00887,0.00001,0.00011,0.00007,0.86547,0.01623,0.00005
9.63200,0.12794,0.11093,0.01394,0.01122,0.00002,0.00012,0.00009,0.83962,0.02401,0.00005
9.66400,0.12794,0.10127,0.01010,0.00839,0.00001,0.00010,0.00007,0.85631,0.02371,0.00003
9.69600,0.12794,0.08936,0.00720,0.00526,0.00001,0.00008,0.00004,0.87901,0.01902,0.00003
9.72800,0.12794,0.09346,0.00958,0.00551,0.00001,0.00008,0.00004,0.86608,0.02520,0.00003
9.76000,0.12794,0.11026,0.00879,0.00637,0.00001,0.00010,0.00004,0.83068,0.04374,0.00002
9.79200,0.12794,0.07716,0.00399,0.00344,0.00000,0.00010,0.00002,0.84521,0.07006,0.00001
9.82400,0.12794,0.08562,0.00415,0.00451,0.00000,0.00010,0.00002,0.77354,0.13204,0.00001
9.85600,0.12794,0.10196,0.00400,0.00747,0.00000,0.00010,0.00002,0.64549,0.24095,0.00000
9.88800,0.12794,0.09488,0.00453,0.00773,0.00000,0.00008,0.00003,0.63857,0.25419,0.00000
9.92000,0.12794,0.09609,0.00440,0.00966,0.00000,0.00004,0.00003,0.67141,0.21835,0.00000
9.95200,0.12794,0.10225,0.00544,0.01165,0.00000,0.00005,0.00005,0.56176,0.31879,0.00000
9.98400,0.12794,0.11555,0.01313,0.01258,0.00001,0.00010,0.00007,0.60729,0.25127,0.00000
10.01600,0.12794,0.18559,0.03774,0.02602,0.00005,0.00031,0.00017,0.36230,0.38780,0.00001
10.04800,0.12794,0.22960,0.09061,0.06359,0.00028,0.00075,0.00038,0.10320,0.51156,0.00003
10.08000,0.12794,0.25891,0.25314,0.11351,0.00088,0.00111,0.00060,0.05288,0.31886,0.00011
10.11200,0.12794,0.20256,0.18963,0.19999,0.00097,0.00107,0.00049,0.01404,0.39119,0.00007
10.14400,0.12794,0.20005,0.27524,0.25647,0.00114,0.00090,0.00049,0.01113,0.25449,0.00010
10.17600,0.12794,0.20325,0.28735,0.29913,0.00090,0.00074,0.00038,0.01121,0.19694,0.00010
10.20800,0.12794,0.22578,0.22058,0.32318,0.00076,0.00072,0.00037,0.01131,0.21723,0.00008
10.24000,0.12794,0.24398,0.27759,0.30012,0.00071,0.00058,0.00041,0.01976,0.15675,0.00010
10.27200,0.12794,0.25402,0.25824,0.28058,0.00040,0.00049,0.00037,0.04460,0.16124,0.00006
10.30400,0.12794,0.26616,0.26951,0.21614,0.00026,0.00040,0.00036,0.10468,0.14245,0.00003
10.33600,0.12794,0.18082,0.23703,0.22284,0.00011,0.00031,0.00027,0.19983,0.15878,0.00001
10.36800,0.12794,0.14899,0.23187,0.23478,0.00006,0.00026,0.00017,0.22707,0.15678,0.00000
10.40000,0.12794,0.10481,0.21869,0.29991,0.00005,0.00027,0.00011,0.13681,0.23935,0.00000
10.43200,0.12794,0.06178,0.15475,0.39938,0.00003,0.00024,0.00007,0.06820,0.31556,0.00000
10.46400,0.12794,0.05415,0.15462,0.50495,0.00004,0.00025,0.00005,0.02808,0.25785,0.00000
10.49600,0.12794,0.03898,0.17317,0.57572,0.00007,0.00027,0.00006,0.01322,0.19851,0.00000
10.52800,0.12794,0.02986,0.18640,0.67924,0.00009,0.00024,0.00006,0.00834,0.09575,0.00000
