Time (seconds), Duration (seconds),pred_unlabeled,pred_down,pred_bottom left,pred_bottom right,pred_left,pred_right,pred_top,pred_top left,pred_top right
0.00000,0.12794,0.99232,0.00000,0.00001,0.00034,0.00000,0.00731,0.00000,0.00000,0.00003
0.03200,0.12794,0.99283,0.00000,0.00005,0.00055,0.00000,0.00652,0.00000,0.00000,0.00005
0.06400,0.12794,0.99107,0.00002,0.00021,0.00133,0.00000,0.00714,0.00003,0.00001,0.00020
0.09600,0.12794,0.98729,0.00027,0.00100,0.00305,0.00002,0.00754,0.00024,0.00010,0.00049
0.12800,0.12794,0.97387,0.00242,0.00259,0.00887,0.00011,0.00913,0.00098,0.00051,0.00151
0.16000,0.12794,0.96778,0.00215,0.00170,0.01358,0.00008,0.01169,0.00073,0.00024,0.00206
0.19200,0.12794,0.97023,0.00119,0.00111,0.01409,0.00005,0.01141,0.00033,0.00013,0.00146
0.22400,0.12794,0.97535,0.00119,0.00117,0.01078,0.00006,0.00968,0.00032,0.00014,0.00130
0.25600,0.12794,0.98005,0.00291,0.00183,0.00687,0.00009,0.00612,0.00057,0.00035,0.00122
0.28800,0.12794,0.97700,0.00503,0.00256,0.00706,0.00016,0.00498,0.00077,0.00056,0.00189
0.32000,0.12794,0.97041,0.00931,0.00422,0.00547,0.00027,0.00385,0.00199,0.00125,0.00324
0.35200,0.12794,0.96619,0.00741,0.00282,0.00752,0.00024,0.00407,0.00200,0.00065,0.00911
0.38400,0.12794,0.95690,0.00863,0.00337,0.00749,0.00030,0.00441,0.00424,0.00085,0.01380
0.41600,0.12794,0.96579,0.00666,0.00374,0.00546,0.00022,0.00376,0.00419,0.00102,0.00916
0.44800,0.12794,0.96890,0.00860,0.00349,0.00434,0.00022,0.00297,0.00352,0.00108,0.00688
0.48000,0.12794,0.96276,0.01504,0.00451,0.00335,0.00028,0.00236,0.00466,0.00176,0.00528
0.51200,0.12794,0.95901,0.02158,0.00443,0.00432,0.00031,0.00211,0.00262,0.00159,0.00402
0.54400,0.12794,0.96134,0.02247,0.00275,0.00410,0.00023,0.00177,0.00168,0.00082,0.00483
0.57600,0.12794,0.96727,0.01782,0.00264,0.00552,0.00019,0.00186,0.00080,0.00071,0.00317
0.60800,0.12794,0.98004,0.00838,0.00200,0.00465,0.00012,0.00220,0.00048,0.00045,0.00169
0.64000,0.12794,0.98738,0.00267,0.00133,0.00388,0.00006,0.00282,0.00028,0.00021,0.00137
0.67200,0.12794,0.98735,0.00146,0.00107,0.00461,0.00005,0.00403,0.00021,0.00014,0.00109
0.70400,0.12794,0.98620,0.00080,0.00096,0.00465,0.00004,0.00596,0.00023,0.00011,0.00105
0.73600,0.12794,0.99022,0.00114,0.00098,0.00268,0.00004,0.00371,0.00030,0.00015,0.00077
0.76800,0.12794,0.99316,0.00146,0.00093,0.00140,0.00004,0.00209,0.00028,0.00018,0.00046
0.80000,0.12794,0.99450,0.00172,0.00071,0.00080,0.00003,0.00127,0.00031,0.00013,0.00054
0.83200,0.12794,0.99467,0.00208,0.00071,0.00065,0.00003,0.00095,0.00034,0.00016,0.00042
0.86400,0.12794,0.98963,0.00130,0.00360,0.00067,0.00061,0.00152,0.00065,0.00116,0.00085
0.89600,0.12794,0.93581,0.00150,0.02291,0.00105,0.01814,0.00272,0.00248,0.01285,0.00253
0.92800,0.12794,0.55398,0.00092,0.09009,0.00072,0.22520,0.00187,0.00467,0.12019,0.00236
0.96000,0.12794,0.13841,0.00036,0.11623,0.00020,0.47400,0.00064,0.00509,0.26383,0.00122
0.99200,0.12794,0.20384,0.00056,0.12649,0.00027,0.18698,0.00069,0.01280,0.46714,0.00123
1.02400,0.12794,0.16043,0.00091,0.10333,0.00014,0.02353,0.00029,0.01202,0.69914,0.00022
1.05600,0.12794,0.10642,0.00157,0.09298,0.00008,0.00299,0.00014,0.00629,0.78950,0.00003
1.08800,0.12794,0.06785,0.00138,0.05991,0.00003,0.00054,0.00004,0.00159,0.86864,0.00000
1.12000,0.12794,0.03337,0.00061,0.03286,0.00000,0.00006,0.00001,0.00032,0.93277,0.00000
1.15200,0.12794,0.07807,0.00035,0.05213,0.00001,0.00006,0.00001,0.00018,0.86921,0.00000
1.18400,0.12794,0.19998,0.00012,0.09266,0.00002,0.00011,0.00002,0.00019,0.70689,0.00000
1.21600,0.12794,0.41775,0.00005,0.16297,0.00004,0.00021,0.00007,0.00024,0.41865,0.00001
1.24800,0.12794,0.54409,0.00004,0.20397,0.00011,0.00065,0.00014,0.00030,0.25064,0.00006
1.28000,0.12794,0.48333,0.00004,0.17698,0.00007,0.00137,0.00011,0.00049,0.33754,0.00007
1.31200,0.12794,0.30258,0.00003,0.09819,0.00001,0.00139,0.00003,0.00084,0.59691,0.00002
1.34400,0.12794,0.14263,0.00003,0.04605,0.00000,0.00113,0.00001,0.00122,0.80892,0.00001
1.37600,0.12794,0.10611,0.00004,0.04182,0.00000,0.00134,0.00001,0.00242,0.84825,0.00001
1.40800,0.12794,0.14802,0.00005,0.06290,0.00000,0.00199,0.00001,0.00376,0.78324,0.00001
1.44000,0.12794,0.15267,0.00011,0.09165,0.00001,0.00328,0.00002,0.00481,0.74743,0.00002
1.47200,0.12794,0.23060,0.00012,0.12357,0.00001,0.00406,0.00005,0.00435,0.63720,0.00005
1.50400,0.12794,0.41953,0.00011,0.18744,0.00005,0.00663,0.00017,0.00207,0.38381,0.00019
1.53600,0.12794,0.52856,0.00010,0.24332,0.00011,0.00912,0.00032,0.00138,0.21662,0.00047
1.56800,0.12794,0.54723,0.00005,0.21243,0.00008,0.01191,0.00025,0.00115,0.22657,0.00033
1.60000,0.12794,0.39189,0.00007,0.16074,0.00002,0.00811,0.00010,0.00379,0.43518,0.00010
1.63200,0.12794,0.25418,0.00015,0.12840,0.00002,0.00500,0.00007,0.01123,0.60089,0.00006
1.66400,0.12794,0.09576,0.00011,0.05368,0.00000,0.00165,0.00001,0.01639,0.83238,0.00001
1.69600,0.12794,0.09195,0.00027,0.05584,0.00000,0.00084,0.00002,0.04583,0.80523,0.00001
1.72800,0.12794,0.14508,0.00047,0.08113,0.00001,0.00076,0.00005,0.07757,0.69491,0.00001
1.76000,0.12794,0.16327,0.00031,0.10025,0.00001,0.00067,0.00005,0.06569,0.66974,0.00001
1.79200,0.12794,0.18521,0.00050,0.10010,0.00001,0.00070,0.00007,0.07396,0.63944,0.00001
1.82400,0.12794,0.24608,0.00020,0.12294,0.00001,0.00036,0.00005,0.01966,0.61070,0.00001
1.85600,0.12794,0.31438,0.00005,0.18480,0.00001,0.00020,0.00004,0.00357,0.49695,0.00000
1.88800,0.12794,0.36819,0.00001,0.19888,0.00000,0.00008,0.00003,0.00140,0.43141,0.00000
1.92000,0.12794,0.48191,0.00001,0.27418,0.00000,0.00004,0.00004,0.00048,0.24334,0.00000
1.95200,0.12794,0.51348,0.00001,0.28361,0.00001,0.00004,0.00005,0.00043,0.20238,0.00000
1.98400,0.12794,0.49844,0.00001,0.23602,0.00001,0.00004,0.00005,0.00054,0.26490,0.00000
2.01600,0.12794,0.46911,0.00001,0.21083,0.00001,0.00002,0.00004,0.00106,0.31893,0.00000
2.04800,0.12794,0.34880,0.00001,0.12970,0.00000,0.00001,0.00002,0.00124,0.52023,0.00000
2.08000,0.12794,0.42384,0.00001,0.15367,0.00000,0.00002,0.00004,0.00151,0.42092,0.00000
2.11200,0.12794,0.54200,0.00001,0.22068,0.00001,0.00002,0.00009,0.00094,0.23626,0.00000
2.14400,0.12794,0.58936,0.00001,0.26721,0.00003,0.00003,0.00017,0.00042,0.14278,0.00001
2.17600,0.12794,0.61659,0.00001,0.31820,0.00007,0.00003,0.00041,0.00050,0.06418,0.00002
2.20800,0.12794,0.60553,0.00000,0.29372,0.00004,0.00002,0.00030,0.00083,0.09953,0.00001
2.24000,0.12794,0.58430,0.00000,0.25542,0.00002,0.00002,0.00018,0.00125,0.15880,0.00001
2.27200,0.12794,0.59418,0.00001,0.22302,0.00002,0.00001,0.00015,0.00124,0.18137,0.00000
2.30400,0.12794,0.58220,0.00001,0.20006,0.00002,0.00002,0.00011,0.00115,0.21643,0.00000
2.33600,0.12794,0.64659,0.00001,0.21591,0.00005,0.00002,0.00019,0.00069,0.13652,0.00001
2.36800,0.12794,0.65440,0.00002,0.23716,0.00011,0.00004,0.00031,0.00074,0.10721,0.00001
2.40000,0.12794,0.62384,0.00004,0.23683,0.00012,0.00006,0.00028,0.00094,0.13787,0.00001
2.43200,0.12794,0.60706,0.00004,0.24196,0.00010,0.00008,0.00030,0.00160,0.14884,0.00002
2.46400,0.12794,0.52268,0.00011,0.20304,0.00009,0.00016,0.00022,0.00264,0.27104,0.00003
2.49600,0.12794,0.45247,0.00015,0.15677,0.00007,0.00018,0.00013,0.00246,0.38774,0.00002
2.52800,0.12794,0.50230,0.00014,0.16405,0.00010,0.00017,0.00020,0.00265,0.33035,0.00003
2.56000,0.12794,0.51460,0.00009,0.16291,0.00007,0.00012,0.00019,0.00234,0.31967,0.00002
2.59200,0.12794,0.55472,0.00003,0.20304,0.00004,0.00006,0.00021,0.00244,0.23946,0.00001
2.62400,0.12794,0.53301,0.00002,0.19155,0.00002,0.00003,0.00016,0.00378,0.27144,0.00000
2.65600,0.12794,0.41375,0.00002,0.16383,0.00001,0.00006,0.00008,0.00579,0.41646,0.00000
2.68800,0.12794,0.32560,0.00004,0.12262,0.00001,0.00010,0.00006,0.00377,0.54780,0.00000
2.72000,0.12794,0.31419,0.00004,0.12487,0.00001,0.00011,0.00004,0.00261,0.55812,0.00000
2.75200,0.12794,0.41092,0.00004,0.24055,0.00002,0.00034,0.00010,0.00154,0.34647,0.00001
2.78400,0.12794,0.45708,0.00003,0.29786,0.00002,0.00026,0.00013,0.00121,0.24341,0.00001
2.81600,0.12794,0.44004,0.00002,0.37025,0.00002,0.00027,0.00017,0.00161,0.18759,0.00001
2.84800,0.12794,0.35723,0.00007,0.33141,0.00002,0.00047,0.00018,0.00525,0.30536,0.00001
2.88000,0.12794,0.22232,0.00020,0.18895,0.00001,0.00032,0.00009,0.01705,0.57106,0.00000
2.91200,0.12794,0.13111,0.00021,0.09279,0.00000,0.00023,0.00003,0.04123,0.73439,0.00000
2.94400,0.12794,0.10867,0.00025,0.07229,0.00000,0.00026,0.00002,0.04135,0.77715,0.00000
2.97600,0.12794,0.08840,0.00016,0.04756,0.00000,0.00023,0.00001,0.03210,0.83153,0.00000
3.00800,0.12794,0.06163,0.00010,0.03303,0.00000,0.00021,0.00001,0.02200,0.88301,0.00000
3.04000,0.12794,0.04099,0.00006,0.02413,0.00000,0.00022,0.00000,0.00976,0.92484,0.00000
3.07200,0.12794,0.04500,0.00007,0.02881,0.00000,0.00028,0.00000,0.00789,0.91795,0.00000
3.10400,0.12794,0.08063,0.00004,0.05607,0.00000,0.00069,0.00001,0.00327,0.85929,0.00000
3.13600,0.12794,0.17946,0.00005,0.12633,0.00001,0.00239,0.00002,0.00107,0.69067,0.00001
3.16800,0.12794,0.28477,0.00012,0.20055,0.00005,0.00368,0.00005,0.00061,0.51014,0.00003
3.20000,0.12794,0.25841,0.00015,0.15165,0.00004,0.00321,0.00003,0.00062,0.58588,0.00002
3.23200,0.12794,0.19714,0.00015,0.11210,0.00002,0.00165,0.00002,0.00095,0.68796,0.00001
3.26400,0.12794,0.10610,0.00013,0.07872,0.00001,0.00104,0.00001,0.00156,0.81244,0.00000
3.29600,0.12794,0.07519,0.00009,0.07381,0.00000,0.00090,0.00001,0.00343,0.84656,0.00000
3.32800,0.12794,0.13165,0.00011,0.12425,0.00000,0.00130,0.00002,0.00479,0.73788,0.00001
3.36000,0.12794,0.16107,0.00013,0.19024,0.00001,0.00195,0.00004,0.00711,0.63944,0.00001
3.39200,0.12794,0.19924,0.00013,0.18085,0.00001,0.00120,0.00005,0.00996,0.60855,0.00002
3.42400,0.12794,0.26522,0.00010,0.14184,0.00001,0.00120,0.00006,0.00704,0.58450,0.00003
3.45600,0.12794,0.20235,0.00015,0.11605,0.00001,0.00159,0.00004,0.00894,0.67085,0.00002
3.48800,0.12794,0.17772,0.00017,0.07555,0.00001,0.00158,0.00003,0.00736,0.73755,0.00003
3.52000,0.12794,0.20419,0.00019,0.09093,0.00003,0.00406,0.00005,0.00540,0.69510,0.00005
3.55200,0.12794,0.19924,0.00017,0.10606,0.00003,0.00494,0.00005,0.00266,0.68681,0.00004
3.58400,0.12794,0.25152,0.00008,0.13940,0.00003,0.00664,0.00006,0.00101,0.60125,0.00003
3.61600,0.12794,0.30035,0.00004,0.19383,0.00002,0.01173,0.00007,0.00054,0.49339,0.00003
3.64800,0.12794,0.39434,0.00002,0.32078,0.00002,0.02025,0.00013,0.00020,0.26424,0.00003
3.68000,0.12794,0.47772,0.00001,0.37736,0.00003,0.02274,0.00022,0.00009,0.12178,0.00005
3.71200,0.12794,0.51204,0.00001,0.37117,0.00004,0.01421,0.00027,0.00010,0.10210,0.00006
3.74400,0.12794,0.58426,0.00002,0.32733,0.00015,0.00880,0.00054,0.00011,0.07866,0.00014
3.77600,0.12794,0.58473,0.00007,0.23095,0.00024,0.00536,0.00042,0.00034,0.17770,0.00019
3.80800,0.12794,0.56936,0.00009,0.17686,0.00023,0.00296,0.00028,0.00050,0.24951,0.00020
3.84000,0.12794,0.60638,0.00012,0.17872,0.00035,0.00333,0.00037,0.00065,0.20968,0.00041
3.87200,0.12794,0.59462,0.00008,0.17469,0.00021,0.00199,0.00022,0.00061,0.22726,0.00032
3.90400,0.12794,0.68478,0.00005,0.22073,0.00034,0.00110,0.00033,0.00028,0.09179,0.00060
3.93600,0.12794,0.66383,0.00003,0.29396,0.00057,0.00122,0.00065,0.00018,0.03840,0.00116
3.96800,0.12794,0.60509,0.00002,0.37420,0.00069,0.00106,0.00101,0.00008,0.01614,0.00170
4.00000,0.12794,0.51056,0.00001,0.47654,0.00091,0.00104,0.00173,0.00005,0.00652,0.00264
4.03200,0.12794,0.45634,0.00001,0.53162,0.00098,0.00115,0.00215,0.00004,0.00525,0.00247
4.06400,0.12794,0.46274,0.00001,0.52659,0.00099,0.00069,0.00194,0.00003,0.00497,0.00206
4.09600,0.12794,0.52174,0.00001,0.46578,0.00100,0.00040,0.00146,0.00003,0.00846,0.00111
4.12800,0.12794,0.53249,0.00001,0.45051,0.00108,0.00057,0.00142,0.00004,0.01316,0.00072
4.16000,0.12794,0.59127,0.00002,0.36477,0.00058,0.00051,0.00064,0.00007,0.04185,0.00028
4.19200,0.12794,0.56623,0.00004,0.30005,0.00024,0.00058,0.00028,0.00014,0.13236,0.00008
4.22400,0.12794,0.48591,0.00006,0.24392,0.00012,0.00052,0.00013,0.00017,0.26915,0.00003
4.25600,0.12794,0.34760,0.00008,0.13111,0.00005,0.00026,0.00004,0.00019,0.52066,0.00001
4.28800,0.12794,0.24885,0.00007,0.09034,0.00002,0.00012,0.00002,0.00014,0.66045,0.00000
4.32000,0.12794,0.24318,0.00008,0.08924,0.00002,0.00015,0.00002,0.00012,0.66718,0.00000
4.35200,0.12794,0.14930,0.00006,0.05369,0.00001,0.00008,0.00001,0.00011,0.79675,0.00000
4.38400,0.12794,0.10811,0.00007,0.04381,0.00000,0.00008,0.00000,0.00010,0.84782,0.00000
4.41600,0.12794,0.11950,0.00015,0.06028,0.00001,0.00012,0.00001,0.00013,0.81980,0.00000
4.44800,0.12794,0.06393,0.00018,0.03744,0.00000,0.00007,0.00000,0.00012,0.89826,0.00000
4.48000,0.12794,0.05734,0.00042,0.04668,0.00001,0.00009,0.00000,0.00013,0.89534,0.00000
4.51200,0.12794,0.06605,0.00121,0.08587,0.00001,0.00009,0.00001,0.00012,0.84664,0.00000
4.54400,0.12794,0.05300,0.00197,0.09120,0.00001,0.00008,0.00001,0.00013,0.85360,0.00000
4.57600,0.12794,0.06764,0.00510,0.16530,0.00003,0.00012,0.00002,0.00018,0.76162,0.00000
4.60800,0.12794,0.07109,0.01181,0.25914,0.00006,0.00015,0.00003,0.00023,0.65750,0.00000
4.64000,0.12794,0.06320,0.01127,0.20429,0.00005,0.00015,0.00003,0.00031,0.72069,0.00000
4.67200,0.12794,0.04312,0.01634,0.19657,0.00005,0.00013,0.00002,0.00031,0.74346,0.00000
4.70400,0.12794,0.03098,0.01926,0.17340,0.00004,0.00012,0.00002,0.00037,0.77582,0.00000
4.73600,0.12794,0.02608,0.01313,0.11387,0.00003,0.00013,0.00002,0.00044,0.84630,0.00000
4.76800,0.12794,0.02257,0.01024,0.10090,0.00002,0.00015,0.00001,0.00052,0.86557,0.00000
4.80000,0.12794,0.02331,0.00746,0.08516,0.00002,0.00025,0.00002,0.00082,0.88297,0.00000
4.83200,0.12794,0.02119,0.00332,0.06133,0.00001,0.00026,0.00001,0.00123,0.91265,0.00000
4.86400,0.12794,0.02187,0.00220,0.05779,0.00001,0.00030,0.00001,0.00168,0.91615,0.00000
4.89600,0.12794,0.02738,0.00163,0.05314,0.00001,0.00042,0.00001,0.00298,0.91443,0.00000
4.92800,0.12794,0.03669,0.00107,0.04093,0.00001,0.00064,0.00002,0.00530,0.91533,0.00000
4.96000,0.12794,0.04522,0.00110,0.04140,0.00002,0.00104,0.00003,0.00695,0.90423,0.00001
4.99200,0.12794,0.07076,0.00092,0.03560,0.00004,0.00170,0.00008,0.01288,0.87799,0.00003
5.02400,0.12794,0.12739,0.00081,0.03604,0.00011,0.00261,0.00021,0.01372,0.81901,0.00008
5.05600,0.12794,0.16695,0.00076,0.04971,0.00016,0.00388,0.00030,0.01416,0.76396,0.00012
5.08800,0.12794,0.25016,0.00078,0.06728,0.00037,0.00511,0.00070,0.01237,0.66299,0.00023
5.12000,0.12794,0.19544,0.00081,0.08754,0.00021,0.00504,0.00045,0.01176,0.69864,0.00011
5.15200,0.12794,0.20886,0.00056,0.08983,0.00016,0.00872,0.00045,0.01236,0.67892,0.00014
5.18400,0.12794,0.14792,0.00068,0.10220,0.00009,0.00715,0.00026,0.01438,0.72725,0.00008
5.21600,0.12794,0.10992,0.00072,0.09129,0.00006,0.01033,0.00016,0.01784,0.76960,0.00008
5.24800,0.12794,0.13345,0.00078,0.10306,0.00009,0.02438,0.00020,0.01639,0.72147,0.00017
5.28000,0.12794,0.09277,0.00121,0.11768,0.00007,0.01572,0.00013,0.01650,0.75584,0.00009
5.31200,0.12794,0.13263,0.00109,0.12677,0.00013,0.03454,0.00025,0.01208,0.69231,0.00020
5.34400,0.12794,0.16558,0.00113,0.14400,0.00018,0.03829,0.00036,0.00923,0.64097,0.00027
5.37600,0.12794,0.16211,0.00100,0.12425,0.00014,0.02398,0.00033,0.01030,0.67766,0.00022
5.40800,0.12794,0.15790,0.00080,0.11664,0.00011,0.02604,0.00028,0.00931,0.68870,0.00023
5.44000,0.12794,0.16780,0.00089,0.10175,0.00014,0.02776,0.00036,0.01160,0.68938,0.00033
5.47200,0.12794,0.16388,0.00080,0.08590,0.00017,0.05208,0.00044,0.01003,0.68630,0.00039
5.50400,0.12794,0.15680,0.00077,0.08410,0.00017,0.09023,0.00043,0.01024,0.65675,0.00051
5.53600,0.12794,0.16593,0.00049,0.09268,0.00020,0.31648,0.00086,0.00724,0.41527,0.00084
5.56800,0.12794,0.12168,0.00030,0.08309,0.00013,0.50744,0.00070,0.00475,0.28125,0.00067
5.60000,0.12794,0.10888,0.00024,0.08984,0.00009,0.50324,0.00043,0.00474,0.29200,0.00054
5.63200,0.12794,0.12549,0.00033,0.12875,0.00011,0.41671,0.00053,0.00568,0.32193,0.00049
5.66400,0.12794,0.14679,0.00097,0.17798,0.00021,0.11317,0.00046,0.01027,0.54981,0.00034
5.69600,0.12794,0.11179,0.00148,0.15876,0.00012,0.02008,0.00021,0.01070,0.69676,0.00010
5.72800,0.12794,0.08120,0.00377,0.15241,0.00010,0.00306,0.00014,0.00619,0.75311,0.00002
5.76000,0.12794,0.07268,0.00548,0.13201,0.00010,0.00080,0.00008,0.00190,0.78695,0.00001
5.79200,0.12794,0.04319,0.00231,0.05188,0.00002,0.00023,0.00002,0.00061,0.90174,0.00000
5.82400,0.12794,0.06728,0.00075,0.05228,0.00002,0.00014,0.00001,0.00025,0.87926,0.00000
5.85600,0.12794,0.15786,0.00024,0.07302,0.00003,0.00034,0.00003,0.00029,0.76819,0.00000
5.88800,0.12794,0.23463,0.00008,0.08290,0.00003,0.00068,0.00003,0.00045,0.68119,0.00001
5.92000,0.12794,0.37314,0.00006,0.10487,0.00004,0.00101,0.00005,0.00072,0.52008,0.00004
5.95200,0.12794,0.32016,0.00006,0.09241,0.00003,0.00208,0.00004,0.00120,0.58396,0.00005
5.98400,0.12794,0.18742,0.00003,0.05295,0.00001,0.00156,0.00001,0.00122,0.75678,0.00001
6.01600,0.12794,0.09158,0.00002,0.02839,0.00000,0.00074,0.00000,0.00170,0.87756,0.00000
6.04800,0.12794,0.05721,0.00002,0.02144,0.00000,0.00060,0.00000,0.00208,0.91865,0.00000
6.08000,0.12794,0.02574,0.00001,0.00911,0.00000,0.00015,0.00000,0.00243,0.96257,0.00000
6.11200,0.12794,0.00966,0.00000,0.00234,0.00000,0.00003,0.00000,0.00805,0.97992,0.00000
6.14400,0.12794,0.00884,0.00000,0.00235,0.00000,0.00004,0.00000,0.00586,0.98291,0.00000
6.17600,0.12794,0.01037,0.00000,0.00354,0.00000,0.00007,0.00000,0.00350,0.98253,0.00000
6.20800,0.12794,0.01605,0.00000,0.00593,0.00000,0.00017,0.00000,0.00267,0.97518,0.00000
6.24000,0.12794,0.03842,0.00001,0.01544,0.00000,0.00038,0.00000,0.00232,0.94342,0.00000
6.27200,0.12794,0.10074,0.00004,0.03363,0.00000,0.00050,0.00000,0.00772,0.85737,0.00001
6.30400,0.12794,0.19018,0.00015,0.05857,0.00000,0.00078,0.00001,0.02061,0.72966,0.00005
6.33600,0.12794,0.24049,0.00065,0.06260,0.00001,0.00096,0.00004,0.10183,0.59327,0.00016
6.36800,0.12794,0.23866,0.00080,0.07850,0.00002,0.00095,0.00006,0.11553,0.56534,0.00013
6.40000,0.12794,0.15143,0.00033,0.04597,0.00000,0.00052,0.00002,0.15004,0.65166,0.00003
6.43200,0.12794,0.10874,0.00010,0.03340,0.00000,0.00013,0.00001,0.09968,0.75794,0.00000
6.46400,0.12794,0.06061,0.00001,0.01693,0.00000,0.00003,0.00000,0.04811,0.87430,0.00000
6.49600,0.12794,0.03963,0.00001,0.00914,0.00000,0.00001,0.00000,0.03860,0.91261,0.00000
6.52800,0.12794,0.02559,0.00000,0.00469,0.00000,0.00001,0.00000,0.02041,0.94930,0.00000
6.56000,0.12794,0.01799,0.00000,0.00236,0.00000,0.00000,0.00000,0.04239,0.93725,0.00000
6.59200,0.12794,0.01881,0.00000,0.00257,0.00000,0.00000,0.00000,0.04156,0.93706,0.00000
6.62400,0.12794,0.02359,0.00000,0.00325,0.00000,0.00000,0.00000,0.04596,0.92720,0.00000
6.65600,0.12794,0.05234,0.00001,0.00853,0.00000,0.00000,0.00000,0.07232,0.86680,0.00000
6.68800,0.12794,0.05345,0.00001,0.01094,0.00000,0.00001,0.00000,0.01643,0.91916,0.00000
6.72000,0.12794,0.06491,0.00002,0.01293,0.00000,0.00001,0.00000,0.00929,0.91284,0.00000
6.75200,0.12794,0.05496,0.00001,0.01090,0.00000,0.00001,0.00000,0.00852,0.92559,0.00000
6.78400,0.12794,0.03142,0.00001,0.00659,0.00000,0.00001,0.00000,0.00562,0.95635,0.00000
6.81600,0.12794,0.04280,0.00002,0.00788,0.00000,0.00001,0.00000,0.01457,0.93472,0.00000
6.84800,0.12794,0.05767,0.00003,0.00969,0.00000,0.00001,0.00000,0.02994,0.90265,0.00000
6.88000,0.12794,0.07455,0.00004,0.01529,0.00000,0.00002,0.00000,0.01568,0.89442,0.00000
6.91200,0.12794,0.10226,0.00004,0.01926,0.00000,0.00001,0.00000,0.01435,0.86407,0.00000
6.94400,0.12794,0.09285,0.00003,0.01723,0.00000,0.00002,0.00000,0.01390,0.87597,0.00000
6.97600,0.12794,0.09023,0.00004,0.01871,0.00000,0.00002,0.00001,0.01268,0.87830,0.00000
7.00800,0.12794,0.09658,0.00005,0.02035,0.00000,0.00002,0.00001,0.01307,0.86992,0.00000
7.04000,0.12794,0.11131,0.00008,0.02471,0.00000,0.00004,0.00001,0.02011,0.84373,0.00000
7.07200,0.12794,0.17647,0.00012,0.04332,0.00001,0.00009,0.00002,0.02062,0.75934,0.00001
7.10400,0.12794,0.21220,0.00015,0.05127,0.00001,0.00012,0.00003,0.01649,0.71972,0.00002
7.13600,0.12794,0.23969,0.00016,0.05778,0.00001,0.00018,0.00003,0.01802,0.68409,0.00003
7.16800,0.12794,0.16541,0.00008,0.04267,0.00000,0.00012,0.00002,0.01095,0.78073,0.00001
7.20000,0.12794,0.12448,0.00004,0.03314,0.00000,0.00006,0.00001,0.00516,0.83711,0.00000
7.23200,0.12794,0.09129,0.00003,0.02636,0.00000,0.00004,0.00000,0.00395,0.87832,0.00000
7.26400,0.12794,0.07917,0.00001,0.01912,0.00000,0.00001,0.00000,0.00633,0.89535,0.00000
7.29600,0.12794,0.06050,0.00001,0.01464,0.00000,0.00001,0.00000,0.00461,0.92023,0.00000
7.32800,0.12794,0.05192,0.00000,0.01242,0.00000,0.00000,0.00000,0.00476,0.93089,0.00000
7.36000,0.12794,0.05364,0.00000,0.01146,0.00000,0.00000,0.00000,0.00871,0.92617,0.00000
7.39200,0.12794,0.06309,0.00000,0.01862,0.00000,0.00001,0.00000,0.00622,0.91206,0.00000
7.42400,0.12794,0.11975,0.00001,0.03603,0.00000,0.00002,0.00000,0.00992,0.83426,0.00000
7.45600,0.12794,0.11836,0.00001,0.03776,0.00000,0.00009,0.00000,0.00985,0.83392,0.00000
7.48800,0.12794,0.30774,0.00020,0.06093,0.00001,0.00065,0.00003,0.01814,0.61226,0.00005
7.52000,0.12794,0.25761,0.00078,0.04193,0.00001,0.00080,0.00002,0.04490,0.65389,0.00005
7.55200,0.12794,0.17985,0.00123,0.03348,0.00001,0.00092,0.00002,0.06484,0.71962,0.00003
7.58400,0.12794,0.15199,0.00163,0.02794,0.00001,0.00058,0.00002,0.16054,0.65727,0.00002
7.61600,0.12794,0.06125,0.00046,0.02007,0.00000,0.00030,0.00001,0.12966,0.78825,0.00000
7.64800,0.12794,0.08731,0.00050,0.03952,0.00000,0.00047,0.00001,0.09187,0.78031,0.00001
7.68000,0.12794,0.14229,0.00084,0.06844,0.00001,0.00091,0.00002,0.06855,0.71890,0.00002
7.71200,0.12794,0.16384,0.00061,0.07595,0.00001,0.00105,0.00002,0.03934,0.71914,0.00004
7.74400,0.12794,0.12379,0.00013,0.05784,0.00000,0.00063,0.00001,0.01637,0.80123,0.00001
7.77600,0.12794,0.10818,0.00003,0.04374,0.00000,0.00062,0.00000,0.00593,0.84150,0.00001
7.80800,0.12794,0.09182,0.00001,0.04672,0.00000,0.00116,0.00000,0.00239,0.85790,0.00000
7.84000,0.12794,0.07826,0.00001,0.04773,0.00000,0.00139,0.00000,0.00055,0.87206,0.00000
7.87200,0.12794,0.10848,0.00002,0.06198,0.00000,0.00361,0.00000,0.00045,0.82546,0.00000
7.90400,0.12794,0.13350,0.00004,0.07339,0.00000,0.00338,0.00001,0.00079,0.78887,0.00001
7.93600,0.12794,0.30820,0.00009,0.12422,0.00002,0.00191,0.00006,0.00134,0.56414,0.00002
7.96800,0.12794,0.43236,0.00012,0.14945,0.00004,0.00166,0.00027,0.00501,0.41104,0.00006
8.00000,0.12794,0.43510,0.00018,0.15630,0.00006,0.00220,0.00031,0.00676,0.39900,0.00009
8.03200,0.12794,0.36970,0.00015,0.13459,0.00003,0.00250,0.00018,0.00777,0.48503,0.00006
8.06400,0.12794,0.20010,0.00017,0.06661,0.00001,0.00276,0.00004,0.00912,0.72115,0.00003
8.09600,0.12794,0.10874,0.00018,0.03656,0.00000,0.00169,0.00001,0.00763,0.84517,0.00001
8.12800,0.12794,0.09559,0.00022,0.03328,0.00000,0.00097,0.00001,0.00948,0.86043,0.00001
8.16000,0.12794,0.05549,0.00012,0.01850,0.00000,0.00041,0.00000,0.00495,0.92052,0.00000
8.19200,0.12794,0.03891,0.00005,0.01397,0.00000,0.00018,0.00000,0.00324,0.94365,0.00000
8.22400,0.12794,0.06330,0.00004,0.02181,0.00000,0.00024,0.00000,0.00140,0.91321,0.00000
8.25600,0.12794,0.06513,0.00001,0.02078,0.00000,0.00018,0.00000,0.00069,0.91320,0.00000
8.28800,0.12794,0.12213,0.00002,0.03861,0.00000,0.00057,0.00001,0.00094,0.83771,0.00000
8.32000,0.12794,0.21962,0.00002,0.08430,0.00001,0.00162,0.00002,0.00082,0.69359,0.00001
8.35200,0.12794,0.36927,0.00005,0.13368,0.00002,0.00402,0.00007,0.00137,0.49145,0.00005
8.38400,0.12794,0.64319,0.00013,0.16991,0.00017,0.00434,0.00029,0.00118,0.18017,0.00062
8.41600,0.12794,0.72182,0.00019,0.16021,0.00044,0.00236,0.00046,0.00104,0.11217,0.00132
8.44800,0.12794,0.74454,0.00036,0.12884,0.00073,0.00104,0.00052,0.00119,0.12138,0.00139
8.48000,0.12794,0.72539,0.00020,0.10767,0.00037,0.00046,0.00028,0.00094,0.16414,0.00055
8.51200,0.12794,0.62043,0.00008,0.13047,0.00013,0.00038,0.00015,0.00061,0.24764,0.00011
8.54400,0.12794,0.62234,0.00004,0.13200,0.00007,0.00025,0.00010,0.00031,0.24484,0.00006
8.57600,0.12794,0.71414,0.00002,0.19395,0.00014,0.00022,0.00019,0.00013,0.09108,0.00013
8.60800,0.12794,0.70536,0.00001,0.25494,0.00022,0.00014,0.00029,0.00006,0.03876,0.00020
8.64000,0.12794,0.70187,0.00001,0.27030,0.00022,0.00009,0.00029,0.00004,0.02702,0.00017
8.67200,0.12794,0.69429,0.00001,0.27959,0.00024,0.00006,0.00031,0.00003,0.02537,0.00011
8.70400,0.12794,0.72949,0.00001,0.21994,0.00017,0.00004,0.00020,0.00003,0.05007,0.00004
8.73600,0.12794,0.72153,0.00002,0.19183,0.00015,0.00003,0.00018,0.00004,0.08620,0.00002
8.76800,0.12794,0.65675,0.00003,0.15064,0.00008,0.00002,0.00011,0.00006,0.19231,0.00001
8.80000,0.12794,0.39246,0.00002,0.08357,0.00001,0.00001,0.00003,0.00013,0.52376,0.00000
8.83200,0.12794,0.14843,0.00002,0.02858,0.00000,0.00001,0.00001,0.00019,0.82276,0.00000
8.86400,0.12794,0.06401,0.00001,0.01142,0.00000,0.00000,0.00000,0.00023,0.92431,0.00000
8.89600,0.12794,0.02516,0.00001,0.00423,0.00000,0.00000,0.00000,0.00024,0.97035,0.00000
8.92800,0.12794,0.01842,0.00001,0.00295,0.00000,0.00000,0.00000,0.00027,0.97834,0.00000
8.96000,0.12794,0.01149,0.00001,0.00202,0.00000,0.00000,0.00000,0.00022,0.98627,0.00000
8.99200,0.12794,0.00576,0.00000,0.00111,0.00000,0.00000,0.00000,0.00014,0.99299,0.00000
9.02400,0.12794,0.00713,0.00001,0.00163,0.00000,0.00000,0.00000,0.00015,0.99108,0.00000
9.05600,0.12794,0.00794,0.00001,0.00194,0.00000,0.00000,0.00000,0.00015,0.98996,0.00000
9.08800,0.12794,0.00815,0.00001,0.00199,0.00000,0.00000,0.00000,0.00013,0.98972,0.00000
9.12000,0.12794,0.01571,0.00007,0.00422,0.00000,0.00001,0.00000,0.00019,0.97981,0.00000
9.15200,0.12794,0.01458,0.00008,0.00436,0.00000,0.00001,0.00000,0.00019,0.98078,0.00000
9.18400,0.12794,0.01508,0.00012,0.00531,0.00000,0.00001,0.00000,0.00019,0.97929,0.00000
9.21600,0.12794,0.03051,0.00031,0.01459,0.00000,0.00003,0.00000,0.00026,0.95430,0.00000
9.24800,0.12794,0.03367,0.00054,0.02152,0.00000,0.00004,0.00000,0.00028,0.94394,0.00000
9.28000,0.12794,0.03776,0.00093,0.02771,0.00000,0.00005,0.00001,0.00034,0.93318,0.00000
9.31200,0.12794,0.06074,0.00196,0.06821,0.00001,0.00010,0.00001,0.00039,0.86857,0.00000
9.34400,0.12794,0.04385,0.00216,0.06111,0.00001,0.00007,0.00001,0.00039,0.89241,0.00000
9.37600,0.12794,0.04368,0.00280,0.07338,0.00001,0.00009,0.00001,0.00049,0.87955,0.00000
9.40800,0.12794,0.04255,0.00408,0.10023,0.00001,0.00012,0.00002,0.00072,0.85227,0.00000
9.44000,0.12794,0.03618,0.00312,0.07418,0.00001,0.00011,0.00002,0.00096,0.88542,0.00000
9.47200,0.12794,0.04957,0.00336,0.09581,0.00002,0.00030,0.00003,0.00187,0.84904,0.00000
9.50400,0.12794,0.05882,0.00317,0.10765,0.00002,0.00051,0.00005,0.00307,0.82671,0.00000
9.53600,0.12794,0.07309,0.00275,0.10597,0.00004,0.00123,0.00007,0.00551,0.81133,0.00002
9.56800,0.12794,0.09287,0.00307,0.12318,0.00008,0.00262,0.00012,0.00977,0.76825,0.00005
9.60000,0.12794,0.12164,0.00284,0.11407,0.00013,0.00425,0.00021,0.01702,0.73972,0.00012
9.63200,0.12794,0.13359,0.00201,0.08391,0.00012,0.00546,0.00019,0.02122,0.75332,0.00018
9.66400,0.12794,0.22909,0.00234,0.10003,0.00039,0.00766,0.00050,0.02890,0.63055,0.00054
9.69600,0.12794,0.24122,0.00186,0.09509,0.00040,0.01144,0.00054,0.03533,0.61338,0.00075
9.72800,0.12794,0.23235,0.00153,0.11166,0.00029,0.01430,0.00043,0.03197,0.60690,0.00056
9.76000,0.12794,0.28344,0.00191,0.14670,0.00057,0.02801,0.00086,0.03400,0.50324,0.00126
9.79200,0.12794,0.26423,0.00207,0.15536,0.00051,0.05005,0.00081,0.03132,0.49398,0.00167
9.82400,0.12794,0.21240,0.00245,0.18385,0.00045,0.04589,0.00067,0.02245,0.53095,0.00091
9.85600,0.12794,0.18955,0.00438,0.25617,0.00067,0.04523,0.00065,0.02021,0.48218,0.00097
9.88800,0.12794,0.14491,0.00494,0.29582,0.00043,0.03126,0.00041,0.02141,0.50033,0.00051
9.92000,0.12794,0.11711,0.00546,0.33454,0.00027,0.01681,0.00027,0.02340,0.50189,0.00025
9.95200,0.12794,0.15263,0.00522,0.31037,0.00035,0.01688,0.00039,0.03583,0.47783,0.00050
