Time (seconds), Duration (seconds),pred_unlabeled,pred_down,pred_bottom left,pred_bottom right,pred_left,pred_right,pred_top,pred_top left,pred_top right
0.00000,0.12794,0.99232,0.00000,0.00001,0.00034,0.00000,0.00731,0.00000,0.00000,0.00003
0.03200,0.12794,0.99502,0.00000,0.00032,0.00077,0.00000,0.00385,0.00000,0.00001,0.00003
0.06400,0.12794,0.99628,0.00000,0.00180,0.00022,0.00002,0.00147,0.00001,0.00018,0.00003
0.09600,0.12794,0.97971,0.00001,0.01166,0.00012,0.00020,0.00068,0.00006,0.00754,0.00002
0.12800,0.12794,0.53883,0.00008,0.09747,0.00004,0.00243,0.00018,0.00048,0.36047,0.00002
0.16000,0.12794,0.71326,0.00002,0.04502,0.00002,0.00147,0.00025,0.00061,0.23933,0.00003
0.19200,0.12794,0.57544,0.00007,0.05321,0.00005,0.00235,0.00032,0.00131,0.36718,0.00007
0.22400,0.12794,0.62957,0.00008,0.06094,0.00007,0.00250,0.00047,0.00130,0.30489,0.00019
0.25600,0.12794,0.75546,0.00007,0.04281,0.00014,0.00252,0.00082,0.00082,0.19683,0.00054
0.28800,0.12794,0.85951,0.00004,0.03046,0.00017,0.00208,0.00117,0.00037,0.10518,0.00101
0.32000,0.12794,0.77426,0.00007,0.05711,0.00025,0.00798,0.00156,0.00060,0.15661,0.00157
0.35200,0.12794,0.67170,0.00009,0.07083,0.00023,0.01953,0.00149,0.00094,0.23383,0.00136
0.38400,0.12794,0.73697,0.00005,0.06157,0.00017,0.02216,0.00169,0.00083,0.17519,0.00137
0.41600,0.12794,0.59584,0.00007,0.06239,0.00012,0.03452,0.00125,0.00163,0.30335,0.00084
0.44800,0.12794,0.48369,0.00005,0.05333,0.00006,0.04200,0.00067,0.00207,0.41769,0.00045
0.48000,0.12794,0.49034,0.00004,0.05768,0.00005,0.03703,0.00059,0.00179,0.41208,0.00041
0.51200,0.12794,0.44222,0.00003,0.05048,0.00003,0.02869,0.00035,0.00177,0.47621,0.00021
0.54400,0.12794,0.48102,0.00005,0.06829,0.00004,0.02436,0.00036,0.00106,0.42463,0.00019
0.57600,0.12794,0.41271,0.00012,0.06276,0.00009,0.01019,0.00035,0.00067,0.51302,0.00009
0.60800,0.12794,0.31994,0.00041,0.08434,0.00023,0.00833,0.00030,0.00047,0.58592,0.00007
0.64000,0.12794,0.17784,0.00096,0.11556,0.00041,0.01412,0.00020,0.00042,0.69045,0.00005
0.67200,0.12794,0.19740,0.00176,0.14528,0.00117,0.01759,0.00033,0.00044,0.63594,0.00009
0.70400,0.12794,0.32561,0.00068,0.24850,0.00100,0.04550,0.00057,0.00052,0.37729,0.00033
0.73600,0.12794,0.44102,0.00020,0.28373,0.00061,0.07111,0.00106,0.00066,0.20085,0.00075
0.76800,0.12794,0.48180,0.00013,0.27311,0.00040,0.07272,0.00106,0.00109,0.16858,0.00111
0.80000,0.12794,0.47249,0.00009,0.25685,0.00017,0.06182,0.00065,0.00152,0.20547,0.00093
0.83200,0.12794,0.47413,0.00014,0.24128,0.00020,0.06001,0.00056,0.00123,0.22156,0.00090
0.86400,0.12794,0.35503,0.00025,0.15125,0.00011,0.03820,0.00018,0.00220,0.45232,0.00046
0.89600,0.12794,0.26869,0.00026,0.13107,0.00005,0.03100,0.00009,0.00278,0.56581,0.00025
0.92800,0.12794,0.21195,0.00021,0.12837,0.00002,0.02473,0.00005,0.00305,0.63150,0.00012
0.96000,0.12794,0.20365,0.00016,0.15741,0.00001,0.01994,0.00003,0.00454,0.61414,0.00011
0.99200,0.12794,0.31643,0.00019,0.28067,0.00002,0.02009,0.00007,0.00160,0.38071,0.00020
1.02400,0.12794,0.29533,0.00010,0.29186,0.00001,0.01968,0.00005,0.00082,0.39204,0.00010
1.05600,0.12794,0.38640,0.00012,0.37089,0.00003,0.02162,0.00009,0.00046,0.22012,0.00028
1.08800,0.12794,0.51760,0.00010,0.37405,0.00007,0.02047,0.00024,0.00022,0.08639,0.00086
1.12000,0.12794,0.49944,0.00011,0.29604,0.00004,0.02704,0.00014,0.00060,0.17596,0.00063
1.15200,0.12794,0.51465,0.00015,0.23310,0.00005,0.02425,0.00013,0.00130,0.22547,0.00089
1.18400,0.12794,0.51543,0.00013,0.22089,0.00006,0.03637,0.00019,0.00255,0.22311,0.00128
1.21600,0.12794,0.23946,0.00010,0.10276,0.00001,0.01634,0.00003,0.00506,0.63609,0.00015
1.24800,0.12794,0.20576,0.00007,0.09126,0.00001,0.01365,0.00003,0.00607,0.68304,0.00012
1.28000,0.12794,0.26103,0.00006,0.13523,0.00001,0.01385,0.00005,0.00471,0.58491,0.00016
1.31200,0.12794,0.15814,0.00005,0.05958,0.00001,0.00459,0.00002,0.00620,0.77136,0.00006
1.34400,0.12794,0.17746,0.00008,0.05130,0.00001,0.00362,0.00002,0.01505,0.75233,0.00013
1.37600,0.12794,0.24102,0.00010,0.06844,0.00001,0.00574,0.00003,0.01692,0.66745,0.00028
1.40800,0.12794,0.28248,0.00012,0.09224,0.00002,0.01224,0.00005,0.01180,0.60070,0.00034
1.44000,0.12794,0.41867,0.00011,0.21096,0.00007,0.03264,0.00017,0.00401,0.33267,0.00071
1.47200,0.12794,0.49895,0.00020,0.25614,0.00026,0.04645,0.00040,0.00159,0.19450,0.00152
1.50400,0.12794,0.56452,0.00097,0.21749,0.00136,0.04459,0.00064,0.00178,0.16462,0.00402
1.53600,0.12794,0.58590,0.00301,0.13565,0.00244,0.03775,0.00048,0.00305,0.22629,0.00543
1.56800,0.12794,0.44059,0.00602,0.09376,0.00328,0.02931,0.00032,0.00310,0.42217,0.00145
1.60000,0.12794,0.39624,0.00227,0.15028,0.00235,0.04702,0.00041,0.00123,0.39982,0.00039
1.63200,0.12794,0.42357,0.00046,0.23947,0.00112,0.04081,0.00057,0.00054,0.29332,0.00014
1.66400,0.12794,0.44573,0.00014,0.31498,0.00065,0.02180,0.00070,0.00032,0.21562,0.00005
1.69600,0.12794,0.50376,0.00005,0.35391,0.00035,0.01108,0.00071,0.00028,0.12980,0.00006
1.72800,0.12794,0.50796,0.00004,0.35351,0.00024,0.00943,0.00065,0.00029,0.12783,0.00006
1.76000,0.12794,0.47868,0.00003,0.38402,0.00018,0.01321,0.00061,0.00024,0.12298,0.00005
1.79200,0.12794,0.47443,0.00004,0.35438,0.00018,0.01350,0.00053,0.00037,0.15652,0.00006
1.82400,0.12794,0.49325,0.00003,0.39704,0.00020,0.01240,0.00071,0.00025,0.09603,0.00009
1.85600,0.12794,0.51946,0.00004,0.38182,0.00031,0.00780,0.00073,0.00026,0.08947,0.00011
1.88800,0.12794,0.54226,0.00005,0.36146,0.00033,0.00549,0.00064,0.00026,0.08936,0.00015
1.92000,0.12794,0.55488,0.00002,0.38027,0.00024,0.00513,0.00050,0.00012,0.05861,0.00022
1.95200,0.12794,0.55305,0.00003,0.34751,0.00020,0.00524,0.00032,0.00013,0.09341,0.00012
1.98400,0.12794,0.55486,0.00002,0.34752,0.00013,0.00355,0.00022,0.00014,0.09344,0.00013
2.01600,0.12794,0.55021,0.00002,0.34162,0.00012,0.00400,0.00020,0.00013,0.10360,0.00011
2.04800,0.12794,0.51360,0.00003,0.34526,0.00015,0.00409,0.00023,0.00016,0.13642,0.00006
2.08000,0.12794,0.50509,0.00003,0.38132,0.00020,0.00424,0.00033,0.00014,0.10858,0.00007
2.11200,0.12794,0.45882,0.00004,0.39975,0.00024,0.01095,0.00038,0.00013,0.12964,0.00007
2.14400,0.12794,0.46583,0.00003,0.41958,0.00021,0.00480,0.00037,0.00013,0.10899,0.00005
2.17600,0.12794,0.42971,0.00007,0.41722,0.00044,0.01053,0.00055,0.00016,0.14127,0.00005
2.20800,0.12794,0.38444,0.00031,0.24531,0.00057,0.01363,0.00032,0.00038,0.35500,0.00003
2.24000,0.12794,0.37871,0.00034,0.18451,0.00037,0.00388,0.00021,0.00092,0.43104,0.00003
2.27200,0.12794,0.31579,0.00030,0.14414,0.00020,0.00420,0.00015,0.00160,0.53359,0.00003
2.30400,0.12794,0.26684,0.00011,0.10960,0.00004,0.00202,0.00006,0.00276,0.61855,0.00002
2.33600,0.12794,0.26588,0.00002,0.12336,0.00001,0.00135,0.00003,0.00456,0.60476,0.00002
2.36800,0.12794,0.13661,0.00001,0.05712,0.00000,0.00089,0.00001,0.00622,0.79913,0.00001
2.40000,0.12794,0.05987,0.00001,0.02202,0.00000,0.00054,0.00000,0.00599,0.91156,0.00000
2.43200,0.12794,0.05066,0.00001,0.02079,0.00000,0.00060,0.00000,0.00566,0.92228,0.00000
2.46400,0.12794,0.04840,0.00001,0.02301,0.00000,0.00145,0.00000,0.00444,0.92267,0.00000
2.49600,0.12794,0.10747,0.00004,0.07063,0.00000,0.01007,0.00001,0.00403,0.80772,0.00002
2.52800,0.12794,0.17561,0.00005,0.14314,0.00001,0.04148,0.00003,0.00459,0.63500,0.00008
2.56000,0.12794,0.24588,0.00009,0.22993,0.00002,0.10855,0.00009,0.00345,0.41168,0.00033
2.59200,0.12794,0.29217,0.00013,0.25045,0.00004,0.14223,0.00012,0.00317,0.31096,0.00071
2.62400,0.12794,0.33175,0.00016,0.23527,0.00006,0.13133,0.00012,0.00236,0.29799,0.00097
2.65600,0.12794,0.43706,0.00013,0.26168,0.00010,0.16079,0.00023,0.00093,0.13671,0.00237
2.68800,0.12794,0.50817,0.00008,0.26629,0.00009,0.12471,0.00024,0.00044,0.09765,0.00232
2.72000,0.12794,0.50177,0.00002,0.27784,0.00005,0.16177,0.00029,0.00012,0.05687,0.00128
2.75200,0.12794,0.52885,0.00002,0.28693,0.00006,0.12884,0.00041,0.00008,0.05371,0.00110
2.78400,0.12794,0.55393,0.00003,0.28457,0.00006,0.05146,0.00029,0.00012,0.10893,0.00062
2.81600,0.12794,0.33571,0.00005,0.20442,0.00002,0.04189,0.00007,0.00043,0.41731,0.00011
2.84800,0.12794,0.27543,0.00011,0.14407,0.00002,0.01129,0.00005,0.00085,0.56810,0.00008
2.88000,0.12794,0.21315,0.00011,0.10588,0.00001,0.00607,0.00002,0.00135,0.67336,0.00004
2.91200,0.12794,0.15707,0.00010,0.10369,0.00001,0.01004,0.00002,0.00274,0.72632,0.00002
2.94400,0.12794,0.35994,0.00040,0.13477,0.00003,0.00884,0.00007,0.00573,0.49005,0.00017
2.97600,0.12794,0.22908,0.00046,0.10582,0.00001,0.00449,0.00003,0.01311,0.64694,0.00007
3.00800,0.12794,0.20470,0.00044,0.10792,0.00001,0.00417,0.00002,0.01674,0.66595,0.00005
3.04000,0.12794,0.15040,0.00033,0.07399,0.00001,0.00239,0.00001,0.01177,0.76107,0.00003
3.07200,0.12794,0.13166,0.00009,0.09592,0.00000,0.00265,0.00001,0.00414,0.76551,0.00001
3.10400,0.12794,0.19561,0.00005,0.14487,0.00001,0.00698,0.00002,0.00161,0.65084,0.00002
3.13600,0.12794,0.19768,0.00003,0.14914,0.00001,0.01004,0.00003,0.00072,0.64234,0.00001
3.16800,0.12794,0.30412,0.00004,0.23776,0.00003,0.02217,0.00009,0.00045,0.43531,0.00003
3.20000,0.12794,0.32792,0.00005,0.23872,0.00005,0.04701,0.00014,0.00040,0.38564,0.00007
3.23200,0.12794,0.40638,0.00007,0.28935,0.00014,0.06910,0.00035,0.00042,0.23395,0.00024
3.26400,0.12794,0.48836,0.00006,0.30383,0.00020,0.04139,0.00047,0.00041,0.16484,0.00044
3.29600,0.12794,0.55558,0.00006,0.28297,0.00031,0.02403,0.00059,0.00039,0.13537,0.00070
3.32800,0.12794,0.58316,0.00006,0.28036,0.00041,0.01222,0.00060,0.00032,0.12217,0.00070
3.36000,0.12794,0.57340,0.00005,0.27699,0.00035,0.01408,0.00053,0.00044,0.13339,0.00076
3.39200,0.12794,0.57138,0.00004,0.32707,0.00042,0.01562,0.00082,0.00048,0.08281,0.00137
3.42400,0.12794,0.52366,0.00002,0.41614,0.00030,0.01459,0.00098,0.00036,0.04222,0.00173
3.45600,0.12794,0.47448,0.00001,0.48931,0.00024,0.01637,0.00168,0.00025,0.01476,0.00290
3.48800,0.12794,0.41885,0.00001,0.55220,0.00025,0.01520,0.00245,0.00012,0.00802,0.00289
3.52000,0.12794,0.37825,0.00000,0.58419,0.00022,0.02564,0.00330,0.00008,0.00525,0.00305
3.55200,0.12794,0.32188,0.00001,0.57133,0.00020,0.09308,0.00500,0.00009,0.00612,0.00231
3.58400,0.12794,0.35444,0.00001,0.53925,0.00043,0.08696,0.00685,0.00012,0.00906,0.00286
3.61600,0.12794,0.33251,0.00001,0.54861,0.00067,0.09618,0.00913,0.00016,0.00916,0.00358
3.64800,0.12794,0.37635,0.00002,0.54564,0.00124,0.05167,0.01001,0.00016,0.01087,0.00405
3.68000,0.12794,0.43481,0.00003,0.48954,0.00134,0.04091,0.00585,0.00031,0.02293,0.00428
3.71200,0.12794,0.40331,0.00004,0.48779,0.00111,0.06596,0.00419,0.00037,0.03363,0.00361
3.74400,0.12794,0.47393,0.00003,0.43715,0.00108,0.04131,0.00300,0.00029,0.04049,0.00272
3.77600,0.12794,0.43504,0.00006,0.35806,0.00084,0.09813,0.00172,0.00048,0.10429,0.00139
3.80800,0.12794,0.43969,0.00011,0.33578,0.00109,0.07270,0.00135,0.00043,0.14810,0.00077
3.84000,0.12794,0.49226,0.00010,0.29827,0.00088,0.03101,0.00075,0.00028,0.17608,0.00036
3.87200,0.12794,0.39334,0.00014,0.23670,0.00050,0.03564,0.00034,0.00038,0.33280,0.00015
3.90400,0.12794,0.36245,0.00012,0.25967,0.00042,0.10115,0.00044,0.00032,0.27525,0.00018
3.93600,0.12794,0.31622,0.00009,0.26653,0.00035,0.21492,0.00054,0.00028,0.20083,0.00023
3.96800,0.12794,0.11698,0.00005,0.13552,0.00019,0.65522,0.00046,0.00019,0.09118,0.00020
4.00000,0.12794,0.09121,0.00004,0.12728,0.00028,0.74632,0.00097,0.00015,0.03332,0.00044
4.03200,0.12794,0.18744,0.00007,0.23890,0.00080,0.52986,0.00233,0.00024,0.03901,0.00136
4.06400,0.12794,0.25415,0.00006,0.31138,0.00115,0.39884,0.00442,0.00023,0.02726,0.00252
4.09600,0.12794,0.35107,0.00010,0.40731,0.00188,0.20164,0.00458,0.00025,0.02953,0.00365
4.12800,0.12794,0.37802,0.00010,0.42970,0.00206,0.15443,0.00446,0.00020,0.02750,0.00354
4.16000,0.12794,0.35994,0.00021,0.50682,0.00196,0.08538,0.00259,0.00022,0.04045,0.00243
4.19200,0.12794,0.26556,0.00070,0.63189,0.00169,0.03336,0.00095,0.00023,0.06437,0.00124
4.22400,0.12794,0.15167,0.00176,0.76419,0.00101,0.00955,0.00036,0.00015,0.07100,0.00031
4.25600,0.12794,0.06777,0.00384,0.84985,0.00036,0.00268,0.00008,0.00010,0.07525,0.00006
4.28800,0.12794,0.02965,0.00564,0.90034,0.00014,0.00091,0.00003,0.00006,0.06321,0.00001
4.32000,0.12794,0.02004,0.00613,0.91336,0.00008,0.00045,0.00002,0.00005,0.05988,0.00000
4.35200,0.12794,0.01719,0.00483,0.92238,0.00006,0.00041,0.00001,0.00006,0.05506,0.00000
4.38400,0.12794,0.01433,0.00494,0.92480,0.00004,0.00028,0.00001,0.00006,0.05553,0.00000
4.41600,0.12794,0.01595,0.00512,0.92051,0.00005,0.00030,0.00001,0.00008,0.05799,0.00000
4.44800,0.12794,0.02107,0.00514,0.89052,0.00005,0.00036,0.00001,0.00013,0.08272,0.00000
4.48000,0.12794,0.02595,0.00366,0.82954,0.00004,0.00047,0.00001,0.00019,0.14014,0.00000
4.51200,0.12794,0.03503,0.00305,0.74954,0.00004,0.00083,0.00002,0.00038,0.21112,0.00000
4.54400,0.12794,0.04059,0.00206,0.62962,0.00003,0.00118,0.00001,0.00062,0.32589,0.00000
4.57600,0.12794,0.04292,0.00156,0.58295,0.00002,0.00147,0.00001,0.00078,0.37027,0.00000
4.60800,0.12794,0.05003,0.00163,0.55470,0.00002,0.00164,0.00002,0.00104,0.39092,0.00000
4.64000,0.12794,0.04107,0.00201,0.58471,0.00002,0.00173,0.00002,0.00132,0.36910,0.00000
4.67200,0.12794,0.04981,0.00290,0.55893,0.00005,0.00203,0.00003,0.00134,0.38490,0.00001
4.70400,0.12794,0.02832,0.00398,0.69571,0.00003,0.00108,0.00002,0.00195,0.26891,0.00000
4.73600,0.12794,0.01764,0.00505,0.81533,0.00002,0.00055,0.00002,0.00178,0.15960,0.00000
4.76800,0.12794,0.02189,0.00577,0.82017,0.00003,0.00056,0.00002,0.00189,0.14967,0.00000
4.80000,0.12794,0.01875,0.00500,0.86571,0.00002,0.00031,0.00002,0.00223,0.10797,0.00000
4.83200,0.12794,0.04015,0.00487,0.78614,0.00003,0.00052,0.00004,0.00313,0.16511,0.00001
4.86400,0.12794,0.08621,0.00555,0.59285,0.00008,0.00089,0.00013,0.00795,0.30633,0.00002
4.89600,0.12794,0.11653,0.00618,0.52631,0.00013,0.00123,0.00028,0.01850,0.33079,0.00005
4.92800,0.12794,0.14818,0.00540,0.45595,0.00021,0.00219,0.00051,0.03030,0.35714,0.00012
4.96000,0.12794,0.17607,0.00581,0.41802,0.00033,0.00372,0.00079,0.04267,0.35234,0.00026
4.99200,0.12794,0.19369,0.00590,0.39607,0.00046,0.00704,0.00101,0.03986,0.35551,0.00047
5.02400,0.12794,0.21542,0.00395,0.30040,0.00048,0.01548,0.00108,0.03550,0.42692,0.00076
5.05600,0.12794,0.21421,0.00314,0.24497,0.00046,0.02867,0.00100,0.03802,0.46841,0.00112
5.08800,0.12794,0.19863,0.00223,0.18212,0.00035,0.03950,0.00068,0.03044,0.54500,0.00106
5.12000,0.12794,0.19771,0.00198,0.18792,0.00026,0.04196,0.00052,0.03588,0.53267,0.00109
5.15200,0.12794,0.21475,0.00260,0.19305,0.00037,0.03350,0.00059,0.03884,0.51502,0.00128
5.18400,0.12794,0.21869,0.00322,0.24692,0.00026,0.01312,0.00040,0.02874,0.48805,0.00061
5.21600,0.12794,0.19774,0.00325,0.35530,0.00022,0.00927,0.00029,0.01422,0.41936,0.00035
5.24800,0.12794,0.13313,0.00339,0.54648,0.00012,0.00328,0.00012,0.00355,0.30985,0.00008
5.28000,0.12794,0.11232,0.00250,0.72474,0.00011,0.00153,0.00008,0.00082,0.15785,0.00004
5.31200,0.12794,0.13923,0.00144,0.74693,0.00030,0.00377,0.00016,0.00044,0.10761,0.00012
5.34400,0.12794,0.22548,0.00067,0.69156,0.00055,0.00285,0.00027,0.00025,0.07817,0.00020
5.37600,0.12794,0.40607,0.00016,0.55113,0.00172,0.00433,0.00120,0.00018,0.03391,0.00131
5.40800,0.12794,0.46850,0.00005,0.49996,0.00167,0.00442,0.00203,0.00020,0.02047,0.00271
5.44000,0.12794,0.52449,0.00003,0.44761,0.00083,0.00176,0.00137,0.00016,0.02229,0.00146
5.47200,0.12794,0.60225,0.00002,0.37120,0.00076,0.00113,0.00143,0.00016,0.02133,0.00173
5.50400,0.12794,0.66062,0.00003,0.29837,0.00062,0.00125,0.00107,0.00018,0.03695,0.00092
5.53600,0.12794,0.63704,0.00004,0.25814,0.00025,0.00174,0.00044,0.00025,0.10183,0.00027
5.56800,0.12794,0.55531,0.00006,0.26856,0.00014,0.00202,0.00027,0.00039,0.17313,0.00013
5.60000,0.12794,0.35775,0.00009,0.24618,0.00004,0.00178,0.00010,0.00109,0.39295,0.00003
5.63200,0.12794,0.23812,0.00006,0.23524,0.00001,0.00074,0.00004,0.00216,0.52363,0.00001
5.66400,0.12794,0.27123,0.00007,0.32663,0.00001,0.00059,0.00006,0.00240,0.39900,0.00001
5.69600,0.12794,0.32154,0.00007,0.39496,0.00002,0.00103,0.00009,0.00161,0.28066,0.00002
5.72800,0.12794,0.36434,0.00004,0.46600,0.00003,0.00264,0.00011,0.00055,0.16624,0.00005
5.76000,0.12794,0.40492,0.00006,0.46284,0.00008,0.00539,0.00014,0.00018,0.12629,0.00010
5.79200,0.12794,0.36215,0.00002,0.54654,0.00005,0.00981,0.00017,0.00011,0.08107,0.00007
5.82400,0.12794,0.23883,0.00003,0.67020,0.00003,0.01220,0.00014,0.00015,0.07837,0.00004
5.85600,0.12794,0.22739,0.00004,0.69572,0.00005,0.00810,0.00022,0.00026,0.06816,0.00006
5.88800,0.12794,0.19003,0.00002,0.75603,0.00003,0.00515,0.00029,0.00045,0.04795,0.00005
5.92000,0.12794,0.19701,0.00004,0.75196,0.00005,0.00517,0.00044,0.00068,0.04458,0.00008
5.95200,0.12794,0.23665,0.00002,0.72892,0.00008,0.00467,0.00083,0.00051,0.02819,0.00014
5.98400,0.12794,0.20986,0.00001,0.76631,0.00005,0.00458,0.00098,0.00034,0.01778,0.00009
6.01600,0.12794,0.20337,0.00001,0.77904,0.00007,0.00490,0.00107,0.00016,0.01130,0.00009
6.04800,0.12794,0.23499,0.00001,0.74936,0.00009,0.00302,0.00096,0.00008,0.01143,0.00008
6.08000,0.12794,0.25503,0.00001,0.72575,0.00008,0.00309,0.00077,0.00006,0.01517,0.00006
6.11200,0.12794,0.23558,0.00000,0.75301,0.00013,0.00335,0.00127,0.00002,0.00654,0.00010
6.14400,0.12794,0.24138,0.00001,0.74030,0.00023,0.00823,0.00227,0.00003,0.00733,0.00021
6.17600,0.12794,0.20066,0.00000,0.78606,0.00017,0.00622,0.00241,0.00003,0.00419,0.00025
6.20800,0.12794,0.22151,0.00000,0.76656,0.00019,0.00462,0.00240,0.00004,0.00438,0.00030
6.24000,0.12794,0.25593,0.00001,0.72700,0.00026,0.00513,0.00197,0.00007,0.00934,0.00029
6.27200,0.12794,0.29303,0.00001,0.68324,0.00030,0.00589,0.00156,0.00010,0.01556,0.00032
6.30400,0.12794,0.38527,0.00003,0.55461,0.00043,0.00816,0.00135,0.00029,0.04952,0.00034
6.33600,0.12794,0.43253,0.00008,0.48406,0.00057,0.00908,0.00130,0.00052,0.07132,0.00053
6.36800,0.12794,0.46018,0.00009,0.44787,0.00042,0.00683,0.00112,0.00083,0.08213,0.00054
6.40000,0.12794,0.49123,0.00007,0.44925,0.00038,0.00228,0.00117,0.00083,0.05430,0.00049
6.43200,0.12794,0.50890,0.00006,0.42586,0.00034,0.00196,0.00103,0.00093,0.06045,0.00047
6.46400,0.12794,0.50822,0.00007,0.41828,0.00042,0.00131,0.00104,0.00091,0.06941,0.00033
6.49600,0.12794,0.52752,0.00010,0.37930,0.00052,0.00104,0.00087,0.00080,0.08960,0.00025
6.52800,0.12794,0.52831,0.00015,0.30652,0.00051,0.00119,0.00056,0.00083,0.16177,0.00015
6.56000,0.12794,0.52245,0.00015,0.28137,0.00041,0.00104,0.00050,0.00095,0.19302,0.00011
6.59200,0.12794,0.50308,0.00013,0.27383,0.00031,0.00090,0.00044,0.00117,0.22007,0.00009
6.62400,0.12794,0.47061,0.00015,0.25768,0.00029,0.00141,0.00042,0.00124,0.26810,0.00009
6.65600,0.12794,0.48433,0.00017,0.26627,0.00033,0.00148,0.00051,0.00153,0.24524,0.00014
6.68800,0.12794,0.47655,0.00047,0.26090,0.00087,0.00432,0.00079,0.00172,0.25394,0.00044
6.72000,0.12794,0.51505,0.00047,0.31978,0.00169,0.01046,0.00168,0.00125,0.14844,0.00117
6.75200,0.12794,0.54523,0.00028,0.35792,0.00158,0.00552,0.00231,0.00147,0.08411,0.00159
6.78400,0.12794,0.50137,0.00012,0.44497,0.00145,0.00369,0.00301,0.00083,0.04316,0.00140
6.81600,0.12794,0.45105,0.00003,0.52006,0.00086,0.00277,0.00333,0.00034,0.02071,0.00084
6.84800,0.12794,0.41267,0.00002,0.56793,0.00050,0.00121,0.00222,0.00017,0.01491,0.00037
6.88000,0.12794,0.37074,0.00002,0.60811,0.00068,0.00218,0.00277,0.00012,0.01503,0.00035
6.91200,0.12794,0.36484,0.00009,0.60164,0.00115,0.00501,0.00300,0.00019,0.02353,0.00056
6.94400,0.12794,0.39548,0.00020,0.55519,0.00112,0.00276,0.00187,0.00024,0.04282,0.00032
6.97600,0.12794,0.40048,0.00031,0.52895,0.00092,0.00242,0.00141,0.00036,0.06489,0.00025
7.00800,0.12794,0.38604,0.00032,0.52138,0.00048,0.00173,0.00081,0.00052,0.08856,0.00016
7.04000,0.12794,0.41245,0.00015,0.51371,0.00026,0.00077,0.00074,0.00064,0.07117,0.00011
7.07200,0.12794,0.35353,0.00024,0.56659,0.00021,0.00101,0.00059,0.00099,0.07670,0.00015
7.10400,0.12794,0.27855,0.00055,0.58913,0.00014,0.00152,0.00033,0.00164,0.12804,0.00010
7.13600,0.12794,0.25627,0.00080,0.43792,0.00007,0.00132,0.00015,0.00245,0.30097,0.00004
7.16800,0.12794,0.17763,0.00135,0.25373,0.00003,0.00105,0.00004,0.00290,0.56326,0.00002
7.20000,0.12794,0.16160,0.00123,0.26776,0.00002,0.00090,0.00003,0.00351,0.56494,0.00001
7.23200,0.12794,0.14968,0.00093,0.21944,0.00002,0.00111,0.00003,0.00540,0.62338,0.00001
7.26400,0.12794,0.12931,0.00091,0.24589,0.00001,0.00139,0.00003,0.00522,0.61723,0.00001
7.29600,0.12794,0.17124,0.00030,0.31202,0.00001,0.00120,0.00004,0.00317,0.51202,0.00001
7.32800,0.12794,0.19650,0.00015,0.28336,0.00001,0.00099,0.00003,0.00154,0.51742,0.00001
7.36000,0.12794,0.32515,0.00036,0.28612,0.00004,0.00070,0.00005,0.00111,0.38645,0.00002
7.39200,0.12794,0.44277,0.00050,0.32910,0.00009,0.00079,0.00009,0.00070,0.22588,0.00008
7.42400,0.12794,0.34807,0.00071,0.27448,0.00006,0.00073,0.00004,0.00070,0.37517,0.00003
7.45600,0.12794,0.34910,0.00120,0.26990,0.00010,0.00149,0.00007,0.00173,0.37634,0.00008
7.48800,0.12794,0.32079,0.00049,0.26604,0.00004,0.00139,0.00005,0.00164,0.40954,0.00003
7.52000,0.12794,0.32497,0.00020,0.31344,0.00002,0.00160,0.00007,0.00264,0.35705,0.00001
7.55200,0.12794,0.34656,0.00033,0.43810,0.00004,0.00189,0.00019,0.00699,0.20587,0.00003
7.58400,0.12794,0.32117,0.00038,0.40491,0.00002,0.00080,0.00011,0.00896,0.26364,0.00001
7.61600,0.12794,0.24153,0.00051,0.34230,0.00001,0.00073,0.00008,0.01593,0.39891,0.00001
7.64800,0.12794,0.21463,0.00160,0.23142,0.00002,0.00068,0.00006,0.01684,0.53474,0.00001
7.68000,0.12794,0.17678,0.00100,0.14629,0.00002,0.00084,0.00003,0.00760,0.66743,0.00001
7.71200,0.12794,0.18830,0.00047,0.11315,0.00002,0.00087,0.00003,0.00439,0.69276,0.00001
7.74400,0.12794,0.25602,0.00041,0.14540,0.00006,0.00141,0.00007,0.00189,0.59472,0.00002
7.77600,0.12794,0.28570,0.00017,0.12381,0.00006,0.00113,0.00007,0.00096,0.58808,0.00002
7.80800,0.12794,0.42428,0.00015,0.14973,0.00014,0.00126,0.00013,0.00051,0.42376,0.00004
7.84000,0.12794,0.55626,0.00016,0.22316,0.00041,0.00203,0.00031,0.00024,0.21733,0.00010
7.87200,0.12794,0.60188,0.00006,0.27175,0.00027,0.00397,0.00043,0.00017,0.12133,0.00015
7.90400,0.12794,0.63552,0.00006,0.29134,0.00047,0.00796,0.00087,0.00015,0.06324,0.00038
7.93600,0.12794,0.64033,0.00004,0.29644,0.00043,0.00786,0.00087,0.00017,0.05333,0.00052
7.96800,0.12794,0.63916,0.00005,0.30554,0.00053,0.00779,0.00122,0.00022,0.04460,0.00089
8.00000,0.12794,0.67132,0.00005,0.29609,0.00094,0.00157,0.00114,0.00012,0.02750,0.00126
8.03200,0.12794,0.65517,0.00002,0.32554,0.00103,0.00048,0.00114,0.00005,0.01539,0.00117
8.06400,0.12794,0.60075,0.00002,0.38670,0.00179,0.00029,0.00205,0.00004,0.00600,0.00236
8.09600,0.12794,0.60747,0.00001,0.38169,0.00210,0.00013,0.00196,0.00002,0.00362,0.00300
8.12800,0.12794,0.54968,0.00001,0.44035,0.00186,0.00011,0.00222,0.00002,0.00232,0.00343
8.16000,0.12794,0.49972,0.00001,0.48815,0.00177,0.00013,0.00263,0.00002,0.00154,0.00604
8.19200,0.12794,0.45181,0.00000,0.53430,0.00179,0.00013,0.00353,0.00001,0.00095,0.00748
8.22400,0.12794,0.43982,0.00000,0.54756,0.00178,0.00012,0.00392,0.00001,0.00077,0.00601
8.25600,0.12794,0.44237,0.00000,0.53441,0.00364,0.00014,0.00760,0.00001,0.00063,0.01120
8.28800,0.12794,0.49852,0.00001,0.46848,0.00750,0.00011,0.01109,0.00001,0.00054,0.01374
8.32000,0.12794,0.59236,0.00001,0.37171,0.01215,0.00010,0.01127,0.00001,0.00080,0.01159
8.35200,0.12794,0.65109,0.00001,0.29670,0.02163,0.00009,0.01585,0.00001,0.00081,0.01382
8.38400,0.12794,0.74311,0.00001,0.20712,0.02663,0.00008,0.01386,0.00001,0.00119,0.00798
8.41600,0.12794,0.75754,0.00002,0.21134,0.01792,0.00007,0.00798,0.00001,0.00174,0.00338
8.44800,0.12794,0.74023,0.00003,0.24250,0.00918,0.00006,0.00353,0.00001,0.00313,0.00133
8.48000,0.12794,0.67637,0.00005,0.31091,0.00418,0.00009,0.00140,0.00001,0.00645,0.00055
8.51200,0.12794,0.59315,0.00013,0.38942,0.00260,0.00017,0.00076,0.00002,0.01333,0.00042
8.54400,0.12794,0.60602,0.00036,0.36350,0.00448,0.00050,0.00098,0.00005,0.02325,0.00085
8.57600,0.12794,0.57474,0.00084,0.38204,0.00687,0.00113,0.00124,0.00010,0.03168,0.00136
8.60800,0.12794,0.50382,0.00179,0.43094,0.00709,0.00278,0.00129,0.00020,0.05039,0.00171
8.64000,0.12794,0.47982,0.00198,0.45766,0.00767,0.00338,0.00145,0.00020,0.04598,0.00185
8.67200,0.12794,0.35674,0.00286,0.58771,0.00424,0.00251,0.00082,0.00015,0.04412,0.00085
8.70400,0.12794,0.28010,0.00543,0.65958,0.00342,0.00231,0.00062,0.00015,0.04777,0.00061
8.73600,0.12794,0.20735,0.01267,0.72485,0.00334,0.00172,0.00048,0.00012,0.04910,0.00038
8.76800,0.12794,0.13912,0.02616,0.77765,0.00187,0.00109,0.00026,0.00010,0.05357,0.00017
8.80000,0.12794,0.09724,0.04309,0.80548,0.00137,0.00076,0.00018,0.00009,0.05170,0.00009
8.83200,0.12794,0.06771,0.05465,0.82829,0.00082,0.00045,0.00011,0.00006,0.04785,0.00004
8.86400,0.12794,0.04371,0.06607,0.84594,0.00051,0.00029,0.00008,0.00006,0.04333,0.00002
8.89600,0.12794,0.02014,0.08313,0.85923,0.00027,0.00015,0.00004,0.00004,0.03700,0.00000
8.92800,0.12794,0.01228,0.07745,0.87263,0.00013,0.00010,0.00002,0.00005,0.03733,0.00000
8.96000,0.12794,0.00855,0.06234,0.88875,0.00007,0.00007,0.00001,0.00005,0.04015,0.00000
8.99200,0.12794,0.00672,0.04157,0.90968,0.00004,0.00006,0.00001,0.00006,0.04187,0.00000
9.02400,0.12794,0.00727,0.02216,0.92106,0.00002,0.00006,0.00001,0.00008,0.04934,0.00000
9.05600,0.12794,0.00830,0.01444,0.92282,0.00001,0.00006,0.00001,0.00010,0.05425,0.00000
9.08800,0.12794,0.00791,0.00990,0.93558,0.00001,0.00005,0.00001,0.00011,0.04644,0.00000
9.12000,0.12794,0.00986,0.00684,0.93249,0.00001,0.00006,0.00001,0.00015,0.05059,0.00000
9.15200,0.12794,0.01061,0.00564,0.93861,0.00001,0.00006,0.00001,0.00019,0.04487,0.00000
9.18400,0.12794,0.01161,0.00512,0.93591,0.00001,0.00007,0.00001,0.00026,0.04701,0.00000
9.21600,0.12794,0.01736,0.00364,0.91237,0.00001,0.00010,0.00001,0.00047,0.06605,0.00000
9.24800,0.12794,0.02439,0.00370,0.89304,0.00001,0.00017,0.00001,0.00080,0.07787,0.00000
9.28000,0.12794,0.02720,0.00330,0.89511,0.00002,0.00021,0.00002,0.00099,0.07315,0.00000
9.31200,0.12794,0.02591,0.00302,0.90250,0.00001,0.00023,0.00002,0.00135,0.06696,0.00000
9.34400,0.12794,0.02052,0.00342,0.91328,0.00001,0.00023,0.00002,0.00187,0.06064,0.00000
9.37600,0.12794,0.02260,0.00280,0.91408,0.00001,0.00014,0.00002,0.00133,0.05901,0.00000
9.40800,0.12794,0.02155,0.00313,0.89614,0.00001,0.00014,0.00001,0.00282,0.07619,0.00000
9.44000,0.12794,0.02299,0.00310,0.87563,0.00001,0.00015,0.00002,0.00533,0.09277,0.00000
9.47200,0.12794,0.04203,0.00390,0.81183,0.00001,0.00032,0.00003,0.00807,0.13380,0.00001
9.50400,0.12794,0.04846,0.00699,0.76072,0.00003,0.00069,0.00006,0.02581,0.15722,0.00001
9.53600,0.12794,0.08927,0.00728,0.66938,0.00005,0.00135,0.00013,0.03756,0.19493,0.00005
9.56800,0.12794,0.13859,0.00725,0.61820,0.00010,0.00227,0.00020,0.03321,0.20005,0.00014
9.60000,0.12794,0.16493,0.00608,0.58805,0.00014,0.00263,0.00033,0.03625,0.20135,0.00024
9.63200,0.12794,0.20423,0.00364,0.55236,0.00018,0.00497,0.00045,0.03000,0.20372,0.00045
9.66400,0.12794,0.25298,0.00360,0.48232,0.00030,0.00949,0.00064,0.03014,0.21956,0.00097
9.69600,0.12794,0.26383,0.00251,0.42595,0.00029,0.01622,0.00060,0.02706,0.26252,0.00102
9.72800,0.12794,0.28587,0.00203,0.42597,0.00032,0.01935,0.00059,0.01659,0.24823,0.00106
9.76000,0.12794,0.26981,0.00202,0.39777,0.00028,0.01951,0.00045,0.01878,0.29038,0.00099
9.79200,0.12794,0.26261,0.00200,0.36207,0.00026,0.01753,0.00041,0.01363,0.34083,0.00067
9.82400,0.12794,0.32393,0.00169,0.33181,0.00043,0.01270,0.00056,0.00812,0.32002,0.00075
9.85600,0.12794,0.23773,0.00181,0.35734,0.00020,0.00948,0.00034,0.01298,0.37982,0.00031
9.88800,0.12794,0.13430,0.00202,0.52203,0.00009,0.00352,0.00014,0.00754,0.33030,0.00005
9.92000,0.12794,0.06667,0.00202,0.67179,0.00003,0.00109,0.00004,0.00225,0.25611,0.00001
9.95200,0.12794,0.03922,0.00511,0.79079,0.00003,0.00052,0.00002,0.00100,0.16331,0.00000
9.98400,0.12794,0.08970,0.00461,0.79188,0.00019,0.00069,0.00008,0.00037,0.11246,0.00002
10.01600,0.12794,0.24522,0.00300,0.66086,0.00105,0.00170,0.00036,0.00025,0.08738,0.00018
10.04800,0.12794,0.53892,0.00078,0.41945,0.00609,0.00185,0.00244,0.00016,0.02829,0.00203
10.08000,0.12794,0.68446,0.00012,0.27961,0.01003,0.00178,0.00561,0.00011,0.01096,0.00731
10.11200,0.12794,0.61259,0.00004,0.36260,0.00542,0.00096,0.00463,0.00007,0.00522,0.00846
10.14400,0.12794,0.60513,0.00002,0.37538,0.00446,0.00042,0.00464,0.00003,0.00312,0.00680
10.17600,0.12794,0.58768,0.00002,0.39633,0.00159,0.00075,0.00200,0.00007,0.00894,0.00262
10.20800,0.12794,0.59884,0.00003,0.36549,0.00046,0.00106,0.00073,0.00015,0.03248,0.00075
10.24000,0.12794,0.60102,0.00005,0.22014,0.00012,0.00136,0.00022,0.00045,0.17651,0.00014
10.27200,0.12794,0.40514,0.00007,0.13464,0.00003,0.00214,0.00007,0.00162,0.45625,0.00004
10.30400,0.12794,0.30727,0.00007,0.10062,0.00001,0.00159,0.00003,0.00183,0.58856,0.00001
10.33600,0.12794,0.22463,0.00005,0.07706,0.00000,0.00126,0.00001,0.00171,0.69527,0.00000
10.36800,0.12794,0.29237,0.00009,0.13992,0.00002,0.00241,0.00004,0.00161,0.56354,0.00001
10.40000,0.12794,0.35994,0.00005,0.21208,0.00002,0.00513,0.00007,0.00081,0.42190,0.00001
10.43200,0.12794,0.35969,0.00005,0.25472,0.00002,0.01135,0.00011,0.00072,0.37332,0.00002
10.46400,0.12794,0.39602,0.00006,0.41061,0.00006,0.01718,0.00038,0.00052,0.17510,0.00006
10.49600,0.12794,0.36095,0.00006,0.49051,0.00007,0.01966,0.00069,0.00086,0.12711,0.00008
10.52800,0.12794,0.36163,0.00009,0.51760,0.00017,0.01186,0.00113,0.00113,0.10629,0.00009
10.56000,0.12794,0.40730,0.00007,0.51802,0.00022,0.00469,0.00151,0.00122,0.06686,0.00010
10.59200,0.12794,0.46571,0.00013,0.44621,0.00046,0.00480,0.00196,0.00179,0.07877,0.00018
10.62400,0.12794,0.52322,0.00014,0.39051,0.00062,0.00449,0.00196,0.00147,0.07738,0.00021
10.65600,0.12794,0.57567,0.00013,0.34157,0.00062,0.00179,0.00175,0.00159,0.07667,0.00021
10.68800,0.12794,0.55330,0.00010,0.39216,0.00083,0.00112,0.00230,0.00127,0.04867,0.00024
10.72000,0.12794,0.52110,0.00004,0.43596,0.00036,0.00040,0.00166,0.00128,0.03908,0.00013
10.75200,0.12794,0.49554,0.00001,0.46897,0.00012,0.00014,0.00111,0.00140,0.03264,0.00006
10.78400,0.12794,0.44704,0.00001,0.51861,0.00005,0.00008,0.00071,0.00143,0.03205,0.00003
10.81600,0.12794,0.44693,0.00000,0.52306,0.00002,0.00004,0.00050,0.00103,0.02841,0.00001
10.84800,0.12794,0.42461,0.00000,0.55574,0.00002,0.00004,0.00050,0.00044,0.01863,0.00001
10.88000,0.12794,0.37567,0.00000,0.61598,0.00010,0.00007,0.00122,0.00012,0.00679,0.00005
10.91200,0.12794,0.37931,0.00001,0.61062,0.00039,0.00030,0.00255,0.00009,0.00654,0.00018
10.94400,0.12794,0.37606,0.00001,0.61185,0.00107,0.00071,0.00451,0.00006,0.00520,0.00052
10.97600,0.12794,0.37395,0.00003,0.60894,0.00271,0.00128,0.00809,0.00005,0.00370,0.00125
11.00800,0.12794,0.42675,0.00003,0.55326,0.00291,0.00203,0.00893,0.00005,0.00480,0.00124
11.04000,0.12794,0.37491,0.00001,0.60471,0.00246,0.00178,0.01288,0.00002,0.00172,0.00150
11.07200,0.12794,0.43106,0.00001,0.53208,0.00598,0.00230,0.02434,0.00002,0.00128,0.00291
11.10400,0.12794,0.46846,0.00003,0.49110,0.00718,0.00437,0.02282,0.00004,0.00255,0.00346
11.13600,0.12794,0.45718,0.00004,0.50159,0.00626,0.00555,0.02095,0.00009,0.00366,0.00468
11.16800,0.12794,0.48352,0.00006,0.46838,0.00853,0.00514,0.02357,0.00016,0.00409,0.00656
11.20000,0.12794,0.44121,0.00005,0.51441,0.00625,0.00592,0.02113,0.00020,0.00418,0.00665
11.23200,0.12794,0.41722,0.00005,0.51489,0.00940,0.00469,0.04192,0.00016,0.00195,0.00971
11.26400,0.12794,0.38648,0.00003,0.50978,0.01762,0.00222,0.06919,0.00005,0.00063,0.01400
11.29600,0.12794,0.35422,0.00003,0.53215,0.02405,0.00136,0.07434,0.00003,0.00043,0.01339
11.32800,0.12794,0.33061,0.00002,0.54265,0.02685,0.00061,0.08573,0.00001,0.00021,0.01331
11.36000,0.12794,0.29770,0.00002,0.62179,0.01844,0.00031,0.05167,0.00001,0.00017,0.00991
11.39200,0.12794,0.28827,0.00001,0.66457,0.01030,0.00038,0.03094,0.00001,0.00030,0.00522
11.42400,0.12794,0.33410,0.00002,0.63120,0.00780,0.00064,0.02077,0.00002,0.00066,0.00480
11.45600,0.12794,0.44733,0.00004,0.48819,0.01827,0.00112,0.03555,0.00004,0.00104,0.00843
11.48800,0.12794,0.44580,0.00003,0.48363,0.01742,0.00173,0.04072,0.00004,0.00116,0.00946
11.52000,0.12794,0.46409,0.00003,0.47184,0.01778,0.00103,0.03541,0.00003,0.00095,0.00883
11.55200,0.12794,0.46947,0.00002,0.44301,0.02491,0.00060,0.05086,0.00002,0.00053,0.01057
11.58400,0.12794,0.33509,0.00001,0.62975,0.00719,0.00037,0.02273,0.00001,0.00037,0.00449
11.61600,0.12794,0.36136,0.00001,0.61888,0.00426,0.00022,0.01144,0.00001,0.00050,0.00332
11.64800,0.12794,0.41350,0.00001,0.57352,0.00219,0.00028,0.00678,0.00002,0.00120,0.00251
11.68000,0.12794,0.38953,0.00000,0.60461,0.00051,0.00022,0.00204,0.00002,0.00227,0.00080
11.71200,0.12794,0.43532,0.00001,0.55646,0.00050,0.00049,0.00218,0.00005,0.00389,0.00108
11.74400,0.12794,0.45837,0.00001,0.53046,0.00083,0.00086,0.00422,0.00007,0.00325,0.00194
11.77600,0.12794,0.38627,0.00001,0.60160,0.00097,0.00093,0.00626,0.00004,0.00150,0.00242
11.80800,0.12794,0.54886,0.00006,0.42049,0.00339,0.00157,0.01220,0.00024,0.00211,0.01107
11.84000,0.12794,0.68914,0.00092,0.26728,0.00657,0.00175,0.01003,0.00177,0.00695,0.01560
11.87200,0.12794,0.77148,0.00719,0.15771,0.01043,0.00186,0.00765,0.00826,0.01377,0.02165
11.90400,0.12794,0.69026,0.12091,0.04990,0.01260,0.00145,0.00402,0.06254,0.01454,0.04378
11.93600,0.12794,0.61143,0.21499,0.05178,0.01767,0.00217,0.00412,0.04303,0.01947,0.03533
11.96800,0.12794,0.60077,0.24247,0.05043,0.01934,0.00214,0.00401,0.03094,0.01809,0.03182
12.00000,0.12794,0.62296,0.20448,0.04782,0.04387,0.00269,0.00741,0.01990,0.01612,0.03475
12.03200,0.12794,0.60088,0.14146,0.06509,0.10669,0.00428,0.01612,0.01034,0.02252,0.03262
12.06400,0.12794,0.59462,0.12105,0.05279,0.15460,0.00344,0.02100,0.00724,0.01698,0.02829
12.09600,0.12794,0.54232,0.15880,0.05213,0.16869,0.00329,0.02213,0.00790,0.01200,0.03274
12.12800,0.12794,0.50045,0.33393,0.05496,0.04645,0.00340,0.00598,0.01191,0.01626,0.02667
12.16000,0.12794,0.49153,0.38151,0.04618,0.01440,0.00301,0.00226,0.02062,0.02171,0.01879
12.19200,0.12794,0.41764,0.47166,0.03753,0.00633,0.00247,0.00111,0.02618,0.01703,0.02005
12.22400,0.12794,0.50549,0.37120,0.03521,0.00658,0.00259,0.00116,0.03067,0.02243,0.02467
12.25600,0.12794,0.59182,0.24460,0.05002,0.00715,0.00276,0.00185,0.04783,0.03847,0.01550
12.28800,0.12794,0.69972,0.12481,0.06230,0.01738,0.00242,0.00412,0.03304,0.03177,0.02444
12.32000,0.12794,0.71697,0.08967,0.06627,0.02627,0.00195,0.00647,0.03596,0.03086,0.02557
12.35200,0.12794,0.68879,0.10000,0.07331,0.04233,0.00243,0.00852,0.02722,0.02381,0.03358
12.38400,0.12794,0.65941,0.08997,0.06190,0.10011,0.00246,0.01579,0.01337,0.01612,0.04084
12.41600,0.12794,0.59099,0.12065,0.04217,0.15730,0.00255,0.02036,0.01123,0.01078,0.04396
12.44800,0.12794,0.57587,0.15471,0.06556,0.11376,0.00378,0.01902,0.01680,0.01742,0.03308
12.48000,0.12794,0.52238,0.14884,0.16995,0.04004,0.00644,0.01268,0.03669,0.05093,0.01206
12.51200,0.12794,0.48360,0.18405,0.17611,0.02488,0.00604,0.00902,0.05218,0.05099,0.01313
12.54400,0.12794,0.41096,0.24540,0.18044,0.01198,0.00625,0.00496,0.07087,0.06006,0.00907
12.57600,0.12794,0.50870,0.22507,0.11911,0.01062,0.00558,0.00423,0.05660,0.06273,0.00736
12.60800,0.12794,0.63373,0.23581,0.04553,0.01677,0.00278,0.00426,0.02497,0.02689,0.00927
12.64000,0.12794,0.62424,0.25448,0.04315,0.00993,0.00292,0.00236,0.02195,0.03609,0.00488
12.67200,0.12794,0.65088,0.19765,0.05725,0.00529,0.00259,0.00158,0.02337,0.05870,0.00269
12.70400,0.12794,0.56406,0.16804,0.09610,0.00403,0.00393,0.00126,0.02301,0.13806,0.00150
12.73600,0.12794,0.52659,0.12883,0.09874,0.00193,0.00303,0.00101,0.05526,0.18357,0.00105
12.76800,0.12794,0.65894,0.05645,0.08418,0.00131,0.00209,0.00111,0.05322,0.14170,0.00101
12.80000,0.12794,0.79603,0.04174,0.05396,0.00196,0.00170,0.00152,0.02482,0.07720,0.00108
12.83200,0.12794,0.91617,0.01483,0.02536,0.00118,0.00068,0.00143,0.01359,0.02600,0.00077
12.86400,0.12794,0.96416,0.00665,0.01197,0.00358,0.00045,0.00306,0.00312,0.00551,0.00150
12.89600,0.12794,0.96815,0.00665,0.00929,0.00426,0.00029,0.00418,0.00265,0.00324,0.00129
12.92800,0.12794,0.96393,0.00635,0.00829,0.00740,0.00028,0.00670,0.00260,0.00290,0.00157
12.96000,0.12794,0.93838,0.01050,0.00855,0.02133,0.00037,0.01183,0.00280,0.00272,0.00353
12.99200,0.12794,0.93859,0.01537,0.01137,0.01343,0.00052,0.00755,0.00424,0.00492,0.00401
13.02400,0.12794,0.92521,0.01971,0.01064,0.01961,0.00074,0.00744,0.00380,0.00417,0.00868
13.05600,0.12794,0.94682,0.01583,0.00803,0.01184,0.00059,0.00470,0.00253,0.00271,0.00697
13.08800,0.12794,0.96145,0.01337,0.00748,0.00504,0.00044,0.00280,0.00259,0.00302,0.00382
13.12000,0.12794,0.96699,0.01134,0.00690,0.00458,0.00037,0.00283,0.00180,0.00263,0.00255
13.15200,0.12794,0.96991,0.01199,0.00655,0.00280,0.00030,0.00214,0.00193,0.00293,0.00146
13.18400,0.12794,0.96871,0.01371,0.00597,0.00261,0.00030,0.00203,0.00231,0.00274,0.00162
