Time (seconds), Duration (seconds),pred_unlabeled,pred_down,pred_bottom left,pred_bottom right,pred_left,pred_right,pred_top,pred_top left,pred_top right
0.00000,0.12794,0.99232,0.00000,0.00001,0.00034,0.00000,0.00731,0.00000,0.00000,0.00003
0.03200,0.12794,0.99131,0.00000,0.00005,0.00107,0.00000,0.00749,0.00000,0.00000,0.00007
0.06400,0.12794,0.98543,0.00001,0.00027,0.00428,0.00000,0.00978,0.00001,0.00001,0.00020
0.09600,0.12794,0.97923,0.00028,0.00230,0.00846,0.00005,0.00867,0.00018,0.00035,0.00048
0.12800,0.12794,0.92731,0.00809,0.02024,0.01742,0.00076,0.00725,0.00366,0.01358,0.00169
0.16000,0.12794,0.93979,0.00784,0.01843,0.00243,0.00047,0.00201,0.01049,0.01712,0.00142
0.19200,0.12794,0.91268,0.00624,0.01816,0.00021,0.00029,0.00038,0.03539,0.02562,0.00101
0.22400,0.12794,0.96399,0.00200,0.00412,0.00002,0.00005,0.00006,0.02454,0.00392,0.00131
0.25600,0.12794,0.97671,0.00075,0.00269,0.00000,0.00002,0.00003,0.01687,0.00224,0.00069
0.28800,0.12794,0.98338,0.00127,0.00278,0.00002,0.00003,0.00010,0.00967,0.00161,0.00112
0.32000,0.12794,0.98898,0.00204,0.00216,0.00013,0.00004,0.00029,0.00337,0.00075,0.00224
0.35200,0.12794,0.98079,0.00646,0.00397,0.00188,0.00019,0.00180,0.00169,0.00138,0.00185
0.38400,0.12794,0.97102,0.01212,0.00299,0.00565,0.00022,0.00338,0.00123,0.00087,0.00253
0.41600,0.12794,0.97304,0.01348,0.00287,0.00430,0.00019,0.00216,0.00102,0.00088,0.00205
0.44800,0.12794,0.98123,0.00989,0.00253,0.00144,0.00016,0.00108,0.00127,0.00096,0.00144
0.48000,0.12794,0.97190,0.01555,0.00347,0.00109,0.00022,0.00076,0.00259,0.00142,0.00299
0.51200,0.12794,0.96526,0.01850,0.00325,0.00128,0.00019,0.00079,0.00379,0.00129,0.00566
0.54400,0.12794,0.93645,0.02956,0.00375,0.00250,0.00027,0.00114,0.00608,0.00132,0.01894
0.57600,0.12794,0.89942,0.04815,0.00480,0.00727,0.00037,0.00193,0.00547,0.00166,0.03090
0.60800,0.12794,0.95444,0.01513,0.00301,0.00176,0.00014,0.00087,0.00339,0.00096,0.02031
0.64000,0.12794,0.97495,0.00646,0.00265,0.00042,0.00011,0.00044,0.00304,0.00083,0.01110
0.67200,0.12794,0.98537,0.00216,0.00329,0.00021,0.00011,0.00042,0.00259,0.00102,0.00484
0.70400,0.12794,0.98944,0.00158,0.00231,0.00024,0.00008,0.00047,0.00148,0.00054,0.00386
0.73600,0.12794,0.97383,0.00769,0.00489,0.00173,0.00025,0.00125,0.00211,0.00133,0.00692
0.76800,0.12794,0.97668,0.00534,0.00240,0.00112,0.00008,0.00057,0.00071,0.00038,0.01272
0.80000,0.12794,0.97047,0.00301,0.00052,0.00031,0.00001,0.00013,0.00015,0.00004,0.02535
0.83200,0.12794,0.97478,0.00320,0.00071,0.00019,0.00001,0.00010,0.00025,0.00008,0.02068
0.86400,0.12794,0.96901,0.00294,0.00060,0.00014,0.00001,0.00010,0.00038,0.00007,0.02674
0.89600,0.12794,0.97300,0.00600,0.00106,0.00028,0.00003,0.00020,0.00098,0.00023,0.01820
0.92800,0.12794,0.93331,0.02883,0.00267,0.00106,0.00016,0.00063,0.00904,0.00087,0.02343
0.96000,0.12794,0.93119,0.02366,0.00242,0.00119,0.00011,0.00074,0.00990,0.00062,0.03017
0.99200,0.12794,0.95572,0.01200,0.00219,0.00093,0.00010,0.00069,0.00697,0.00049,0.02091
1.02400,0.12794,0.94823,0.01791,0.00303,0.00214,0.00013,0.00114,0.00641,0.00070,0.02030
1.05600,0.12794,0.97200,0.01096,0.00383,0.00188,0.00019,0.00099,0.00226,0.00138,0.00650
1.08800,0.12794,0.98704,0.00382,0.00113,0.00035,0.00003,0.00029,0.00049,0.00019,0.00665
1.12000,0.12794,0.98519,0.00587,0.00085,0.00018,0.00002,0.00014,0.00028,0.00009,0.00738
1.15200,0.12794,0.98974,0.00431,0.00078,0.00019,0.00002,0.00015,0.00017,0.00007,0.00457
1.18400,0.12794,0.97855,0.01062,0.00099,0.00033,0.00002,0.00020,0.00033,0.00008,0.00888
1.21600,0.12794,0.96109,0.02103,0.00087,0.00033,0.00001,0.00009,0.00015,0.00003,0.01639
1.24800,0.12794,0.92613,0.04476,0.00075,0.00027,0.00000,0.00005,0.00017,0.00001,0.02786
1.28000,0.12794,0.87896,0.07873,0.00052,0.00006,0.00000,0.00001,0.00030,0.00000,0.04141
1.31200,0.12794,0.94165,0.03377,0.00048,0.00002,0.00000,0.00001,0.00037,0.00001,0.02369
1.34400,0.12794,0.91565,0.06900,0.00187,0.00008,0.00001,0.00005,0.00341,0.00011,0.00981
1.37600,0.12794,0.94604,0.03875,0.00369,0.00022,0.00009,0.00019,0.00607,0.00117,0.00378
1.40800,0.12794,0.95462,0.02525,0.00589,0.00071,0.00027,0.00062,0.00593,0.00353,0.00318
1.44000,0.12794,0.96284,0.02128,0.00401,0.00064,0.00017,0.00048,0.00448,0.00164,0.00446
1.47200,0.12794,0.97468,0.01026,0.00219,0.00016,0.00004,0.00019,0.00651,0.00054,0.00544
1.50400,0.12794,0.97405,0.00285,0.00059,0.00003,0.00000,0.00005,0.00293,0.00004,0.01946
1.53600,0.12794,0.95592,0.00052,0.00011,0.00000,0.00000,0.00000,0.00034,0.00000,0.04311
1.56800,0.12794,0.84234,0.00033,0.00004,0.00000,0.00000,0.00000,0.00003,0.00000,0.15725
1.60000,0.12794,0.75007,0.00014,0.00002,0.00001,0.00000,0.00000,0.00000,0.00000,0.24976
1.63200,0.12794,0.82993,0.00021,0.00004,0.00003,0.00000,0.00001,0.00000,0.00000,0.16978
1.66400,0.12794,0.88845,0.00138,0.00020,0.00039,0.00000,0.00006,0.00001,0.00000,0.10951
1.69600,0.12794,0.94990,0.00241,0.00070,0.00110,0.00001,0.00030,0.00008,0.00006,0.04544
1.72800,0.12794,0.94786,0.00721,0.00262,0.00403,0.00009,0.00109,0.00068,0.00042,0.03599
1.76000,0.12794,0.92718,0.01474,0.00620,0.01678,0.00041,0.00466,0.00265,0.00178,0.02559
1.79200,0.12794,0.89924,0.00914,0.00574,0.03840,0.00028,0.00909,0.00216,0.00134,0.03460
1.82400,0.12794,0.94037,0.00310,0.00379,0.02496,0.00010,0.00768,0.00058,0.00054,0.01888
1.85600,0.12794,0.94228,0.00125,0.00103,0.00866,0.00002,0.00295,0.00016,0.00006,0.04360
1.88800,0.12794,0.86384,0.00033,0.00015,0.00153,0.00000,0.00039,0.00002,0.00000,0.13375
1.92000,0.12794,0.81553,0.00026,0.00009,0.00043,0.00000,0.00011,0.00001,0.00000,0.18358
1.95200,0.12794,0.83928,0.00091,0.00019,0.00027,0.00000,0.00007,0.00006,0.00001,0.15921
1.98400,0.12794,0.85605,0.00047,0.00007,0.00006,0.00000,0.00002,0.00001,0.00000,0.14331
2.01600,0.12794,0.93489,0.00084,0.00019,0.00003,0.00000,0.00001,0.00007,0.00001,0.06396
2.04800,0.12794,0.95606,0.00051,0.00022,0.00002,0.00000,0.00001,0.00005,0.00001,0.04311
2.08000,0.12794,0.93301,0.00024,0.00008,0.00002,0.00000,0.00001,0.00001,0.00000,0.06661
2.11200,0.12794,0.98694,0.00142,0.00065,0.00009,0.00001,0.00008,0.00020,0.00012,0.01048
2.14400,0.12794,0.98781,0.00237,0.00123,0.00018,0.00004,0.00018,0.00054,0.00036,0.00729
2.17600,0.12794,0.98597,0.00529,0.00131,0.00015,0.00003,0.00014,0.00092,0.00046,0.00572
2.20800,0.12794,0.98636,0.00540,0.00147,0.00023,0.00005,0.00015,0.00055,0.00045,0.00533
2.24000,0.12794,0.98350,0.00412,0.00091,0.00037,0.00004,0.00016,0.00023,0.00018,0.01049
2.27200,0.12794,0.97965,0.00566,0.00112,0.00073,0.00006,0.00027,0.00036,0.00026,0.01191
2.30400,0.12794,0.98040,0.00543,0.00154,0.00200,0.00008,0.00062,0.00037,0.00039,0.00917
2.33600,0.12794,0.97657,0.00895,0.00219,0.00244,0.00013,0.00096,0.00112,0.00083,0.00680
2.36800,0.12794,0.98680,0.00371,0.00152,0.00051,0.00004,0.00036,0.00117,0.00058,0.00532
2.40000,0.12794,0.99440,0.00064,0.00095,0.00005,0.00002,0.00006,0.00047,0.00043,0.00297
2.43200,0.12794,0.99388,0.00012,0.00054,0.00000,0.00000,0.00001,0.00021,0.00014,0.00510
2.46400,0.12794,0.99444,0.00005,0.00073,0.00000,0.00000,0.00000,0.00064,0.00032,0.00382
2.49600,0.12794,0.98763,0.00017,0.00262,0.00000,0.00002,0.00001,0.00323,0.00138,0.00494
2.52800,0.12794,0.98171,0.00048,0.00441,0.00002,0.00004,0.00005,0.00617,0.00173,0.00539
2.56000,0.12794,0.95090,0.00124,0.01227,0.00014,0.00025,0.00045,0.02477,0.00750,0.00248
2.59200,0.12794,0.97142,0.00174,0.01102,0.00083,0.00029,0.00156,0.00636,0.00362,0.00315
2.62400,0.12794,0.98165,0.00138,0.00687,0.00048,0.00022,0.00097,0.00334,0.00234,0.00275
2.65600,0.12794,0.98185,0.00286,0.00552,0.00092,0.00023,0.00126,0.00261,0.00185,0.00290
2.68800,0.12794,0.98313,0.00420,0.00369,0.00150,0.00016,0.00181,0.00200,0.00136,0.00214
2.72000,0.12794,0.98214,0.00459,0.00265,0.00265,0.00013,0.00313,0.00172,0.00071,0.00228
2.75200,0.12794,0.98477,0.00381,0.00168,0.00333,0.00008,0.00352,0.00085,0.00034,0.00162
2.78400,0.12794,0.99466,0.00118,0.00060,0.00108,0.00003,0.00109,0.00012,0.00008,0.00117
2.81600,0.12794,0.99695,0.00051,0.00049,0.00016,0.00001,0.00017,0.00008,0.00006,0.00157
2.84800,0.12794,0.99745,0.00024,0.00029,0.00002,0.00001,0.00002,0.00003,0.00004,0.00189
2.88000,0.12794,0.99770,0.00021,0.00036,0.00001,0.00001,0.00001,0.00005,0.00007,0.00159
2.91200,0.12794,0.99579,0.00044,0.00095,0.00001,0.00002,0.00002,0.00029,0.00031,0.00218
2.94400,0.12794,0.99380,0.00100,0.00086,0.00003,0.00003,0.00004,0.00037,0.00025,0.00364
2.97600,0.12794,0.99118,0.00043,0.00034,0.00001,0.00000,0.00002,0.00017,0.00004,0.00781
3.00800,0.12794,0.96767,0.00025,0.00026,0.00002,0.00000,0.00002,0.00010,0.00002,0.03167
3.04000,0.12794,0.95551,0.00007,0.00009,0.00000,0.00000,0.00001,0.00005,0.00000,0.04427
3.07200,0.12794,0.97020,0.00004,0.00009,0.00000,0.00000,0.00000,0.00004,0.00001,0.02961
3.10400,0.12794,0.98216,0.00039,0.00080,0.00002,0.00001,0.00003,0.00101,0.00024,0.01534
3.13600,0.12794,0.98698,0.00060,0.00111,0.00001,0.00003,0.00004,0.00245,0.00040,0.00838
3.16800,0.12794,0.98129,0.00124,0.00249,0.00002,0.00010,0.00006,0.00757,0.00144,0.00579
3.20000,0.12794,0.97713,0.00064,0.00264,0.00001,0.00005,0.00003,0.01348,0.00151,0.00451
3.23200,0.12794,0.98788,0.00021,0.00170,0.00000,0.00002,0.00001,0.00477,0.00078,0.00464
3.26400,0.12794,0.98849,0.00016,0.00098,0.00000,0.00000,0.00001,0.00229,0.00021,0.00787
3.29600,0.12794,0.98110,0.00008,0.00046,0.00000,0.00000,0.00000,0.00068,0.00004,0.01763
3.32800,0.12794,0.98583,0.00008,0.00049,0.00000,0.00000,0.00000,0.00076,0.00005,0.01278
3.36000,0.12794,0.98750,0.00011,0.00045,0.00000,0.00000,0.00001,0.00181,0.00004,0.01009
3.39200,0.12794,0.98613,0.00028,0.00165,0.00001,0.00001,0.00002,0.00585,0.00050,0.00555
3.42400,0.12794,0.96802,0.00188,0.00499,0.00003,0.00006,0.00007,0.01799,0.00350,0.00345
3.45600,0.12794,0.95290,0.01189,0.00872,0.00031,0.00030,0.00026,0.01318,0.00680,0.00562
3.48800,0.12794,0.92824,0.03435,0.01292,0.00226,0.00085,0.00094,0.00610,0.00815,0.00619
3.52000,0.12794,0.93520,0.03652,0.00982,0.00451,0.00056,0.00190,0.00328,0.00564,0.00258
3.55200,0.12794,0.95893,0.01859,0.00510,0.00842,0.00033,0.00333,0.00121,0.00217,0.00190
3.58400,0.12794,0.97178,0.01321,0.00358,0.00613,0.00022,0.00250,0.00045,0.00137,0.00076
3.61600,0.12794,0.96683,0.01117,0.00792,0.00273,0.00033,0.00119,0.00090,0.00854,0.00037
3.64800,0.12794,0.94156,0.00910,0.01993,0.00194,0.00051,0.00077,0.00093,0.02489,0.00036
3.68000,0.12794,0.60615,0.00712,0.07277,0.00025,0.00097,0.00018,0.00322,0.30927,0.00007
3.71200,0.12794,0.18236,0.00266,0.08988,0.00006,0.00061,0.00005,0.00354,0.72081,0.00002
3.74400,0.12794,0.26449,0.00168,0.12550,0.00010,0.00037,0.00009,0.00182,0.60592,0.00002
3.77600,0.12794,0.32784,0.00131,0.13671,0.00015,0.00042,0.00013,0.00161,0.53180,0.00003
3.80800,0.12794,0.51131,0.00104,0.15487,0.00044,0.00057,0.00032,0.00090,0.33042,0.00012
3.84000,0.12794,0.53322,0.00066,0.16363,0.00041,0.00079,0.00030,0.00074,0.30011,0.00015
3.87200,0.12794,0.34374,0.00090,0.13311,0.00018,0.00159,0.00015,0.00179,0.51843,0.00010
3.90400,0.12794,0.15909,0.00070,0.08979,0.00004,0.00202,0.00004,0.00265,0.74563,0.00003
3.93600,0.12794,0.09087,0.00118,0.05340,0.00002,0.00139,0.00002,0.00464,0.84846,0.00001
3.96800,0.12794,0.06555,0.00189,0.03943,0.00001,0.00073,0.00002,0.00559,0.88677,0.00000
4.00000,0.12794,0.05329,0.00175,0.02857,0.00001,0.00033,0.00001,0.00400,0.91204,0.00000
4.03200,0.12794,0.08329,0.00176,0.03037,0.00001,0.00013,0.00002,0.00312,0.88130,0.00000
4.06400,0.12794,0.21230,0.00061,0.06841,0.00004,0.00007,0.00005,0.00094,0.71759,0.00000
4.09600,0.12794,0.38157,0.00010,0.08707,0.00004,0.00004,0.00007,0.00038,0.53074,0.00000
4.12800,0.12794,0.62620,0.00004,0.12594,0.00009,0.00003,0.00015,0.00023,0.24731,0.00001
4.16000,0.12794,0.65075,0.00003,0.13516,0.00009,0.00006,0.00017,0.00024,0.21348,0.00002
4.19200,0.12794,0.60516,0.00002,0.14474,0.00008,0.00015,0.00019,0.00042,0.24921,0.00003
4.22400,0.12794,0.51822,0.00003,0.15020,0.00008,0.00061,0.00017,0.00064,0.32999,0.00006
4.25600,0.12794,0.45542,0.00004,0.14369,0.00007,0.00173,0.00012,0.00076,0.39808,0.00009
4.28800,0.12794,0.39887,0.00004,0.11082,0.00003,0.00182,0.00006,0.00110,0.48718,0.00008
4.32000,0.12794,0.34200,0.00006,0.06048,0.00002,0.00227,0.00004,0.00253,0.59250,0.00009
4.35200,0.12794,0.33913,0.00010,0.05724,0.00002,0.00249,0.00004,0.00485,0.59600,0.00012
4.38400,0.12794,0.36175,0.00007,0.07951,0.00001,0.00344,0.00006,0.00567,0.54939,0.00011
4.41600,0.12794,0.41856,0.00006,0.08746,0.00001,0.00276,0.00008,0.00560,0.48536,0.00010
4.44800,0.12794,0.49633,0.00004,0.14815,0.00002,0.00238,0.00012,0.00247,0.35040,0.00010
4.48000,0.12794,0.42725,0.00003,0.15139,0.00002,0.00260,0.00009,0.00248,0.41607,0.00008
4.51200,0.12794,0.47621,0.00014,0.13117,0.00008,0.00317,0.00015,0.00444,0.38425,0.00039
4.54400,0.12794,0.49273,0.00043,0.15732,0.00020,0.00602,0.00028,0.00640,0.33541,0.00122
4.57600,0.12794,0.34542,0.00259,0.09998,0.00029,0.00755,0.00025,0.01841,0.52404,0.00146
4.60800,0.12794,0.45773,0.01003,0.10485,0.00073,0.00565,0.00047,0.03681,0.37905,0.00468
4.64000,0.12794,0.52258,0.01967,0.09210,0.00091,0.00451,0.00049,0.04873,0.30425,0.00675
4.67200,0.12794,0.78436,0.05213,0.05416,0.00477,0.00136,0.00071,0.01299,0.04818,0.04133
4.70400,0.12794,0.78068,0.04034,0.04196,0.00704,0.00085,0.00098,0.01106,0.01651,0.10058
4.73600,0.12794,0.77219,0.03001,0.03634,0.00844,0.00058,0.00106,0.00744,0.00904,0.13490
4.76800,0.12794,0.76694,0.02466,0.05104,0.00977,0.00061,0.00133,0.00538,0.00897,0.13131
4.80000,0.12794,0.75303,0.00972,0.12916,0.00219,0.00143,0.00116,0.02134,0.05637,0.02559
4.83200,0.12794,0.73021,0.00807,0.15953,0.00279,0.00124,0.00142,0.01334,0.05614,0.02726
4.86400,0.12794,0.73623,0.00725,0.15630,0.00375,0.00092,0.00177,0.01154,0.05237,0.02987
4.89600,0.12794,0.73756,0.00728,0.16800,0.00259,0.00083,0.00134,0.01120,0.05455,0.01665
4.92800,0.12794,0.73834,0.00991,0.16571,0.00403,0.00098,0.00176,0.00935,0.04869,0.02125
4.96000,0.12794,0.72886,0.00791,0.17596,0.00266,0.00121,0.00125,0.00632,0.06439,0.01145
4.99200,0.12794,0.70419,0.01028,0.17786,0.00248,0.00174,0.00087,0.00355,0.09232,0.00673
5.02400,0.12794,0.73482,0.01158,0.14612,0.00394,0.00182,0.00111,0.00411,0.08431,0.01219
5.05600,0.12794,0.76736,0.01665,0.11792,0.00668,0.00203,0.00124,0.00378,0.05824,0.02610
5.08800,0.12794,0.80607,0.01505,0.08849,0.00567,0.00099,0.00116,0.00765,0.04739,0.02753
5.12000,0.12794,0.78863,0.01499,0.08308,0.00268,0.00080,0.00094,0.02777,0.06517,0.01594
5.15200,0.12794,0.73496,0.01850,0.08947,0.00183,0.00084,0.00082,0.04288,0.10284,0.00786
5.18400,0.12794,0.70699,0.02005,0.09405,0.00147,0.00070,0.00082,0.05026,0.12178,0.00389
5.21600,0.12794,0.70520,0.04124,0.10150,0.00232,0.00111,0.00101,0.04046,0.10147,0.00569
5.24800,0.12794,0.70608,0.05422,0.12228,0.00375,0.00118,0.00137,0.02334,0.08144,0.00633
5.28000,0.12794,0.75154,0.04092,0.12427,0.00506,0.00090,0.00154,0.01305,0.05266,0.01007
5.31200,0.12794,0.74074,0.05475,0.11292,0.00584,0.00094,0.00174,0.01745,0.05279,0.01284
5.34400,0.12794,0.72958,0.08598,0.09837,0.00646,0.00086,0.00172,0.02146,0.04309,0.01248
5.37600,0.12794,0.65596,0.16551,0.07783,0.00915,0.00133,0.00174,0.02525,0.04950,0.01374
5.40800,0.12794,0.57590,0.26564,0.06049,0.00805,0.00140,0.00151,0.03178,0.04434,0.01089
5.44000,0.12794,0.68556,0.15199,0.06660,0.00799,0.00113,0.00155,0.02929,0.04305,0.01282
5.47200,0.12794,0.71802,0.04335,0.11799,0.00475,0.00121,0.00119,0.01091,0.09707,0.00551
5.50400,0.12794,0.72430,0.01263,0.15418,0.00239,0.00080,0.00089,0.00534,0.09559,0.00388
5.53600,0.12794,0.58833,0.00493,0.23223,0.00105,0.00062,0.00074,0.00582,0.16502,0.00126
5.56800,0.12794,0.52985,0.00460,0.21082,0.00043,0.00061,0.00043,0.01175,0.24070,0.00081
5.60000,0.12794,0.49716,0.00643,0.17578,0.00033,0.00075,0.00045,0.03689,0.28114,0.00106
5.63200,0.12794,0.55510,0.00921,0.16149,0.00042,0.00073,0.00055,0.06581,0.20429,0.00240
5.66400,0.12794,0.61855,0.01190,0.13818,0.00063,0.00111,0.00061,0.06325,0.15924,0.00652
5.69600,0.12794,0.53031,0.00634,0.13556,0.00034,0.00135,0.00041,0.04653,0.27642,0.00274
5.72800,0.12794,0.41593,0.00357,0.10939,0.00014,0.00116,0.00022,0.04895,0.41956,0.00109
5.76000,0.12794,0.32588,0.00187,0.09537,0.00009,0.00132,0.00016,0.04179,0.53291,0.00060
5.79200,0.12794,0.24112,0.00126,0.07904,0.00006,0.00150,0.00012,0.03675,0.63983,0.00031
5.82400,0.12794,0.27797,0.00141,0.10001,0.00009,0.00228,0.00016,0.02564,0.59196,0.00049
5.85600,0.12794,0.52794,0.00201,0.15956,0.00077,0.00500,0.00074,0.01424,0.28555,0.00419
5.88800,0.12794,0.54889,0.00177,0.13399,0.00092,0.00527,0.00080,0.01220,0.29221,0.00396
5.92000,0.12794,0.54886,0.00175,0.15676,0.00116,0.00739,0.00094,0.00970,0.26875,0.00469
5.95200,0.12794,0.64126,0.00074,0.20987,0.00169,0.01011,0.00161,0.00355,0.12437,0.00680
5.98400,0.12794,0.57696,0.00020,0.25622,0.00037,0.00730,0.00073,0.00261,0.15402,0.00159
6.01600,0.12794,0.53588,0.00008,0.28643,0.00013,0.00538,0.00039,0.00174,0.16939,0.00057
6.04800,0.12794,0.46270,0.00003,0.23919,0.00003,0.00289,0.00014,0.00170,0.29320,0.00011
6.08000,0.12794,0.31096,0.00004,0.12805,0.00001,0.00102,0.00005,0.00329,0.55655,0.00002
6.11200,0.12794,0.23508,0.00004,0.13554,0.00001,0.00152,0.00005,0.00366,0.62410,0.00001
6.14400,0.12794,0.21952,0.00004,0.13064,0.00000,0.00163,0.00004,0.00626,0.64187,0.00001
6.17600,0.12794,0.37116,0.00012,0.14512,0.00002,0.00314,0.00010,0.00724,0.47303,0.00007
6.20800,0.12794,0.33285,0.00013,0.13510,0.00002,0.00571,0.00011,0.00755,0.51843,0.00010
6.24000,0.12794,0.44309,0.00010,0.12492,0.00003,0.00571,0.00015,0.00658,0.41922,0.00019
6.27200,0.12794,0.52589,0.00008,0.11741,0.00005,0.00469,0.00017,0.00210,0.34944,0.00015
6.30400,0.12794,0.45913,0.00004,0.12928,0.00002,0.00367,0.00013,0.00178,0.40587,0.00008
6.33600,0.12794,0.45961,0.00003,0.12272,0.00002,0.00182,0.00008,0.00086,0.41484,0.00004
6.36800,0.12794,0.40965,0.00007,0.09842,0.00003,0.00169,0.00007,0.00083,0.48919,0.00005
6.40000,0.12794,0.49642,0.00009,0.14056,0.00008,0.00209,0.00014,0.00095,0.35953,0.00013
6.43200,0.12794,0.63259,0.00007,0.20866,0.00029,0.00248,0.00047,0.00035,0.15481,0.00028
6.46400,0.12794,0.66135,0.00004,0.23957,0.00040,0.00301,0.00077,0.00026,0.09422,0.00039
6.49600,0.12794,0.63401,0.00002,0.24967,0.00016,0.00272,0.00049,0.00027,0.11239,0.00027
6.52800,0.12794,0.70034,0.00002,0.16723,0.00010,0.00241,0.00031,0.00045,0.12888,0.00027
6.56000,0.12794,0.68265,0.00002,0.12654,0.00005,0.00247,0.00017,0.00091,0.18697,0.00023
6.59200,0.12794,0.74019,0.00002,0.11793,0.00007,0.00207,0.00025,0.00115,0.13784,0.00048
6.62400,0.12794,0.79676,0.00002,0.11843,0.00014,0.00110,0.00042,0.00072,0.08187,0.00054
6.65600,0.12794,0.71255,0.00001,0.15659,0.00016,0.00054,0.00049,0.00049,0.12899,0.00019
6.68800,0.12794,0.76899,0.00001,0.13738,0.00021,0.00017,0.00060,0.00024,0.09226,0.00013
6.72000,0.12794,0.76576,0.00001,0.10700,0.00017,0.00007,0.00047,0.00022,0.12624,0.00006
6.75200,0.12794,0.70984,0.00001,0.09601,0.00015,0.00008,0.00033,0.00035,0.19318,0.00004
6.78400,0.12794,0.67093,0.00002,0.08286,0.00012,0.00007,0.00026,0.00035,0.24537,0.00002
6.81600,0.12794,0.59983,0.00003,0.08396,0.00010,0.00008,0.00017,0.00038,0.31544,0.00002
6.84800,0.12794,0.56921,0.00004,0.09251,0.00009,0.00009,0.00013,0.00029,0.33764,0.00001
6.88000,0.12794,0.57269,0.00003,0.09189,0.00010,0.00008,0.00013,0.00020,0.33486,0.00001
6.91200,0.12794,0.77559,0.00016,0.06761,0.00037,0.00016,0.00018,0.00021,0.15562,0.00011
6.94400,0.12794,0.81653,0.00062,0.05900,0.00118,0.00033,0.00030,0.00029,0.12121,0.00054
6.97600,0.12794,0.82188,0.00141,0.04948,0.00260,0.00064,0.00049,0.00045,0.12184,0.00121
7.00800,0.12794,0.87054,0.00191,0.04013,0.00311,0.00063,0.00043,0.00037,0.08022,0.00267
7.04000,0.12794,0.79479,0.00122,0.05389,0.00227,0.00050,0.00051,0.00039,0.14552,0.00090
7.07200,0.12794,0.63446,0.00091,0.05919,0.00080,0.00040,0.00030,0.00044,0.30336,0.00014
7.10400,0.12794,0.50406,0.00108,0.06155,0.00048,0.00028,0.00021,0.00045,0.43184,0.00005
7.13600,0.12794,0.25117,0.00089,0.04347,0.00011,0.00012,0.00008,0.00048,0.70368,0.00001
7.16800,0.12794,0.05746,0.00029,0.01578,0.00001,0.00004,0.00001,0.00046,0.92595,0.00000
7.20000,0.12794,0.01609,0.00010,0.00495,0.00000,0.00001,0.00000,0.00025,0.97859,0.00000
7.23200,0.12794,0.00797,0.00004,0.00271,0.00000,0.00000,0.00000,0.00020,0.98908,0.00000
7.26400,0.12794,0.00462,0.00003,0.00157,0.00000,0.00000,0.00000,0.00017,0.99361,0.00000
7.29600,0.12794,0.00431,0.00002,0.00145,0.00000,0.00000,0.00000,0.00012,0.99409,0.00000
7.32800,0.12794,0.00836,0.00005,0.00305,0.00000,0.00000,0.00000,0.00020,0.98833,0.00000
7.36000,0.12794,0.00884,0.00012,0.00369,0.00000,0.00000,0.00000,0.00022,0.98713,0.00000
7.39200,0.12794,0.01250,0.00025,0.00629,0.00000,0.00001,0.00000,0.00026,0.98070,0.00000
7.42400,0.12794,0.01348,0.00045,0.00898,0.00000,0.00001,0.00000,0.00040,0.97668,0.00000
7.45600,0.12794,0.02106,0.00103,0.01573,0.00000,0.00002,0.00000,0.00088,0.96127,0.00000
7.48800,0.12794,0.02964,0.00142,0.02464,0.00000,0.00003,0.00001,0.00106,0.94320,0.00000
7.52000,0.12794,0.03805,0.00241,0.03345,0.00001,0.00006,0.00001,0.00201,0.92399,0.00000
7.55200,0.12794,0.05509,0.00336,0.05069,0.00001,0.00012,0.00002,0.00310,0.88760,0.00000
7.58400,0.12794,0.06702,0.00577,0.05781,0.00002,0.00021,0.00003,0.00508,0.86407,0.00000
7.61600,0.12794,0.08635,0.00832,0.07484,0.00003,0.00043,0.00004,0.01005,0.81994,0.00001
7.64800,0.12794,0.07555,0.00826,0.08269,0.00004,0.00065,0.00005,0.01071,0.82205,0.00001
7.68000,0.12794,0.07301,0.00766,0.08133,0.00004,0.00094,0.00005,0.01279,0.82416,0.00001
7.71200,0.12794,0.07786,0.00660,0.10376,0.00005,0.00173,0.00007,0.01429,0.79562,0.00002
7.74400,0.12794,0.08075,0.00489,0.11641,0.00006,0.00286,0.00008,0.01866,0.77625,0.00004
7.77600,0.12794,0.10831,0.00374,0.11347,0.00006,0.00497,0.00009,0.03239,0.73687,0.00010
7.80800,0.12794,0.14395,0.00440,0.13129,0.00012,0.00888,0.00014,0.03760,0.67335,0.00027
7.84000,0.12794,0.12716,0.00212,0.09942,0.00005,0.00776,0.00006,0.03090,0.73241,0.00012
7.87200,0.12794,0.13121,0.00136,0.09906,0.00004,0.00872,0.00006,0.02014,0.73932,0.00010
7.90400,0.12794,0.09625,0.00090,0.07275,0.00002,0.00506,0.00003,0.01068,0.81428,0.00004
7.93600,0.12794,0.07036,0.00028,0.05743,0.00001,0.00278,0.00001,0.00619,0.86294,0.00001
7.96800,0.12794,0.07893,0.00041,0.08551,0.00001,0.00192,0.00002,0.00560,0.82759,0.00001
8.00000,0.12794,0.08428,0.00067,0.08574,0.00001,0.00120,0.00002,0.00891,0.81916,0.00001
8.03200,0.12794,0.07724,0.00064,0.11071,0.00001,0.00042,0.00001,0.00714,0.80382,0.00000
8.06400,0.12794,0.07650,0.00099,0.15209,0.00001,0.00023,0.00002,0.00909,0.76107,0.00000
8.09600,0.12794,0.16790,0.00139,0.14327,0.00004,0.00058,0.00008,0.01265,0.67407,0.00003
8.12800,0.12794,0.14416,0.00088,0.13034,0.00003,0.00058,0.00005,0.00695,0.71699,0.00002
8.16000,0.12794,0.21129,0.00120,0.13900,0.00010,0.00316,0.00014,0.01243,0.63255,0.00013
8.19200,0.12794,0.25065,0.00129,0.13039,0.00019,0.00891,0.00022,0.01521,0.59273,0.00042
8.22400,0.12794,0.14449,0.00076,0.13495,0.00004,0.00500,0.00006,0.01023,0.70438,0.00007
8.25600,0.12794,0.16988,0.00103,0.15488,0.00007,0.00774,0.00010,0.01482,0.65133,0.00016
8.28800,0.12794,0.21333,0.00155,0.20356,0.00016,0.00859,0.00019,0.01250,0.55980,0.00032
8.32000,0.12794,0.27240,0.00259,0.26158,0.00021,0.00599,0.00030,0.01653,0.43997,0.00043
8.35200,0.12794,0.27546,0.00532,0.28314,0.00032,0.00575,0.00044,0.02386,0.40519,0.00053
8.38400,0.12794,0.20252,0.00750,0.32027,0.00015,0.00268,0.00021,0.02073,0.44580,0.00014
8.41600,0.12794,0.24618,0.01617,0.29195,0.00031,0.00234,0.00031,0.02047,0.42210,0.00017
8.44800,0.12794,0.22059,0.02064,0.22463,0.00031,0.00191,0.00022,0.01343,0.51817,0.00010
8.48000,0.12794,0.21003,0.00918,0.19650,0.00019,0.00152,0.00011,0.00540,0.57703,0.00006
8.51200,0.12794,0.29909,0.00820,0.16238,0.00049,0.00307,0.00022,0.00496,0.52136,0.00022
8.54400,0.12794,0.28636,0.00381,0.15209,0.00023,0.00233,0.00018,0.00840,0.54640,0.00020
8.57600,0.12794,0.26186,0.00293,0.11446,0.00012,0.00179,0.00014,0.01685,0.60172,0.00014
8.60800,0.12794,0.25745,0.01202,0.17838,0.00024,0.00204,0.00028,0.03703,0.51238,0.00019
8.64000,0.12794,0.16002,0.01826,0.18942,0.00010,0.00075,0.00013,0.02497,0.60632,0.00003
8.67200,0.12794,0.07405,0.01043,0.10330,0.00002,0.00022,0.00003,0.00728,0.80467,0.00000
8.70400,0.12794,0.05001,0.00465,0.06432,0.00001,0.00009,0.00001,0.00136,0.87954,0.00000
8.73600,0.12794,0.05669,0.00064,0.02976,0.00001,0.00004,0.00001,0.00051,0.91235,0.00000
8.76800,0.12794,0.09489,0.00016,0.02345,0.00001,0.00002,0.00001,0.00040,0.88106,0.00000
8.80000,0.12794,0.20390,0.00006,0.03694,0.00001,0.00002,0.00002,0.00058,0.75847,0.00000
8.83200,0.12794,0.37833,0.00003,0.05933,0.00002,0.00003,0.00005,0.00078,0.56144,0.00000
8.86400,0.12794,0.45574,0.00002,0.09179,0.00002,0.00005,0.00008,0.00118,0.45113,0.00001
8.89600,0.12794,0.30850,0.00002,0.07502,0.00001,0.00006,0.00004,0.00283,0.61353,0.00001
8.92800,0.12794,0.24448,0.00002,0.06785,0.00000,0.00007,0.00002,0.00250,0.68505,0.00000
8.96000,0.12794,0.19965,0.00004,0.06040,0.00001,0.00020,0.00003,0.00796,0.73171,0.00001
8.99200,0.12794,0.08319,0.00002,0.02649,0.00000,0.00010,0.00000,0.00756,0.88263,0.00000
9.02400,0.12794,0.21398,0.00009,0.04955,0.00001,0.00028,0.00002,0.01156,0.72450,0.00001
9.05600,0.12794,0.19689,0.00011,0.04082,0.00000,0.00040,0.00002,0.01264,0.74910,0.00001
9.08800,0.12794,0.21035,0.00006,0.03517,0.00000,0.00024,0.00001,0.01095,0.74321,0.00001
9.12000,0.12794,0.21760,0.00010,0.02842,0.00000,0.00022,0.00001,0.01612,0.73751,0.00002
9.15200,0.12794,0.12381,0.00008,0.02355,0.00000,0.00019,0.00001,0.02656,0.82579,0.00001
9.18400,0.12794,0.16158,0.00035,0.03038,0.00000,0.00022,0.00002,0.07409,0.73333,0.00003
9.21600,0.12794,0.12381,0.00049,0.02802,0.00000,0.00014,0.00001,0.06453,0.78298,0.00001
9.24800,0.12794,0.09418,0.00094,0.02042,0.00000,0.00011,0.00001,0.06741,0.81692,0.00000
9.28000,0.12794,0.07526,0.00101,0.01753,0.00000,0.00009,0.00001,0.04886,0.85725,0.00000
9.31200,0.12794,0.06021,0.00061,0.01535,0.00000,0.00007,0.00000,0.02714,0.89662,0.00000
9.34400,0.12794,0.04639,0.00042,0.01282,0.00000,0.00007,0.00000,0.01729,0.92299,0.00000
9.37600,0.12794,0.06383,0.00082,0.01986,0.00000,0.00014,0.00001,0.02334,0.89201,0.00000
9.40800,0.12794,0.04845,0.00047,0.01625,0.00000,0.00013,0.00000,0.01019,0.92450,0.00000
9.44000,0.12794,0.02656,0.00037,0.01104,0.00000,0.00010,0.00000,0.00701,0.95491,0.00000
9.47200,0.12794,0.04612,0.00169,0.01914,0.00001,0.00025,0.00001,0.00909,0.92370,0.00000
9.50400,0.12794,0.04771,0.00097,0.01848,0.00000,0.00025,0.00001,0.00660,0.92598,0.00000
9.53600,0.12794,0.06185,0.00110,0.02048,0.00001,0.00022,0.00001,0.01817,0.89815,0.00000
9.56800,0.12794,0.07829,0.00111,0.01962,0.00001,0.00019,0.00002,0.03418,0.86658,0.00000
9.60000,0.12794,0.07514,0.00108,0.01801,0.00000,0.00017,0.00002,0.06091,0.84467,0.00000
9.63200,0.12794,0.06752,0.00120,0.01595,0.00000,0.00013,0.00002,0.06073,0.85446,0.00000
9.66400,0.12794,0.09666,0.00353,0.01734,0.00001,0.00022,0.00003,0.08752,0.79467,0.00000
9.69600,0.12794,0.10847,0.00451,0.01789,0.00002,0.00030,0.00004,0.11237,0.75640,0.00001
9.72800,0.12794,0.11797,0.00395,0.01668,0.00001,0.00025,0.00004,0.12838,0.73271,0.00001
9.76000,0.12794,0.14015,0.00356,0.01949,0.00001,0.00023,0.00007,0.29396,0.54253,0.00001
9.79200,0.12794,0.13503,0.00183,0.02347,0.00001,0.00016,0.00006,0.25256,0.58688,0.00001
9.82400,0.12794,0.19053,0.00298,0.03260,0.00001,0.00016,0.00009,0.29026,0.48336,0.00001
9.85600,0.12794,0.24919,0.00202,0.05149,0.00001,0.00015,0.00009,0.15232,0.54471,0.00001
9.88800,0.12794,0.23158,0.00281,0.04997,0.00002,0.00023,0.00008,0.05576,0.65954,0.00001
9.92000,0.12794,0.29715,0.00634,0.06258,0.00007,0.00052,0.00011,0.02375,0.60946,0.00002
9.95200,0.12794,0.29441,0.01418,0.05905,0.00018,0.00096,0.00010,0.00778,0.62329,0.00005
9.98400,0.12794,0.31904,0.04470,0.05689,0.00045,0.00221,0.00012,0.00715,0.56930,0.00014
10.01600,0.12794,0.36777,0.07857,0.05560,0.00069,0.00252,0.00016,0.00873,0.48569,0.00027
10.04800,0.12794,0.32959,0.07674,0.05158,0.00055,0.00240,0.00014,0.01552,0.52324,0.00024
10.08000,0.12794,0.25304,0.03239,0.04595,0.00022,0.00134,0.00011,0.02294,0.64393,0.00009
10.11200,0.12794,0.23708,0.02010,0.03699,0.00011,0.00074,0.00011,0.05770,0.64713,0.00005
10.14400,0.12794,0.15968,0.00984,0.02339,0.00004,0.00040,0.00006,0.09199,0.71460,0.00001
10.17600,0.12794,0.09470,0.00330,0.01411,0.00001,0.00020,0.00002,0.08714,0.80051,0.00000
10.20800,0.12794,0.09593,0.00276,0.01505,0.00001,0.00020,0.00003,0.08509,0.80093,0.00000
10.24000,0.12794,0.05859,0.00088,0.01010,0.00000,0.00011,0.00001,0.04548,0.88483,0.00000
10.27200,0.12794,0.03962,0.00053,0.01024,0.00000,0.00011,0.00000,0.01634,0.93315,0.00000
10.30400,0.12794,0.03686,0.00047,0.01167,0.00000,0.00009,0.00000,0.00755,0.94335,0.00000
10.33600,0.12794,0.02512,0.00045,0.00924,0.00000,0.00010,0.00000,0.00401,0.96107,0.00000
10.36800,0.12794,0.02473,0.00079,0.01091,0.00000,0.00014,0.00000,0.00242,0.96101,0.00000
10.40000,0.12794,0.02568,0.00063,0.00904,0.00000,0.00009,0.00000,0.00352,0.96105,0.00000
10.43200,0.12794,0.04911,0.00143,0.01891,0.00000,0.00018,0.00001,0.00719,0.92318,0.00000
10.46400,0.12794,0.04513,0.00072,0.01739,0.00000,0.00010,0.00000,0.01096,0.92570,0.00000
10.49600,0.12794,0.04068,0.00023,0.01710,0.00000,0.00005,0.00000,0.01177,0.93016,0.00000
10.52800,0.12794,0.05736,0.00020,0.03194,0.00000,0.00007,0.00000,0.01436,0.89606,0.00000
10.56000,0.12794,0.06605,0.00016,0.03466,0.00000,0.00005,0.00000,0.01463,0.88445,0.00000
10.59200,0.12794,0.15270,0.00070,0.07844,0.00001,0.00016,0.00002,0.02470,0.74326,0.00001
10.62400,0.12794,0.23625,0.00086,0.12029,0.00003,0.00044,0.00007,0.01853,0.62349,0.00003
10.65600,0.12794,0.30712,0.00112,0.10888,0.00004,0.00051,0.00009,0.02046,0.56169,0.00008
10.68800,0.12794,0.24993,0.00036,0.06749,0.00001,0.00035,0.00003,0.01437,0.66743,0.00003
10.72000,0.12794,0.18670,0.00010,0.04566,0.00000,0.00016,0.00001,0.00535,0.76201,0.00001
10.75200,0.12794,0.22936,0.00013,0.05080,0.00001,0.00016,0.00002,0.00414,0.71537,0.00001
10.78400,0.12794,0.23171,0.00007,0.05823,0.00000,0.00014,0.00001,0.00423,0.70558,0.00001
10.81600,0.12794,0.16870,0.00003,0.04415,0.00000,0.00008,0.00001,0.00393,0.78309,0.00000
10.84800,0.12794,0.08337,0.00001,0.01922,0.00000,0.00002,0.00000,0.01128,0.88611,0.00000
10.88000,0.12794,0.04207,0.00000,0.00992,0.00000,0.00001,0.00000,0.00939,0.93861,0.00000
10.91200,0.12794,0.02621,0.00000,0.00580,0.00000,0.00001,0.00000,0.00374,0.96425,0.00000
10.94400,0.12794,0.03593,0.00000,0.00734,0.00000,0.00001,0.00000,0.00629,0.95041,0.00000
10.97600,0.12794,0.06551,0.00001,0.01339,0.00000,0.00007,0.00000,0.00835,0.91268,0.00000
11.00800,0.12794,0.06734,0.00001,0.01239,0.00000,0.00006,0.00000,0.01326,0.90693,0.00000
11.04000,0.12794,0.06610,0.00001,0.01203,0.00000,0.00004,0.00000,0.01907,0.90274,0.00000
11.07200,0.12794,0.08071,0.00001,0.01633,0.00000,0.00004,0.00000,0.01112,0.89179,0.00000
11.10400,0.12794,0.09912,0.00000,0.02160,0.00000,0.00002,0.00000,0.00322,0.87603,0.00000
11.13600,0.12794,0.11812,0.00000,0.02478,0.00000,0.00003,0.00000,0.00230,0.85477,0.00000
11.16800,0.12794,0.17537,0.00000,0.03457,0.00000,0.00002,0.00000,0.00156,0.78846,0.00000
11.20000,0.12794,0.19299,0.00000,0.03530,0.00000,0.00002,0.00001,0.00119,0.77049,0.00000
11.23200,0.12794,0.28022,0.00001,0.04507,0.00000,0.00002,0.00001,0.00130,0.67337,0.00000
11.26400,0.12794,0.36742,0.00001,0.06145,0.00001,0.00003,0.00003,0.00139,0.56965,0.00000
11.29600,0.12794,0.42324,0.00002,0.07153,0.00002,0.00005,0.00006,0.00165,0.50342,0.00001
11.32800,0.12794,0.50307,0.00002,0.08441,0.00004,0.00006,0.00015,0.00203,0.41018,0.00003
11.36000,0.12794,0.52471,0.00002,0.08269,0.00005,0.00005,0.00016,0.00145,0.39085,0.00002
11.39200,0.12794,0.61526,0.00001,0.08966,0.00005,0.00003,0.00020,0.00101,0.29375,0.00002
11.42400,0.12794,0.58847,0.00001,0.07846,0.00003,0.00002,0.00014,0.00095,0.33192,0.00001
11.45600,0.12794,0.64644,0.00001,0.09032,0.00003,0.00001,0.00015,0.00060,0.26243,0.00001
11.48800,0.12794,0.59623,0.00001,0.08102,0.00002,0.00001,0.00012,0.00070,0.32187,0.00001
11.52000,0.12794,0.56501,0.00002,0.07741,0.00002,0.00002,0.00010,0.00062,0.35680,0.00001
11.55200,0.12794,0.61756,0.00002,0.08534,0.00004,0.00002,0.00012,0.00031,0.29657,0.00001
11.58400,0.12794,0.60521,0.00002,0.07652,0.00004,0.00001,0.00010,0.00022,0.31787,0.00001
11.61600,0.12794,0.58967,0.00002,0.07817,0.00004,0.00001,0.00008,0.00014,0.33185,0.00000
11.64800,0.12794,0.47492,0.00003,0.06567,0.00002,0.00001,0.00005,0.00013,0.45917,0.00000
11.68000,0.12794,0.35838,0.00003,0.06103,0.00001,0.00001,0.00003,0.00021,0.58029,0.00000
11.71200,0.12794,0.17914,0.00003,0.03301,0.00000,0.00001,0.00001,0.00027,0.78753,0.00000
11.74400,0.12794,0.11381,0.00003,0.02133,0.00000,0.00001,0.00001,0.00035,0.86446,0.00000
11.77600,0.12794,0.07257,0.00003,0.01391,0.00000,0.00001,0.00000,0.00034,0.91314,0.00000
11.80800,0.12794,0.03898,0.00003,0.00710,0.00000,0.00000,0.00000,0.00032,0.95357,0.00000
11.84000,0.12794,0.02443,0.00002,0.00502,0.00000,0.00000,0.00000,0.00026,0.97026,0.00000
11.87200,0.12794,0.01959,0.00002,0.00382,0.00000,0.00000,0.00000,0.00022,0.97636,0.00000
11.90400,0.12794,0.01471,0.00002,0.00338,0.00000,0.00000,0.00000,0.00020,0.98168,0.00000
11.93600,0.12794,0.01396,0.00002,0.00360,0.00000,0.00000,0.00000,0.00019,0.98222,0.00000
11.96800,0.12794,0.01153,0.00002,0.00320,0.00000,0.00000,0.00000,0.00016,0.98508,0.00000
12.00000,0.12794,0.01029,0.00003,0.00400,0.00000,0.00000,0.00000,0.00013,0.98555,0.00000
12.03200,0.12794,0.01382,0.00005,0.00701,0.00000,0.00000,0.00000,0.00012,0.97900,0.00000
12.06400,0.12794,0.01989,0.00013,0.01741,0.00000,0.00001,0.00000,0.00013,0.96242,0.00000
12.09600,0.12794,0.03668,0.00063,0.05890,0.00000,0.00003,0.00000,0.00017,0.90358,0.00000
12.12800,0.12794,0.04918,0.00309,0.15432,0.00001,0.00007,0.00001,0.00020,0.79311,0.00000
12.16000,0.12794,0.05788,0.00798,0.28939,0.00003,0.00015,0.00002,0.00021,0.64434,0.00000
12.19200,0.12794,0.05476,0.01322,0.41212,0.00004,0.00014,0.00002,0.00021,0.51948,0.00000
12.22400,0.12794,0.04899,0.01362,0.47870,0.00004,0.00016,0.00002,0.00021,0.45827,0.00000
12.25600,0.12794,0.04753,0.01133,0.56703,0.00003,0.00016,0.00002,0.00024,0.37366,0.00000
12.28800,0.12794,0.04039,0.01722,0.69242,0.00004,0.00015,0.00002,0.00021,0.24954,0.00000
12.32000,0.12794,0.03490,0.01773,0.71847,0.00004,0.00014,0.00002,0.00024,0.22847,0.00000
12.35200,0.12794,0.03411,0.01765,0.74723,0.00003,0.00012,0.00002,0.00028,0.20056,0.00000
12.38400,0.12794,0.03331,0.01212,0.59691,0.00001,0.00011,0.00001,0.00058,0.35695,0.00000
12.41600,0.12794,0.03800,0.00654,0.49423,0.00001,0.00008,0.00001,0.00120,0.45993,0.00000
12.44800,0.12794,0.04104,0.00364,0.36147,0.00000,0.00009,0.00001,0.00241,0.59135,0.00000
12.48000,0.12794,0.04151,0.00227,0.23398,0.00000,0.00011,0.00001,0.00377,0.71836,0.00000
12.51200,0.12794,0.07474,0.00325,0.27836,0.00001,0.00015,0.00001,0.00451,0.63897,0.00000
12.54400,0.12794,0.07045,0.00254,0.18445,0.00001,0.00017,0.00001,0.00494,0.73744,0.00000
12.57600,0.12794,0.08253,0.00315,0.21388,0.00001,0.00017,0.00001,0.00578,0.69446,0.00000
12.60800,0.12794,0.08079,0.00315,0.21639,0.00001,0.00012,0.00001,0.00622,0.69331,0.00000
12.64000,0.12794,0.11424,0.00500,0.17213,0.00001,0.00019,0.00002,0.02312,0.68529,0.00000
12.67200,0.12794,0.15696,0.00822,0.17280,0.00001,0.00023,0.00003,0.05759,0.60415,0.00001
12.70400,0.12794,0.31453,0.01279,0.13761,0.00008,0.00072,0.00013,0.08294,0.45105,0.00014
12.73600,0.12794,0.52833,0.02210,0.09634,0.00051,0.00168,0.00058,0.13848,0.20952,0.00247
12.76800,0.12794,0.47184,0.02429,0.16531,0.00055,0.00177,0.00090,0.16618,0.16739,0.00177
12.80000,0.12794,0.57660,0.01722,0.15294,0.00220,0.00282,0.00302,0.13262,0.10562,0.00696
12.83200,0.12794,0.51429,0.01288,0.18376,0.00103,0.00189,0.00208,0.15380,0.12761,0.00266
12.86400,0.12794,0.41421,0.00792,0.22040,0.00037,0.00133,0.00111,0.14708,0.20691,0.00068
12.89600,0.12794,0.45742,0.00351,0.15139,0.00049,0.00134,0.00097,0.06508,0.31897,0.00083
12.92800,0.12794,0.38982,0.00292,0.15638,0.00024,0.00116,0.00043,0.04860,0.39995,0.00050
12.96000,0.12794,0.41046,0.00277,0.17670,0.00032,0.00154,0.00051,0.03827,0.36871,0.00072
12.99200,0.12794,0.43266,0.00300,0.19090,0.00058,0.00261,0.00084,0.04377,0.32431,0.00134
13.02400,0.12794,0.39003,0.00278,0.19076,0.00037,0.00266,0.00052,0.03010,0.38201,0.00077
13.05600,0.12794,0.36747,0.00266,0.20395,0.00047,0.00379,0.00060,0.02234,0.39797,0.00076
13.08800,0.12794,0.29018,0.00242,0.18746,0.00021,0.00344,0.00031,0.02401,0.49162,0.00036
13.12000,0.12794,0.30808,0.00309,0.18474,0.00032,0.00352,0.00028,0.01089,0.48870,0.00038
13.15200,0.12794,0.31692,0.00385,0.18919,0.00043,0.00485,0.00034,0.01307,0.47068,0.00066
13.18400,0.12794,0.29989,0.00386,0.16079,0.00031,0.00502,0.00029,0.01855,0.51058,0.00070
