Time (seconds), Duration (seconds),pred_unlabeled,pred_down,pred_bottom left,pred_bottom right,pred_left,pred_right,pred_top,pred_top left,pred_top right
0.00000,0.12794,0.99232,0.00000,0.00001,0.00034,0.00000,0.00731,0.00000,0.00000,0.00003
0.03200,0.12794,0.99097,0.00000,0.00004,0.00124,0.00000,0.00704,0.00000,0.00000,0.00071
0.06400,0.12794,0.96590,0.00002,0.00011,0.00513,0.00000,0.00616,0.00008,0.00000,0.02260
0.09600,0.12794,0.59167,0.00021,0.00023,0.01982,0.00000,0.00526,0.00067,0.00001,0.38212
0.12800,0.12794,0.06958,0.00048,0.00007,0.01374,0.00000,0.00088,0.00101,0.00001,0.91424
0.16000,0.12794,0.06200,0.00064,0.00004,0.01680,0.00000,0.00073,0.00052,0.00000,0.91927
0.19200,0.12794,0.06774,0.00088,0.00003,0.01693,0.00000,0.00076,0.00048,0.00000,0.91317
0.22400,0.12794,0.05923,0.00141,0.00002,0.00934,0.00000,0.00038,0.00044,0.00000,0.92917
0.25600,0.12794,0.05874,0.00144,0.00002,0.00579,0.00000,0.00027,0.00051,0.00000,0.93322
0.28800,0.12794,0.05413,0.00187,0.00004,0.00302,0.00000,0.00018,0.00083,0.00000,0.93993
0.32000,0.12794,0.07303,0.00144,0.00008,0.00515,0.00000,0.00040,0.00131,0.00001,0.91857
0.35200,0.12794,0.08451,0.00111,0.00012,0.00779,0.00001,0.00067,0.00138,0.00001,0.90440
0.38400,0.12794,0.07670,0.00103,0.00012,0.00798,0.00001,0.00066,0.00151,0.00001,0.91197
0.41600,0.12794,0.09090,0.00117,0.00012,0.01052,0.00001,0.00075,0.00128,0.00001,0.89524
0.44800,0.12794,0.08939,0.00117,0.00011,0.01049,0.00001,0.00073,0.00132,0.00001,0.89677
0.48000,0.12794,0.13260,0.00117,0.00020,0.01298,0.00001,0.00127,0.00246,0.00003,0.84929
0.51200,0.12794,0.11841,0.00115,0.00015,0.01028,0.00001,0.00099,0.00209,0.00002,0.86691
0.54400,0.12794,0.13632,0.00089,0.00025,0.01292,0.00001,0.00170,0.00387,0.00005,0.84398
0.57600,0.12794,0.08208,0.00116,0.00009,0.00530,0.00001,0.00048,0.00182,0.00001,0.90905
0.60800,0.12794,0.05077,0.00211,0.00004,0.00281,0.00000,0.00015,0.00131,0.00000,0.94280
0.64000,0.12794,0.04628,0.00217,0.00003,0.00266,0.00000,0.00012,0.00109,0.00000,0.94765
0.67200,0.12794,0.02961,0.00139,0.00001,0.00186,0.00000,0.00006,0.00047,0.00000,0.96659
0.70400,0.12794,0.02921,0.00217,0.00002,0.00103,0.00000,0.00003,0.00103,0.00000,0.96650
0.73600,0.12794,0.02518,0.00166,0.00002,0.00083,0.00000,0.00003,0.00119,0.00000,0.97109
0.76800,0.12794,0.02135,0.00119,0.00002,0.00062,0.00000,0.00002,0.00111,0.00000,0.97569
0.80000,0.12794,0.02173,0.00167,0.00002,0.00058,0.00000,0.00002,0.00146,0.00000,0.97450
0.83200,0.12794,0.02702,0.00064,0.00003,0.00180,0.00000,0.00007,0.00082,0.00000,0.96962
0.86400,0.12794,0.03337,0.00051,0.00004,0.00310,0.00000,0.00014,0.00079,0.00000,0.96203
0.89600,0.12794,0.04658,0.00045,0.00005,0.00680,0.00000,0.00037,0.00083,0.00000,0.94491
0.92800,0.12794,0.05568,0.00042,0.00006,0.00989,0.00000,0.00058,0.00093,0.00001,0.93243
0.96000,0.12794,0.05307,0.00066,0.00009,0.00667,0.00000,0.00039,0.00148,0.00001,0.93763
0.99200,0.12794,0.05536,0.00113,0.00011,0.00308,0.00000,0.00022,0.00345,0.00001,0.93665
1.02400,0.12794,0.04978,0.00230,0.00013,0.00117,0.00000,0.00009,0.00755,0.00001,0.93896
1.05600,0.12794,0.05593,0.00420,0.00016,0.00054,0.00000,0.00006,0.01975,0.00001,0.91935
1.08800,0.12794,0.05390,0.00527,0.00014,0.00033,0.00000,0.00004,0.02393,0.00001,0.91638
1.12000,0.12794,0.05677,0.00543,0.00015,0.00044,0.00000,0.00005,0.01684,0.00001,0.92031
1.15200,0.12794,0.04067,0.00534,0.00010,0.00043,0.00000,0.00003,0.00496,0.00000,0.94846
1.18400,0.12794,0.03353,0.00595,0.00009,0.00050,0.00000,0.00002,0.00219,0.00000,0.95771
1.21600,0.12794,0.02832,0.00621,0.00008,0.00073,0.00000,0.00002,0.00088,0.00000,0.96376
1.24800,0.12794,0.02197,0.00585,0.00006,0.00075,0.00000,0.00002,0.00062,0.00000,0.97073
1.28000,0.12794,0.03089,0.00318,0.00005,0.00113,0.00000,0.00004,0.00056,0.00000,0.96415
1.31200,0.12794,0.01589,0.00195,0.00002,0.00082,0.00000,0.00002,0.00025,0.00000,0.98105
1.34400,0.12794,0.01712,0.00390,0.00003,0.00066,0.00000,0.00002,0.00059,0.00000,0.97767
1.37600,0.12794,0.01337,0.00454,0.00002,0.00068,0.00000,0.00001,0.00031,0.00000,0.98107
1.40800,0.12794,0.01589,0.00813,0.00003,0.00101,0.00000,0.00003,0.00057,0.00000,0.97434
1.44000,0.12794,0.03963,0.01451,0.00010,0.00189,0.00000,0.00006,0.00192,0.00000,0.94189
1.47200,0.12794,0.05498,0.01732,0.00009,0.00200,0.00000,0.00006,0.00130,0.00000,0.92425
1.50400,0.12794,0.10225,0.02182,0.00026,0.00135,0.00001,0.00008,0.00530,0.00001,0.86893
1.53600,0.12794,0.14152,0.04916,0.00056,0.00068,0.00002,0.00005,0.02299,0.00006,0.78495
1.56800,0.12794,0.19337,0.11321,0.00085,0.00059,0.00005,0.00006,0.03708,0.00008,0.65471
1.60000,0.12794,0.30605,0.09209,0.00286,0.00030,0.00021,0.00010,0.38395,0.00102,0.21342
1.63200,0.12794,0.23456,0.05404,0.00294,0.00014,0.00024,0.00008,0.64402,0.00185,0.06214
1.66400,0.12794,0.35680,0.09785,0.00372,0.00024,0.00023,0.00010,0.43833,0.00140,0.10131
1.69600,0.12794,0.41463,0.09114,0.00389,0.00032,0.00017,0.00009,0.34750,0.00140,0.14087
1.72800,0.12794,0.30845,0.09039,0.00195,0.00176,0.00005,0.00016,0.03021,0.00018,0.56685
1.76000,0.12794,0.15110,0.03737,0.00063,0.00479,0.00001,0.00016,0.00151,0.00002,0.80442
1.79200,0.12794,0.09842,0.01096,0.00043,0.00948,0.00001,0.00028,0.00049,0.00001,0.87992
1.82400,0.12794,0.06180,0.00391,0.00031,0.01966,0.00000,0.00048,0.00011,0.00000,0.91371
1.85600,0.12794,0.05739,0.00371,0.00034,0.01660,0.00000,0.00050,0.00017,0.00000,0.92128
1.88800,0.12794,0.04241,0.00219,0.00015,0.01354,0.00000,0.00034,0.00009,0.00000,0.94127
1.92000,0.12794,0.04612,0.00123,0.00010,0.01589,0.00000,0.00044,0.00006,0.00000,0.93615
1.95200,0.12794,0.05161,0.00051,0.00009,0.01623,0.00000,0.00089,0.00006,0.00000,0.93061
1.98400,0.12794,0.07008,0.00012,0.00007,0.03406,0.00000,0.00285,0.00003,0.00000,0.89279
2.01600,0.12794,0.09501,0.00005,0.00011,0.06516,0.00000,0.01182,0.00003,0.00000,0.82782
2.04800,0.12794,0.11171,0.00003,0.00009,0.11288,0.00000,0.02253,0.00003,0.00000,0.75273
2.08000,0.12794,0.13663,0.00001,0.00006,0.23862,0.00000,0.04809,0.00002,0.00000,0.57656
2.11200,0.12794,0.12639,0.00001,0.00005,0.35329,0.00000,0.05884,0.00002,0.00000,0.46141
2.14400,0.12794,0.11207,0.00001,0.00005,0.30220,0.00000,0.03118,0.00003,0.00000,0.55446
2.17600,0.12794,0.08553,0.00002,0.00004,0.17434,0.00000,0.01145,0.00004,0.00000,0.72857
2.20800,0.12794,0.05672,0.00010,0.00003,0.05652,0.00000,0.00213,0.00007,0.00000,0.88444
2.24000,0.12794,0.04251,0.00022,0.00002,0.02573,0.00000,0.00066,0.00009,0.00000,0.93076
2.27200,0.12794,0.06231,0.00017,0.00003,0.04789,0.00000,0.00155,0.00009,0.00000,0.88796
2.30400,0.12794,0.06394,0.00020,0.00004,0.04341,0.00000,0.00146,0.00010,0.00000,0.89086
2.33600,0.12794,0.08032,0.00011,0.00006,0.08132,0.00000,0.00386,0.00009,0.00000,0.83424
2.36800,0.12794,0.08826,0.00007,0.00007,0.08690,0.00000,0.00535,0.00010,0.00000,0.81926
2.40000,0.12794,0.07458,0.00008,0.00009,0.05200,0.00000,0.00319,0.00014,0.00000,0.86993
2.43200,0.12794,0.09196,0.00007,0.00013,0.07201,0.00000,0.00544,0.00017,0.00001,0.83022
2.46400,0.12794,0.07094,0.00008,0.00011,0.03475,0.00000,0.00213,0.00021,0.00001,0.89178
2.49600,0.12794,0.05778,0.00015,0.00011,0.01628,0.00000,0.00090,0.00032,0.00001,0.92446
2.52800,0.12794,0.04974,0.00019,0.00008,0.01101,0.00000,0.00055,0.00037,0.00001,0.93804
2.56000,0.12794,0.04348,0.00028,0.00007,0.00631,0.00000,0.00031,0.00050,0.00001,0.94905
2.59200,0.12794,0.04271,0.00039,0.00007,0.00441,0.00000,0.00023,0.00079,0.00001,0.95139
2.62400,0.12794,0.03773,0.00039,0.00007,0.00342,0.00000,0.00018,0.00084,0.00000,0.95736
2.65600,0.12794,0.04651,0.00043,0.00008,0.00357,0.00000,0.00022,0.00117,0.00001,0.94802
2.68800,0.12794,0.05061,0.00058,0.00010,0.00365,0.00000,0.00025,0.00164,0.00001,0.94316
2.72000,0.12794,0.04938,0.00112,0.00009,0.00196,0.00000,0.00014,0.00238,0.00001,0.94492
2.75200,0.12794,0.05199,0.00172,0.00009,0.00156,0.00000,0.00012,0.00352,0.00001,0.94099
2.78400,0.12794,0.04068,0.00288,0.00008,0.00085,0.00000,0.00006,0.00427,0.00000,0.95117
2.81600,0.12794,0.03376,0.00312,0.00006,0.00079,0.00000,0.00004,0.00306,0.00000,0.95916
2.84800,0.12794,0.03808,0.00281,0.00009,0.00143,0.00000,0.00008,0.00289,0.00001,0.95460
2.88000,0.12794,0.04385,0.00408,0.00012,0.00146,0.00001,0.00010,0.00447,0.00001,0.94590
2.91200,0.12794,0.04080,0.00388,0.00010,0.00162,0.00001,0.00010,0.00295,0.00001,0.95054
2.94400,0.12794,0.04928,0.00292,0.00010,0.00258,0.00001,0.00015,0.00198,0.00001,0.94298
2.97600,0.12794,0.04133,0.00228,0.00006,0.00226,0.00000,0.00010,0.00113,0.00001,0.95284
3.00800,0.12794,0.05126,0.00083,0.00005,0.00629,0.00000,0.00023,0.00034,0.00001,0.94100
3.04000,0.12794,0.07845,0.00038,0.00005,0.01643,0.00000,0.00066,0.00021,0.00001,0.90381
3.07200,0.12794,0.07952,0.00043,0.00004,0.01392,0.00000,0.00056,0.00024,0.00001,0.90527
3.10400,0.12794,0.10193,0.00022,0.00004,0.02576,0.00000,0.00107,0.00015,0.00001,0.87081
3.13600,0.12794,0.12079,0.00025,0.00005,0.02912,0.00000,0.00143,0.00020,0.00001,0.84816
3.16800,0.12794,0.07752,0.00024,0.00003,0.01178,0.00000,0.00043,0.00012,0.00000,0.90989
3.20000,0.12794,0.05245,0.00015,0.00001,0.00722,0.00000,0.00017,0.00004,0.00000,0.93996
3.23200,0.12794,0.04095,0.00019,0.00001,0.00429,0.00000,0.00009,0.00005,0.00000,0.95442
3.26400,0.12794,0.03608,0.00018,0.00001,0.00270,0.00000,0.00005,0.00004,0.00000,0.96095
3.29600,0.12794,0.03538,0.00034,0.00001,0.00232,0.00000,0.00006,0.00010,0.00000,0.96180
3.32800,0.12794,0.04248,0.00058,0.00002,0.00184,0.00000,0.00007,0.00030,0.00000,0.95470
3.36000,0.12794,0.03807,0.00080,0.00003,0.00131,0.00000,0.00005,0.00036,0.00000,0.95939
3.39200,0.12794,0.02955,0.00135,0.00003,0.00070,0.00000,0.00002,0.00041,0.00000,0.96793
3.42400,0.12794,0.03499,0.00137,0.00003,0.00066,0.00000,0.00003,0.00055,0.00000,0.96237
3.45600,0.12794,0.05667,0.00442,0.00008,0.00068,0.00000,0.00004,0.00158,0.00000,0.93653
3.48800,0.12794,0.06426,0.00614,0.00013,0.00073,0.00000,0.00005,0.00227,0.00000,0.92642
3.52000,0.12794,0.06695,0.00743,0.00013,0.00066,0.00000,0.00004,0.00224,0.00000,0.92255
3.55200,0.12794,0.08634,0.01741,0.00033,0.00077,0.00001,0.00005,0.00464,0.00001,0.89044
3.58400,0.12794,0.07061,0.02156,0.00029,0.00082,0.00001,0.00005,0.00464,0.00001,0.90202
3.61600,0.12794,0.06745,0.03902,0.00030,0.00123,0.00001,0.00006,0.00415,0.00001,0.88778
3.64800,0.12794,0.07744,0.06117,0.00055,0.00176,0.00001,0.00010,0.00849,0.00002,0.85045
3.68000,0.12794,0.06303,0.01724,0.00019,0.00254,0.00000,0.00010,0.00188,0.00001,0.91500
3.71200,0.12794,0.05582,0.00340,0.00010,0.00468,0.00000,0.00014,0.00047,0.00001,0.93539
3.74400,0.12794,0.05256,0.00149,0.00008,0.00417,0.00000,0.00015,0.00046,0.00001,0.94108
3.77600,0.12794,0.05967,0.00066,0.00009,0.00782,0.00000,0.00031,0.00033,0.00001,0.93111
3.80800,0.12794,0.05941,0.00052,0.00013,0.01150,0.00000,0.00053,0.00043,0.00001,0.92746
3.84000,0.12794,0.06542,0.00035,0.00018,0.01624,0.00000,0.00092,0.00051,0.00002,0.91637
3.87200,0.12794,0.10561,0.00011,0.00022,0.07601,0.00000,0.00603,0.00023,0.00002,0.81177
3.90400,0.12794,0.13397,0.00007,0.00019,0.15049,0.00000,0.01363,0.00012,0.00001,0.70153
3.93600,0.12794,0.11649,0.00014,0.00020,0.12359,0.00000,0.00994,0.00012,0.00001,0.74952
3.96800,0.12794,0.12543,0.00056,0.00027,0.06280,0.00000,0.00529,0.00024,0.00001,0.80540
4.00000,0.12794,0.07855,0.00320,0.00026,0.01084,0.00000,0.00063,0.00071,0.00001,0.90580
4.03200,0.12794,0.10529,0.02106,0.00074,0.00222,0.00001,0.00017,0.00919,0.00003,0.86129
4.06400,0.12794,0.17771,0.04011,0.00118,0.00128,0.00004,0.00016,0.05110,0.00012,0.72830
4.09600,0.12794,0.16005,0.02819,0.00068,0.00154,0.00002,0.00016,0.03499,0.00006,0.77431
4.12800,0.12794,0.10850,0.01162,0.00030,0.00279,0.00000,0.00021,0.00770,0.00001,0.86887
4.16000,0.12794,0.05698,0.00332,0.00010,0.00512,0.00000,0.00024,0.00126,0.00000,0.93298
4.19200,0.12794,0.02754,0.00215,0.00004,0.00419,0.00000,0.00012,0.00030,0.00000,0.96566
4.22400,0.12794,0.02397,0.00196,0.00004,0.00265,0.00000,0.00008,0.00044,0.00000,0.97084
4.25600,0.12794,0.02906,0.00223,0.00005,0.00142,0.00000,0.00007,0.00151,0.00000,0.96566
4.28800,0.12794,0.02617,0.00225,0.00004,0.00086,0.00000,0.00004,0.00188,0.00000,0.96877
4.32000,0.12794,0.02776,0.00078,0.00003,0.00125,0.00000,0.00006,0.00098,0.00000,0.96915
4.35200,0.12794,0.02955,0.00057,0.00002,0.00191,0.00000,0.00008,0.00060,0.00000,0.96726
4.38400,0.12794,0.03350,0.00062,0.00002,0.00178,0.00000,0.00008,0.00068,0.00000,0.96331
4.41600,0.12794,0.02840,0.00057,0.00002,0.00164,0.00000,0.00006,0.00042,0.00000,0.96888
4.44800,0.12794,0.02608,0.00099,0.00002,0.00111,0.00000,0.00004,0.00058,0.00000,0.97117
4.48000,0.12794,0.02715,0.00188,0.00002,0.00083,0.00000,0.00003,0.00078,0.00000,0.96931
4.51200,0.12794,0.02353,0.00152,0.00001,0.00122,0.00000,0.00003,0.00035,0.00000,0.97333
4.54400,0.12794,0.02033,0.00113,0.00001,0.00159,0.00000,0.00004,0.00020,0.00000,0.97670
4.57600,0.12794,0.02044,0.00060,0.00001,0.00331,0.00000,0.00007,0.00010,0.00000,0.97548
4.60800,0.12794,0.02086,0.00029,0.00001,0.00654,0.00000,0.00012,0.00005,0.00000,0.97214
4.64000,0.12794,0.02188,0.00049,0.00001,0.00413,0.00000,0.00008,0.00008,0.00000,0.97332
4.67200,0.12794,0.02133,0.00075,0.00001,0.00207,0.00000,0.00005,0.00017,0.00000,0.97562
4.70400,0.12794,0.02365,0.00124,0.00001,0.00211,0.00000,0.00005,0.00022,0.00000,0.97271
4.73600,0.12794,0.02022,0.00421,0.00001,0.00090,0.00000,0.00002,0.00025,0.00000,0.97440
4.76800,0.12794,0.01846,0.00293,0.00001,0.00078,0.00000,0.00001,0.00013,0.00000,0.97769
4.80000,0.12794,0.03947,0.01126,0.00001,0.00149,0.00000,0.00002,0.00013,0.00000,0.94762
4.83200,0.12794,0.05386,0.03403,0.00001,0.00059,0.00000,0.00001,0.00013,0.00000,0.91137
4.86400,0.12794,0.07524,0.03978,0.00002,0.00086,0.00000,0.00001,0.00007,0.00000,0.88402
4.89600,0.12794,0.11588,0.05924,0.00004,0.00073,0.00000,0.00001,0.00011,0.00000,0.82399
4.92800,0.12794,0.08967,0.02271,0.00003,0.00058,0.00000,0.00001,0.00016,0.00000,0.88683
4.96000,0.12794,0.08086,0.01712,0.00003,0.00050,0.00000,0.00001,0.00014,0.00000,0.90134
4.99200,0.12794,0.07836,0.00896,0.00004,0.00054,0.00000,0.00002,0.00050,0.00000,0.91159
5.02400,0.12794,0.07357,0.00846,0.00007,0.00084,0.00000,0.00005,0.00174,0.00000,0.91528
5.05600,0.12794,0.12450,0.00938,0.00018,0.00102,0.00001,0.00010,0.00646,0.00001,0.85835
5.08800,0.12794,0.13216,0.00732,0.00031,0.00156,0.00002,0.00023,0.02403,0.00005,0.83434
5.12000,0.12794,0.15550,0.00818,0.00045,0.00136,0.00003,0.00024,0.03761,0.00008,0.79654
5.15200,0.12794,0.15588,0.00649,0.00032,0.00150,0.00002,0.00022,0.01768,0.00005,0.81786
5.18400,0.12794,0.09313,0.00555,0.00011,0.00097,0.00001,0.00009,0.00483,0.00001,0.89531
5.21600,0.12794,0.09421,0.00412,0.00011,0.00107,0.00001,0.00009,0.00351,0.00001,0.89688
5.24800,0.12794,0.08304,0.00469,0.00008,0.00087,0.00000,0.00007,0.00282,0.00001,0.90843
5.28000,0.12794,0.07147,0.00621,0.00006,0.00099,0.00000,0.00007,0.00237,0.00000,0.91882
5.31200,0.12794,0.07241,0.00424,0.00007,0.00327,0.00000,0.00017,0.00153,0.00000,0.91832
5.34400,0.12794,0.07065,0.00183,0.00005,0.00796,0.00000,0.00038,0.00072,0.00000,0.91841
5.37600,0.12794,0.07457,0.00101,0.00005,0.01431,0.00000,0.00062,0.00049,0.00000,0.90896
5.40800,0.12794,0.06161,0.00053,0.00004,0.01219,0.00000,0.00056,0.00041,0.00000,0.92466
5.44000,0.12794,0.05518,0.00042,0.00004,0.00953,0.00000,0.00051,0.00047,0.00000,0.93386
5.47200,0.12794,0.04470,0.00066,0.00004,0.00534,0.00000,0.00025,0.00065,0.00000,0.94837
5.50400,0.12794,0.03864,0.00067,0.00005,0.00566,0.00000,0.00023,0.00071,0.00000,0.95405
5.53600,0.12794,0.04374,0.00077,0.00006,0.00676,0.00000,0.00031,0.00092,0.00001,0.94743
5.56800,0.12794,0.04526,0.00107,0.00007,0.00581,0.00000,0.00029,0.00135,0.00001,0.94613
5.60000,0.12794,0.05731,0.00103,0.00009,0.00697,0.00000,0.00046,0.00193,0.00001,0.93219
5.63200,0.12794,0.05495,0.00112,0.00009,0.00520,0.00000,0.00035,0.00218,0.00001,0.93609
5.66400,0.12794,0.04636,0.00107,0.00010,0.00382,0.00000,0.00024,0.00221,0.00001,0.94619
5.69600,0.12794,0.04538,0.00160,0.00010,0.00223,0.00000,0.00016,0.00355,0.00001,0.94698
5.72800,0.12794,0.03909,0.00259,0.00009,0.00111,0.00000,0.00008,0.00531,0.00000,0.95173
5.76000,0.12794,0.03505,0.00350,0.00007,0.00073,0.00000,0.00005,0.00619,0.00000,0.95440
5.79200,0.12794,0.03410,0.00424,0.00006,0.00071,0.00000,0.00005,0.00627,0.00000,0.95456
5.82400,0.12794,0.03645,0.00286,0.00007,0.00148,0.00000,0.00010,0.00328,0.00000,0.95576
5.85600,0.12794,0.03606,0.00169,0.00006,0.00285,0.00000,0.00015,0.00133,0.00000,0.95786
5.88800,0.12794,0.03289,0.00092,0.00005,0.00560,0.00000,0.00023,0.00055,0.00000,0.95976
5.92000,0.12794,0.03381,0.00042,0.00004,0.01424,0.00000,0.00049,0.00021,0.00000,0.95080
5.95200,0.12794,0.03291,0.00020,0.00003,0.02353,0.00000,0.00079,0.00009,0.00000,0.94245
5.98400,0.12794,0.04099,0.00023,0.00004,0.03863,0.00000,0.00151,0.00010,0.00000,0.91850
6.01600,0.12794,0.05928,0.00042,0.00007,0.03082,0.00000,0.00155,0.00022,0.00000,0.90764
6.04800,0.12794,0.05167,0.00094,0.00004,0.00630,0.00000,0.00032,0.00027,0.00000,0.94045
6.08000,0.12794,0.05016,0.00107,0.00002,0.00179,0.00000,0.00009,0.00025,0.00000,0.94662
6.11200,0.12794,0.04199,0.00070,0.00001,0.00081,0.00000,0.00003,0.00008,0.00000,0.95637
6.14400,0.12794,0.03833,0.00051,0.00001,0.00111,0.00000,0.00003,0.00004,0.00000,0.95998
6.17600,0.12794,0.06573,0.00055,0.00002,0.00593,0.00000,0.00014,0.00003,0.00000,0.92760
6.20800,0.12794,0.07493,0.00158,0.00004,0.01047,0.00000,0.00025,0.00010,0.00000,0.91263
6.24000,0.12794,0.09881,0.00770,0.00013,0.01155,0.00000,0.00032,0.00042,0.00001,0.88107
6.27200,0.12794,0.12293,0.02827,0.00023,0.00765,0.00001,0.00024,0.00097,0.00001,0.83969
6.30400,0.12794,0.12906,0.08818,0.00031,0.00208,0.00001,0.00009,0.00255,0.00001,0.77771
6.33600,0.12794,0.22079,0.12963,0.00061,0.00086,0.00003,0.00006,0.00931,0.00003,0.63868
6.36800,0.12794,0.18608,0.08944,0.00038,0.00057,0.00001,0.00004,0.00660,0.00002,0.71686
6.40000,0.12794,0.17516,0.04687,0.00028,0.00042,0.00001,0.00003,0.00543,0.00002,0.77178
6.43200,0.12794,0.16894,0.01634,0.00018,0.00055,0.00001,0.00005,0.00393,0.00001,0.80999
6.46400,0.12794,0.10362,0.01024,0.00006,0.00057,0.00000,0.00003,0.00067,0.00000,0.88480
6.49600,0.12794,0.10622,0.00540,0.00004,0.00048,0.00000,0.00003,0.00031,0.00000,0.88752
6.52800,0.12794,0.10073,0.00140,0.00002,0.00042,0.00000,0.00003,0.00012,0.00000,0.89729
6.56000,0.12794,0.09237,0.00104,0.00002,0.00057,0.00000,0.00003,0.00016,0.00000,0.90580
6.59200,0.12794,0.10604,0.00056,0.00003,0.00130,0.00000,0.00011,0.00024,0.00000,0.89172
6.62400,0.12794,0.11598,0.00030,0.00005,0.00456,0.00000,0.00046,0.00033,0.00000,0.87832
6.65600,0.12794,0.10207,0.00027,0.00006,0.00910,0.00000,0.00079,0.00023,0.00000,0.88747
6.68800,0.12794,0.10846,0.00010,0.00004,0.01308,0.00000,0.00116,0.00007,0.00000,0.87710
6.72000,0.12794,0.09612,0.00009,0.00003,0.01688,0.00000,0.00113,0.00004,0.00000,0.88571
6.75200,0.12794,0.13218,0.00007,0.00004,0.02907,0.00000,0.00219,0.00004,0.00000,0.83641
6.78400,0.12794,0.23178,0.00003,0.00006,0.12674,0.00000,0.01324,0.00002,0.00000,0.62813
6.81600,0.12794,0.26103,0.00002,0.00007,0.26456,0.00000,0.02315,0.00001,0.00000,0.45115
6.84800,0.12794,0.27012,0.00001,0.00007,0.39053,0.00000,0.04082,0.00001,0.00000,0.29843
6.88000,0.12794,0.25693,0.00002,0.00006,0.31361,0.00000,0.02801,0.00001,0.00000,0.40136
6.91200,0.12794,0.24903,0.00005,0.00010,0.29203,0.00000,0.02471,0.00003,0.00000,0.43406
6.94400,0.12794,0.19588,0.00009,0.00014,0.29900,0.00000,0.02631,0.00007,0.00001,0.47851
6.97600,0.12794,0.18966,0.00006,0.00017,0.40012,0.00000,0.04529,0.00008,0.00001,0.36461
7.00800,0.12794,0.12457,0.00001,0.00008,0.64268,0.00000,0.09480,0.00002,0.00001,0.13783
7.04000,0.12794,0.14880,0.00002,0.00009,0.52694,0.00000,0.06014,0.00004,0.00001,0.26395
7.07200,0.12794,0.15918,0.00003,0.00009,0.37353,0.00000,0.03731,0.00006,0.00001,0.42980
7.10400,0.12794,0.11620,0.00006,0.00006,0.14311,0.00000,0.00894,0.00009,0.00000,0.73154
7.13600,0.12794,0.06780,0.00031,0.00006,0.02197,0.00000,0.00109,0.00033,0.00000,0.90844
7.16800,0.12794,0.04763,0.00031,0.00004,0.00703,0.00000,0.00034,0.00043,0.00000,0.94421
7.20000,0.12794,0.03725,0.00040,0.00003,0.00317,0.00000,0.00014,0.00046,0.00000,0.95855
7.23200,0.12794,0.03482,0.00060,0.00003,0.00160,0.00000,0.00008,0.00073,0.00000,0.96215
7.26400,0.12794,0.02964,0.00065,0.00002,0.00099,0.00000,0.00004,0.00078,0.00000,0.96787
7.29600,0.12794,0.02541,0.00057,0.00002,0.00094,0.00000,0.00004,0.00059,0.00000,0.97243
7.32800,0.12794,0.02419,0.00075,0.00003,0.00071,0.00000,0.00003,0.00091,0.00000,0.97337
7.36000,0.12794,0.02194,0.00073,0.00003,0.00079,0.00000,0.00003,0.00083,0.00000,0.97564
7.39200,0.12794,0.02650,0.00101,0.00005,0.00114,0.00000,0.00005,0.00100,0.00000,0.97025
7.42400,0.12794,0.03274,0.00162,0.00006,0.00100,0.00000,0.00005,0.00178,0.00000,0.96274
7.45600,0.12794,0.03635,0.00187,0.00007,0.00112,0.00000,0.00006,0.00192,0.00000,0.95859
7.48800,0.12794,0.04292,0.00138,0.00007,0.00179,0.00000,0.00010,0.00149,0.00000,0.95225
7.52000,0.12794,0.03590,0.00098,0.00004,0.00174,0.00000,0.00008,0.00088,0.00000,0.96038
7.55200,0.12794,0.03356,0.00074,0.00003,0.00277,0.00000,0.00009,0.00040,0.00000,0.96240
7.58400,0.12794,0.02880,0.00056,0.00002,0.00338,0.00000,0.00009,0.00021,0.00000,0.96693
7.61600,0.12794,0.03079,0.00062,0.00002,0.00399,0.00000,0.00010,0.00018,0.00000,0.96431
7.64800,0.12794,0.03007,0.00052,0.00002,0.00476,0.00000,0.00011,0.00012,0.00000,0.96440
7.68000,0.12794,0.02575,0.00050,0.00002,0.00421,0.00000,0.00008,0.00010,0.00000,0.96935
7.71200,0.12794,0.03072,0.00034,0.00002,0.00665,0.00000,0.00012,0.00006,0.00000,0.96208
7.74400,0.12794,0.04232,0.00020,0.00002,0.01339,0.00000,0.00025,0.00004,0.00000,0.94378
7.77600,0.12794,0.06379,0.00010,0.00002,0.02701,0.00000,0.00062,0.00003,0.00000,0.90843
7.80800,0.12794,0.07794,0.00008,0.00002,0.03195,0.00000,0.00083,0.00003,0.00000,0.88915
7.84000,0.12794,0.09022,0.00006,0.00002,0.03909,0.00000,0.00107,0.00002,0.00000,0.86950
7.87200,0.12794,0.05592,0.00010,0.00001,0.01240,0.00000,0.00024,0.00002,0.00000,0.93132
7.90400,0.12794,0.03440,0.00011,0.00001,0.00551,0.00000,0.00008,0.00001,0.00000,0.95988
7.93600,0.12794,0.02400,0.00008,0.00000,0.00388,0.00000,0.00004,0.00000,0.00000,0.97200
7.96800,0.12794,0.02220,0.00018,0.00001,0.00228,0.00000,0.00002,0.00001,0.00000,0.97530
8.00000,0.12794,0.02379,0.00026,0.00001,0.00187,0.00000,0.00002,0.00002,0.00000,0.97403
8.03200,0.12794,0.03050,0.00029,0.00001,0.00228,0.00000,0.00004,0.00002,0.00000,0.96687
8.06400,0.12794,0.04360,0.00023,0.00001,0.00309,0.00000,0.00007,0.00004,0.00000,0.95295
8.09600,0.12794,0.03794,0.00013,0.00001,0.00301,0.00000,0.00007,0.00002,0.00000,0.95882
8.12800,0.12794,0.04439,0.00006,0.00001,0.00426,0.00000,0.00010,0.00001,0.00000,0.95117
8.16000,0.12794,0.04099,0.00007,0.00001,0.00309,0.00000,0.00008,0.00002,0.00000,0.95574
8.19200,0.12794,0.03346,0.00015,0.00001,0.00169,0.00000,0.00004,0.00003,0.00000,0.96461
8.22400,0.12794,0.02813,0.00023,0.00001,0.00129,0.00000,0.00003,0.00005,0.00000,0.97026
8.25600,0.12794,0.02449,0.00076,0.00001,0.00057,0.00000,0.00002,0.00016,0.00000,0.97400
8.28800,0.12794,0.02594,0.00260,0.00002,0.00033,0.00000,0.00001,0.00049,0.00000,0.97061
8.32000,0.12794,0.02445,0.00319,0.00002,0.00031,0.00000,0.00001,0.00062,0.00000,0.97140
8.35200,0.12794,0.02370,0.00245,0.00001,0.00021,0.00000,0.00001,0.00045,0.00000,0.97316
8.38400,0.12794,0.02686,0.00148,0.00001,0.00063,0.00000,0.00002,0.00021,0.00000,0.97078
8.41600,0.12794,0.02771,0.00073,0.00001,0.00158,0.00000,0.00003,0.00013,0.00000,0.96980
8.44800,0.12794,0.03933,0.00056,0.00002,0.00376,0.00000,0.00010,0.00018,0.00000,0.95604
8.48000,0.12794,0.04219,0.00066,0.00004,0.00546,0.00000,0.00017,0.00029,0.00000,0.95119
8.51200,0.12794,0.04312,0.00073,0.00005,0.00448,0.00000,0.00018,0.00045,0.00000,0.95100
8.54400,0.12794,0.02692,0.00044,0.00002,0.00275,0.00000,0.00008,0.00018,0.00000,0.96962
8.57600,0.12794,0.03439,0.00117,0.00002,0.00172,0.00000,0.00004,0.00017,0.00000,0.96250
8.60800,0.12794,0.04963,0.00346,0.00002,0.00099,0.00000,0.00003,0.00025,0.00000,0.94561
8.64000,0.12794,0.06298,0.00886,0.00004,0.00124,0.00000,0.00003,0.00032,0.00000,0.92652
8.67200,0.12794,0.07944,0.02735,0.00007,0.00121,0.00000,0.00003,0.00042,0.00000,0.89148
8.70400,0.12794,0.09619,0.03231,0.00017,0.00118,0.00001,0.00004,0.00172,0.00001,0.86837
8.73600,0.12794,0.09892,0.01922,0.00022,0.00206,0.00001,0.00009,0.00247,0.00002,0.87699
8.76800,0.12794,0.09374,0.01294,0.00021,0.00174,0.00001,0.00011,0.00425,0.00002,0.88698
8.80000,0.12794,0.09260,0.01033,0.00018,0.00146,0.00001,0.00015,0.00890,0.00001,0.88638
8.83200,0.12794,0.05092,0.00928,0.00005,0.00082,0.00000,0.00006,0.00284,0.00000,0.93604
8.86400,0.12794,0.05011,0.01683,0.00004,0.00036,0.00000,0.00002,0.00417,0.00000,0.92846
8.89600,0.12794,0.03727,0.01495,0.00003,0.00034,0.00000,0.00002,0.00208,0.00000,0.94532
8.92800,0.12794,0.02934,0.01219,0.00003,0.00024,0.00000,0.00001,0.00187,0.00000,0.95633
8.96000,0.12794,0.03305,0.00350,0.00002,0.00074,0.00000,0.00004,0.00116,0.00000,0.96148
8.99200,0.12794,0.03633,0.00153,0.00003,0.00217,0.00000,0.00010,0.00062,0.00000,0.95921
9.02400,0.12794,0.04625,0.00090,0.00005,0.00332,0.00000,0.00018,0.00059,0.00000,0.94870
9.05600,0.12794,0.05050,0.00079,0.00005,0.00364,0.00000,0.00021,0.00058,0.00000,0.94423
9.08800,0.12794,0.04386,0.00131,0.00006,0.00266,0.00000,0.00014,0.00079,0.00000,0.95118
9.12000,0.12794,0.03360,0.00122,0.00005,0.00250,0.00000,0.00011,0.00060,0.00000,0.96192
9.15200,0.12794,0.03194,0.00138,0.00004,0.00292,0.00000,0.00013,0.00072,0.00000,0.96286
9.18400,0.12794,0.04256,0.00063,0.00004,0.00634,0.00000,0.00030,0.00051,0.00000,0.94961
9.21600,0.12794,0.04773,0.00041,0.00005,0.01046,0.00000,0.00053,0.00044,0.00000,0.94038
9.24800,0.12794,0.03802,0.00025,0.00003,0.01142,0.00000,0.00046,0.00023,0.00000,0.94958
9.28000,0.12794,0.04513,0.00023,0.00005,0.02371,0.00000,0.00100,0.00019,0.00000,0.92968
9.31200,0.12794,0.05076,0.00053,0.00009,0.02798,0.00000,0.00098,0.00018,0.00000,0.91949
9.34400,0.12794,0.05349,0.00068,0.00006,0.01816,0.00000,0.00053,0.00011,0.00000,0.92698
9.37600,0.12794,0.05541,0.00069,0.00005,0.01024,0.00000,0.00034,0.00009,0.00000,0.93317
9.40800,0.12794,0.05287,0.00087,0.00004,0.00572,0.00000,0.00017,0.00010,0.00000,0.94023
9.44000,0.12794,0.03485,0.00054,0.00002,0.00223,0.00000,0.00006,0.00008,0.00000,0.96222
9.47200,0.12794,0.03869,0.00117,0.00002,0.00199,0.00000,0.00004,0.00010,0.00000,0.95799
9.50400,0.12794,0.04519,0.00472,0.00003,0.00199,0.00000,0.00004,0.00016,0.00000,0.94788
9.53600,0.12794,0.03946,0.00564,0.00002,0.00086,0.00000,0.00002,0.00016,0.00000,0.95385
9.56800,0.12794,0.04785,0.00546,0.00002,0.00087,0.00000,0.00002,0.00019,0.00000,0.94559
9.60000,0.12794,0.04210,0.00198,0.00002,0.00125,0.00000,0.00005,0.00022,0.00000,0.95439
9.63200,0.12794,0.04732,0.00080,0.00002,0.00182,0.00000,0.00011,0.00033,0.00000,0.94960
9.66400,0.12794,0.08295,0.00057,0.00008,0.00396,0.00000,0.00035,0.00107,0.00001,0.91101
9.69600,0.12794,0.08614,0.00046,0.00012,0.00723,0.00000,0.00065,0.00128,0.00001,0.90411
9.72800,0.12794,0.11004,0.00051,0.00024,0.01049,0.00001,0.00129,0.00236,0.00003,0.87502
9.76000,0.12794,0.10176,0.00060,0.00018,0.00905,0.00001,0.00090,0.00179,0.00002,0.88569
9.79200,0.12794,0.08347,0.00050,0.00013,0.01257,0.00001,0.00105,0.00085,0.00001,0.90141
9.82400,0.12794,0.11461,0.00081,0.00014,0.01500,0.00001,0.00128,0.00101,0.00002,0.86712
9.85600,0.12794,0.07805,0.00068,0.00004,0.00704,0.00000,0.00037,0.00037,0.00000,0.91343
9.88800,0.12794,0.07155,0.00046,0.00005,0.00535,0.00000,0.00029,0.00031,0.00000,0.92198
9.92000,0.12794,0.05018,0.00067,0.00002,0.00197,0.00000,0.00007,0.00013,0.00000,0.94696
9.95200,0.12794,0.03640,0.00124,0.00001,0.00087,0.00000,0.00002,0.00009,0.00000,0.96136
9.98400,0.12794,0.04310,0.00165,0.00001,0.00070,0.00000,0.00001,0.00006,0.00000,0.95445
10.01600,0.12794,0.03755,0.00174,0.00001,0.00068,0.00000,0.00001,0.00004,0.00000,0.95998
10.04800,0.12794,0.02882,0.00154,0.00001,0.00066,0.00000,0.00001,0.00004,0.00000,0.96892
10.08000,0.12794,0.03177,0.00066,0.00001,0.00089,0.00000,0.00002,0.00002,0.00000,0.96663
10.11200,0.12794,0.02738,0.00052,0.00001,0.00121,0.00000,0.00002,0.00003,0.00000,0.97083
10.14400,0.12794,0.03429,0.00041,0.00002,0.00282,0.00000,0.00007,0.00003,0.00000,0.96237
10.17600,0.12794,0.05129,0.00024,0.00003,0.01079,0.00000,0.00033,0.00003,0.00000,0.93729
10.20800,0.12794,0.05083,0.00032,0.00002,0.00841,0.00000,0.00028,0.00005,0.00000,0.94010
