Time (seconds), Duration (seconds),pred_unlabeled,pred_down,pred_bottom left,pred_bottom right,pred_left,pred_right,pred_top,pred_top left,pred_top right
0.00000,0.12794,0.99232,0.00000,0.00001,0.00034,0.00000,0.00731,0.00000,0.00000,0.00003
0.03200,0.12794,0.99091,0.00000,0.00002,0.00065,0.00000,0.00837,0.00000,0.00000,0.00005
0.06400,0.12794,0.98773,0.00000,0.00006,0.00155,0.00000,0.01054,0.00000,0.00000,0.00011
0.09600,0.12794,0.96489,0.00003,0.00026,0.01166,0.00001,0.02270,0.00002,0.00001,0.00042
0.12800,0.12794,0.87531,0.00037,0.00113,0.07834,0.00006,0.04286,0.00012,0.00012,0.00170
0.16000,0.12794,0.81713,0.00067,0.00180,0.12495,0.00013,0.05163,0.00018,0.00023,0.00326
0.19200,0.12794,0.77498,0.00054,0.00126,0.16196,0.00010,0.05746,0.00013,0.00013,0.00344
0.22400,0.12794,0.83930,0.00048,0.00154,0.10261,0.00009,0.05290,0.00016,0.00015,0.00276
0.25600,0.12794,0.91177,0.00076,0.00199,0.04541,0.00009,0.03728,0.00033,0.00020,0.00216
0.28800,0.12794,0.93538,0.00130,0.00272,0.02858,0.00010,0.02951,0.00062,0.00037,0.00141
0.32000,0.12794,0.96105,0.00273,0.00417,0.01206,0.00016,0.01632,0.00148,0.00086,0.00117
0.35200,0.12794,0.97829,0.00420,0.00367,0.00393,0.00015,0.00636,0.00163,0.00104,0.00074
0.38400,0.12794,0.98839,0.00226,0.00198,0.00197,0.00008,0.00362,0.00067,0.00046,0.00056
0.41600,0.12794,0.98967,0.00140,0.00126,0.00259,0.00005,0.00395,0.00030,0.00023,0.00055
0.44800,0.12794,0.98937,0.00084,0.00085,0.00349,0.00004,0.00465,0.00015,0.00012,0.00049
0.48000,0.12794,0.98556,0.00037,0.00061,0.00542,0.00002,0.00728,0.00008,0.00005,0.00059
0.51200,0.12794,0.98375,0.00022,0.00042,0.00620,0.00001,0.00883,0.00005,0.00003,0.00047
0.54400,0.12794,0.99027,0.00020,0.00036,0.00302,0.00001,0.00575,0.00006,0.00003,0.00030
0.57600,0.12794,0.99208,0.00020,0.00035,0.00206,0.00001,0.00493,0.00007,0.00002,0.00027
0.60800,0.12794,0.99211,0.00028,0.00038,0.00193,0.00001,0.00489,0.00010,0.00003,0.00027
0.64000,0.12794,0.99022,0.00026,0.00036,0.00253,0.00001,0.00621,0.00010,0.00003,0.00029
0.67200,0.12794,0.98838,0.00021,0.00039,0.00319,0.00001,0.00746,0.00008,0.00003,0.00026
0.70400,0.12794,0.98400,0.00023,0.00044,0.00529,0.00001,0.00956,0.00008,0.00004,0.00035
0.73600,0.12794,0.98382,0.00037,0.00050,0.00580,0.00001,0.00898,0.00011,0.00005,0.00035
0.76800,0.12794,0.97903,0.00079,0.00078,0.00797,0.00003,0.01064,0.00020,0.00010,0.00048
0.80000,0.12794,0.98137,0.00067,0.00059,0.00717,0.00002,0.00941,0.00015,0.00006,0.00055
0.83200,0.12794,0.98739,0.00066,0.00056,0.00539,0.00002,0.00552,0.00008,0.00006,0.00033
0.86400,0.12794,0.99261,0.00075,0.00066,0.00320,0.00002,0.00245,0.00004,0.00009,0.00018
0.89600,0.12794,0.99604,0.00075,0.00063,0.00133,0.00002,0.00104,0.00002,0.00009,0.00008
0.92800,0.12794,0.99566,0.00091,0.00069,0.00137,0.00003,0.00112,0.00003,0.00010,0.00010
0.96000,0.12794,0.99375,0.00058,0.00079,0.00226,0.00004,0.00230,0.00004,0.00010,0.00015
0.99200,0.12794,0.99220,0.00019,0.00046,0.00240,0.00002,0.00449,0.00004,0.00004,0.00017
1.02400,0.12794,0.98681,0.00013,0.00037,0.00448,0.00001,0.00786,0.00004,0.00002,0.00028
1.05600,0.12794,0.98175,0.00012,0.00038,0.00657,0.00001,0.01085,0.00004,0.00002,0.00025
1.08800,0.12794,0.98792,0.00015,0.00025,0.00396,0.00001,0.00748,0.00004,0.00002,0.00018
1.12000,0.12794,0.98259,0.00018,0.00029,0.00717,0.00001,0.00949,0.00004,0.00002,0.00022
1.15200,0.12794,0.98594,0.00011,0.00025,0.00479,0.00001,0.00870,0.00003,0.00002,0.00016
1.18400,0.12794,0.98982,0.00006,0.00020,0.00338,0.00000,0.00638,0.00002,0.00001,0.00012
1.21600,0.12794,0.98830,0.00010,0.00027,0.00452,0.00001,0.00654,0.00002,0.00002,0.00021
1.24800,0.12794,0.98883,0.00021,0.00030,0.00400,0.00001,0.00628,0.00005,0.00002,0.00030
1.28000,0.12794,0.98047,0.00057,0.00049,0.00884,0.00002,0.00881,0.00008,0.00004,0.00068
1.31200,0.12794,0.97106,0.00123,0.00064,0.01429,0.00004,0.01140,0.00017,0.00006,0.00111
1.34400,0.12794,0.97743,0.00123,0.00060,0.01055,0.00003,0.00887,0.00017,0.00006,0.00106
1.37600,0.12794,0.98094,0.00100,0.00069,0.00863,0.00004,0.00748,0.00014,0.00008,0.00100
1.40800,0.12794,0.98439,0.00075,0.00068,0.00637,0.00003,0.00663,0.00014,0.00008,0.00093
1.44000,0.12794,0.97156,0.00217,0.00150,0.01392,0.00010,0.00813,0.00022,0.00022,0.00219
1.47200,0.12794,0.95022,0.00352,0.00247,0.02743,0.00018,0.01121,0.00033,0.00042,0.00423
1.50400,0.12794,0.94944,0.00343,0.00214,0.02950,0.00016,0.01077,0.00027,0.00035,0.00394
1.53600,0.12794,0.95723,0.00261,0.00174,0.02406,0.00013,0.01001,0.00024,0.00026,0.00372
1.56800,0.12794,0.98049,0.00183,0.00100,0.00848,0.00007,0.00590,0.00024,0.00015,0.00184
1.60000,0.12794,0.98940,0.00145,0.00075,0.00363,0.00004,0.00368,0.00019,0.00011,0.00075
1.63200,0.12794,0.98727,0.00163,0.00101,0.00526,0.00001,0.00180,0.00003,0.00006,0.00293
1.66400,0.12794,0.99361,0.00129,0.00083,0.00216,0.00001,0.00032,0.00001,0.00004,0.00174
1.69600,0.12794,0.99585,0.00081,0.00074,0.00123,0.00001,0.00017,0.00000,0.00003,0.00118
1.72800,0.12794,0.99736,0.00071,0.00070,0.00070,0.00001,0.00010,0.00000,0.00003,0.00040
1.76000,0.12794,0.99802,0.00068,0.00060,0.00036,0.00002,0.00016,0.00001,0.00009,0.00007
1.79200,0.12794,0.99330,0.00269,0.00155,0.00097,0.00008,0.00070,0.00014,0.00032,0.00026
1.82400,0.12794,0.98725,0.00695,0.00209,0.00121,0.00012,0.00075,0.00043,0.00057,0.00061
1.85600,0.12794,0.97835,0.01037,0.00285,0.00242,0.00019,0.00147,0.00124,0.00084,0.00227
1.88800,0.12794,0.97070,0.01350,0.00278,0.00287,0.00017,0.00168,0.00188,0.00064,0.00578
1.92000,0.12794,0.98831,0.00480,0.00212,0.00127,0.00011,0.00106,0.00050,0.00067,0.00117
1.95200,0.12794,0.99205,0.00177,0.00129,0.00154,0.00006,0.00194,0.00034,0.00030,0.00071
1.98400,0.12794,0.99481,0.00095,0.00075,0.00108,0.00003,0.00170,0.00018,0.00012,0.00038
2.01600,0.12794,0.99609,0.00042,0.00050,0.00084,0.00002,0.00178,0.00009,0.00008,0.00019
2.04800,0.12794,0.99323,0.00030,0.00028,0.00180,0.00001,0.00386,0.00010,0.00002,0.00040
2.08000,0.12794,0.99198,0.00022,0.00041,0.00190,0.00001,0.00509,0.00010,0.00003,0.00026
2.11200,0.12794,0.99103,0.00027,0.00032,0.00268,0.00001,0.00530,0.00008,0.00002,0.00029
2.14400,0.12794,0.99123,0.00034,0.00041,0.00271,0.00001,0.00499,0.00008,0.00004,0.00018
2.17600,0.12794,0.99081,0.00067,0.00049,0.00336,0.00002,0.00430,0.00008,0.00006,0.00020
2.20800,0.12794,0.99349,0.00096,0.00036,0.00241,0.00001,0.00247,0.00007,0.00005,0.00017
2.24000,0.12794,0.99148,0.00051,0.00042,0.00305,0.00001,0.00421,0.00007,0.00005,0.00019
2.27200,0.12794,0.99211,0.00035,0.00031,0.00273,0.00001,0.00422,0.00005,0.00003,0.00018
2.30400,0.12794,0.98901,0.00017,0.00027,0.00404,0.00001,0.00624,0.00004,0.00002,0.00020
2.33600,0.12794,0.98141,0.00019,0.00031,0.00735,0.00001,0.01034,0.00005,0.00002,0.00032
2.36800,0.12794,0.97253,0.00030,0.00031,0.01302,0.00001,0.01316,0.00006,0.00002,0.00060
2.40000,0.12794,0.93572,0.00042,0.00059,0.03286,0.00002,0.02925,0.00012,0.00004,0.00099
2.43200,0.12794,0.91269,0.00056,0.00082,0.04729,0.00003,0.03719,0.00016,0.00006,0.00119
2.46400,0.12794,0.91976,0.00050,0.00075,0.04157,0.00003,0.03582,0.00017,0.00006,0.00136
2.49600,0.12794,0.95126,0.00060,0.00079,0.02329,0.00003,0.02264,0.00018,0.00007,0.00113
2.52800,0.12794,0.96742,0.00039,0.00056,0.01407,0.00002,0.01647,0.00013,0.00005,0.00090
2.56000,0.12794,0.98290,0.00057,0.00061,0.00635,0.00003,0.00822,0.00016,0.00005,0.00110
2.59200,0.12794,0.97971,0.00074,0.00100,0.00734,0.00004,0.00968,0.00025,0.00011,0.00113
2.62400,0.12794,0.96089,0.00114,0.00169,0.01645,0.00006,0.01729,0.00045,0.00020,0.00182
2.65600,0.12794,0.94676,0.00158,0.00179,0.02388,0.00006,0.02220,0.00065,0.00020,0.00288
2.68800,0.12794,0.92170,0.00077,0.00125,0.03413,0.00003,0.03998,0.00048,0.00011,0.00155
2.72000,0.12794,0.92434,0.00019,0.00053,0.02924,0.00001,0.04452,0.00015,0.00003,0.00098
2.75200,0.12794,0.95498,0.00006,0.00028,0.01366,0.00001,0.03048,0.00006,0.00001,0.00045
2.78400,0.12794,0.97553,0.00005,0.00019,0.00679,0.00000,0.01713,0.00003,0.00001,0.00028
2.81600,0.12794,0.98268,0.00003,0.00012,0.00434,0.00000,0.01257,0.00002,0.00000,0.00024
2.84800,0.12794,0.97919,0.00004,0.00015,0.00597,0.00000,0.01424,0.00003,0.00001,0.00036
2.88000,0.12794,0.97667,0.00007,0.00018,0.00709,0.00000,0.01551,0.00004,0.00001,0.00042
2.91200,0.12794,0.97399,0.00011,0.00032,0.00863,0.00001,0.01631,0.00007,0.00002,0.00055
2.94400,0.12794,0.98672,0.00024,0.00070,0.00320,0.00002,0.00786,0.00034,0.00007,0.00085
2.97600,0.12794,0.99049,0.00039,0.00120,0.00146,0.00003,0.00463,0.00083,0.00017,0.00080
3.00800,0.12794,0.98972,0.00035,0.00192,0.00124,0.00004,0.00458,0.00109,0.00030,0.00077
3.04000,0.12794,0.99111,0.00018,0.00135,0.00111,0.00002,0.00481,0.00065,0.00015,0.00060
3.07200,0.12794,0.98338,0.00020,0.00119,0.00405,0.00002,0.01030,0.00024,0.00011,0.00049
3.10400,0.12794,0.97851,0.00020,0.00117,0.00724,0.00003,0.01215,0.00012,0.00012,0.00047
3.13600,0.12794,0.96158,0.00048,0.00138,0.01832,0.00005,0.01703,0.00015,0.00015,0.00087
3.16800,0.12794,0.95456,0.00141,0.00197,0.02258,0.00009,0.01719,0.00035,0.00029,0.00156
3.20000,0.12794,0.92299,0.00217,0.00287,0.04322,0.00016,0.02419,0.00060,0.00048,0.00331
3.23200,0.12794,0.90521,0.00295,0.00319,0.05240,0.00020,0.02940,0.00106,0.00050,0.00509
3.26400,0.12794,0.93087,0.00350,0.00318,0.03402,0.00022,0.02141,0.00118,0.00052,0.00510
3.29600,0.12794,0.94393,0.00490,0.00337,0.02876,0.00024,0.01396,0.00079,0.00066,0.00339
3.32800,0.12794,0.97617,0.00475,0.00232,0.00973,0.00016,0.00482,0.00035,0.00059,0.00113
3.36000,0.12794,0.98861,0.00479,0.00124,0.00297,0.00008,0.00142,0.00014,0.00032,0.00043
3.39200,0.12794,0.99473,0.00231,0.00062,0.00124,0.00003,0.00072,0.00006,0.00014,0.00015
3.42400,0.12794,0.99571,0.00077,0.00034,0.00170,0.00001,0.00123,0.00003,0.00005,0.00015
3.45600,0.12794,0.99426,0.00046,0.00027,0.00248,0.00001,0.00227,0.00004,0.00002,0.00020
3.48800,0.12794,0.98926,0.00057,0.00033,0.00442,0.00001,0.00497,0.00008,0.00003,0.00032
3.52000,0.12794,0.98304,0.00065,0.00037,0.00808,0.00002,0.00719,0.00008,0.00003,0.00054
3.55200,0.12794,0.98809,0.00112,0.00046,0.00514,0.00002,0.00466,0.00011,0.00005,0.00037
3.58400,0.12794,0.98958,0.00089,0.00045,0.00421,0.00002,0.00447,0.00010,0.00005,0.00023
3.61600,0.12794,0.98693,0.00062,0.00049,0.00603,0.00002,0.00550,0.00007,0.00005,0.00028
3.64800,0.12794,0.97391,0.00155,0.00093,0.01292,0.00004,0.00973,0.00018,0.00012,0.00062
3.68000,0.12794,0.95751,0.00405,0.00177,0.02067,0.00013,0.01309,0.00059,0.00029,0.00191
3.71200,0.12794,0.96567,0.00837,0.00292,0.00914,0.00026,0.00686,0.00166,0.00067,0.00445
3.74400,0.12794,0.96279,0.01121,0.00457,0.00679,0.00042,0.00495,0.00263,0.00142,0.00524
3.77600,0.12794,0.97445,0.00507,0.00411,0.00437,0.00028,0.00461,0.00206,0.00115,0.00391
3.80800,0.12794,0.97593,0.00231,0.00337,0.00610,0.00014,0.00715,0.00121,0.00062,0.00316
3.84000,0.12794,0.97180,0.00167,0.00246,0.01021,0.00009,0.01085,0.00070,0.00043,0.00179
3.87200,0.12794,0.97160,0.00187,0.00212,0.00950,0.00008,0.01237,0.00078,0.00037,0.00131
3.90400,0.12794,0.98359,0.00169,0.00139,0.00491,0.00007,0.00621,0.00048,0.00024,0.00142
3.93600,0.12794,0.98714,0.00195,0.00114,0.00368,0.00009,0.00394,0.00034,0.00020,0.00152
3.96800,0.12794,0.99014,0.00137,0.00128,0.00196,0.00010,0.00291,0.00038,0.00021,0.00165
4.00000,0.12794,0.98985,0.00076,0.00104,0.00210,0.00008,0.00331,0.00028,0.00012,0.00245
4.03200,0.12794,0.99168,0.00084,0.00121,0.00151,0.00007,0.00259,0.00032,0.00017,0.00160
4.06400,0.12794,0.99412,0.00097,0.00153,0.00048,0.00006,0.00113,0.00044,0.00031,0.00097
4.09600,0.12794,0.99376,0.00136,0.00117,0.00095,0.00006,0.00127,0.00023,0.00020,0.00100
4.12800,0.12794,0.99182,0.00286,0.00163,0.00134,0.00008,0.00094,0.00016,0.00040,0.00076
4.16000,0.12794,0.98557,0.00435,0.00184,0.00451,0.00011,0.00203,0.00017,0.00039,0.00104
4.19200,0.12794,0.97277,0.00286,0.00153,0.01545,0.00008,0.00594,0.00012,0.00024,0.00102
4.22400,0.12794,0.95695,0.00338,0.00219,0.02653,0.00013,0.00908,0.00017,0.00042,0.00116
4.25600,0.12794,0.96196,0.00227,0.00173,0.02061,0.00010,0.01165,0.00024,0.00027,0.00117
4.28800,0.12794,0.98270,0.00147,0.00139,0.00627,0.00006,0.00703,0.00027,0.00023,0.00058
4.32000,0.12794,0.98776,0.00134,0.00095,0.00396,0.00004,0.00505,0.00025,0.00014,0.00052
4.35200,0.12794,0.99410,0.00136,0.00060,0.00123,0.00002,0.00206,0.00021,0.00009,0.00032
4.38400,0.12794,0.99217,0.00180,0.00064,0.00236,0.00003,0.00233,0.00015,0.00008,0.00044
4.41600,0.12794,0.98820,0.00314,0.00083,0.00438,0.00004,0.00246,0.00013,0.00011,0.00071
4.44800,0.12794,0.98137,0.00655,0.00147,0.00645,0.00007,0.00256,0.00018,0.00024,0.00110
4.48000,0.12794,0.97949,0.00518,0.00181,0.00779,0.00009,0.00368,0.00023,0.00029,0.00143
4.51200,0.12794,0.98931,0.00242,0.00112,0.00331,0.00005,0.00265,0.00017,0.00016,0.00080
4.54400,0.12794,0.99253,0.00115,0.00081,0.00229,0.00003,0.00251,0.00012,0.00011,0.00045
4.57600,0.12794,0.99611,0.00062,0.00044,0.00107,0.00002,0.00145,0.00006,0.00006,0.00019
4.60800,0.12794,0.99697,0.00036,0.00032,0.00075,0.00001,0.00139,0.00005,0.00004,0.00011
4.64000,0.12794,0.99605,0.00051,0.00042,0.00100,0.00001,0.00175,0.00007,0.00006,0.00014
4.67200,0.12794,0.99501,0.00078,0.00050,0.00125,0.00002,0.00196,0.00012,0.00007,0.00029
4.70400,0.12794,0.98997,0.00072,0.00085,0.00278,0.00003,0.00446,0.00025,0.00010,0.00082
4.73600,0.12794,0.98528,0.00061,0.00097,0.00472,0.00004,0.00641,0.00029,0.00010,0.00158
4.76800,0.12794,0.98021,0.00054,0.00164,0.00590,0.00005,0.00930,0.00046,0.00019,0.00171
4.80000,0.12794,0.97938,0.00041,0.00146,0.00627,0.00004,0.01103,0.00037,0.00016,0.00087
4.83200,0.12794,0.97765,0.00042,0.00147,0.00717,0.00003,0.01216,0.00030,0.00017,0.00062
4.86400,0.12794,0.96075,0.00081,0.00184,0.01576,0.00005,0.01949,0.00037,0.00023,0.00071
4.89600,0.12794,0.95454,0.00076,0.00111,0.02098,0.00004,0.02135,0.00024,0.00011,0.00087
4.92800,0.12794,0.95937,0.00059,0.00106,0.01666,0.00003,0.02109,0.00024,0.00010,0.00087
4.96000,0.12794,0.96389,0.00057,0.00069,0.01589,0.00003,0.01768,0.00018,0.00005,0.00103
4.99200,0.12794,0.98074,0.00041,0.00061,0.00724,0.00002,0.01031,0.00013,0.00005,0.00050
5.02400,0.12794,0.98145,0.00030,0.00053,0.00651,0.00001,0.01063,0.00011,0.00004,0.00042
5.05600,0.12794,0.97751,0.00062,0.00076,0.00898,0.00002,0.01121,0.00018,0.00008,0.00064
5.08800,0.12794,0.97454,0.00055,0.00090,0.00967,0.00003,0.01342,0.00020,0.00010,0.00059
5.12000,0.12794,0.96997,0.00032,0.00056,0.01114,0.00002,0.01691,0.00015,0.00004,0.00088
5.15200,0.12794,0.97477,0.00035,0.00050,0.00902,0.00002,0.01423,0.00016,0.00004,0.00090
5.18400,0.12794,0.97601,0.00020,0.00054,0.00743,0.00002,0.01485,0.00015,0.00004,0.00077
5.21600,0.12794,0.97650,0.00029,0.00078,0.00738,0.00002,0.01379,0.00025,0.00006,0.00094
5.24800,0.12794,0.97263,0.00035,0.00139,0.00912,0.00004,0.01496,0.00032,0.00014,0.00106
5.28000,0.12794,0.97398,0.00035,0.00161,0.00816,0.00004,0.01422,0.00037,0.00016,0.00110
5.31200,0.12794,0.97280,0.00031,0.00111,0.00909,0.00003,0.01534,0.00027,0.00009,0.00097
5.34400,0.12794,0.97684,0.00014,0.00063,0.00672,0.00001,0.01499,0.00013,0.00004,0.00049
5.37600,0.12794,0.98083,0.00006,0.00027,0.00531,0.00001,0.01303,0.00006,0.00001,0.00042
5.40800,0.12794,0.98057,0.00003,0.00020,0.00490,0.00000,0.01398,0.00003,0.00001,0.00027
5.44000,0.12794,0.98031,0.00003,0.00019,0.00489,0.00000,0.01425,0.00002,0.00001,0.00029
5.47200,0.12794,0.98484,0.00003,0.00018,0.00358,0.00000,0.01110,0.00003,0.00001,0.00023
5.50400,0.12794,0.98235,0.00008,0.00028,0.00488,0.00001,0.01207,0.00005,0.00002,0.00027
5.53600,0.12794,0.97990,0.00010,0.00027,0.00643,0.00001,0.01267,0.00005,0.00001,0.00056
5.56800,0.12794,0.97149,0.00018,0.00036,0.01078,0.00001,0.01615,0.00008,0.00002,0.00092
5.60000,0.12794,0.96795,0.00032,0.00056,0.01246,0.00002,0.01730,0.00015,0.00003,0.00121
5.63200,0.12794,0.97308,0.00017,0.00048,0.00936,0.00001,0.01588,0.00010,0.00003,0.00089
5.66400,0.12794,0.96512,0.00031,0.00073,0.01411,0.00002,0.01874,0.00015,0.00006,0.00076
5.69600,0.12794,0.97036,0.00070,0.00129,0.01163,0.00004,0.01479,0.00030,0.00014,0.00075
5.72800,0.12794,0.96461,0.00119,0.00208,0.01591,0.00009,0.01445,0.00035,0.00030,0.00103
5.76000,0.12794,0.95102,0.00317,0.00367,0.02276,0.00018,0.01641,0.00072,0.00078,0.00129
5.79200,0.12794,0.94532,0.00336,0.00272,0.02868,0.00015,0.01680,0.00057,0.00047,0.00193
5.82400,0.12794,0.83110,0.00153,0.00134,0.13047,0.00003,0.02877,0.00011,0.00014,0.00651
5.85600,0.12794,0.47642,0.00015,0.00036,0.43556,0.00000,0.07341,0.00001,0.00002,0.01406
5.88800,0.12794,0.16942,0.00001,0.00008,0.71760,0.00000,0.09721,0.00000,0.00000,0.01568
5.92000,0.12794,0.05683,0.00000,0.00004,0.84559,0.00000,0.08606,0.00000,0.00000,0.01148
5.95200,0.12794,0.01276,0.00000,0.00001,0.94104,0.00000,0.04466,0.00000,0.00000,0.00154
5.98400,0.12794,0.00540,0.00000,0.00000,0.97946,0.00000,0.01426,0.00000,0.00000,0.00087
6.01600,0.12794,0.00471,0.00000,0.00000,0.98137,0.00000,0.01345,0.00000,0.00000,0.00047
6.04800,0.12794,0.00426,0.00000,0.00000,0.98540,0.00000,0.00993,0.00000,0.00000,0.00041
6.08000,0.12794,0.03219,0.00000,0.00000,0.94012,0.00000,0.02217,0.00000,0.00000,0.00553
6.11200,0.12794,0.05203,0.00000,0.00001,0.90104,0.00000,0.04122,0.00000,0.00000,0.00570
6.14400,0.12794,0.05128,0.00000,0.00001,0.89590,0.00000,0.04569,0.00000,0.00000,0.00712
6.17600,0.12794,0.02255,0.00000,0.00001,0.94538,0.00000,0.02881,0.00000,0.00000,0.00325
6.20800,0.12794,0.00685,0.00000,0.00001,0.96530,0.00000,0.02744,0.00000,0.00000,0.00039
6.24000,0.12794,0.00236,0.00000,0.00000,0.98930,0.00000,0.00820,0.00000,0.00000,0.00015
6.27200,0.12794,0.00158,0.00000,0.00000,0.99545,0.00000,0.00283,0.00000,0.00000,0.00013
6.30400,0.12794,0.00120,0.00001,0.00000,0.99690,0.00000,0.00179,0.00000,0.00000,0.00009
6.33600,0.12794,0.00067,0.00001,0.00000,0.99832,0.00000,0.00093,0.00000,0.00000,0.00008
6.36800,0.12794,0.00023,0.00001,0.00000,0.99935,0.00000,0.00039,0.00000,0.00000,0.00002
6.40000,0.12794,0.00005,0.00000,0.00000,0.99983,0.00000,0.00011,0.00000,0.00000,0.00000
6.43200,0.12794,0.00005,0.00000,0.00000,0.99981,0.00000,0.00014,0.00000,0.00000,0.00000
6.46400,0.12794,0.00010,0.00000,0.00000,0.99963,0.00000,0.00027,0.00000,0.00000,0.00000
6.49600,0.12794,0.00040,0.00000,0.00000,0.99833,0.00000,0.00125,0.00000,0.00000,0.00001
6.52800,0.12794,0.00023,0.00000,0.00000,0.99798,0.00000,0.00178,0.00000,0.00000,0.00001
6.56000,0.12794,0.00038,0.00000,0.00000,0.99475,0.00000,0.00485,0.00000,0.00000,0.00001
6.59200,0.12794,0.00006,0.00000,0.00000,0.99861,0.00000,0.00133,0.00000,0.00000,0.00000
6.62400,0.12794,0.00002,0.00000,0.00000,0.99943,0.00000,0.00055,0.00000,0.00000,0.00000
6.65600,0.12794,0.00002,0.00000,0.00000,0.99952,0.00000,0.00046,0.00000,0.00000,0.00000
6.68800,0.12794,0.00001,0.00000,0.00000,0.99990,0.00000,0.00009,0.00000,0.00000,0.00000
6.72000,0.12794,0.00006,0.00000,0.00000,0.99955,0.00000,0.00038,0.00000,0.00000,0.00001
6.75200,0.12794,0.00046,0.00000,0.00000,0.99798,0.00000,0.00125,0.00000,0.00000,0.00030
6.78400,0.12794,0.00135,0.00000,0.00000,0.99553,0.00000,0.00194,0.00000,0.00000,0.00119
6.81600,0.12794,0.00114,0.00000,0.00000,0.99600,0.00000,0.00206,0.00000,0.00000,0.00079
6.84800,0.12794,0.00056,0.00000,0.00000,0.99819,0.00000,0.00095,0.00000,0.00000,0.00030
6.88000,0.12794,0.00020,0.00000,0.00000,0.99910,0.00000,0.00066,0.00000,0.00000,0.00005
6.91200,0.12794,0.00004,0.00000,0.00000,0.99960,0.00000,0.00036,0.00000,0.00000,0.00000
6.94400,0.12794,0.00001,0.00000,0.00000,0.99983,0.00000,0.00017,0.00000,0.00000,0.00000
6.97600,0.12794,0.00000,0.00000,0.00000,0.99984,0.00000,0.00016,0.00000,0.00000,0.00000
7.00800,0.12794,0.00000,0.00000,0.00000,0.99993,0.00000,0.00007,0.00000,0.00000,0.00000
7.04000,0.12794,0.00000,0.00000,0.00000,0.99969,0.00000,0.00031,0.00000,0.00000,0.00000
7.07200,0.12794,0.00000,0.00000,0.00000,0.99950,0.00000,0.00050,0.00000,0.00000,0.00000
7.10400,0.12794,0.00000,0.00000,0.00000,0.99958,0.00000,0.00042,0.00000,0.00000,0.00000
7.13600,0.12794,0.00000,0.00000,0.00000,0.99957,0.00000,0.00043,0.00000,0.00000,0.00000
7.16800,0.12794,0.00000,0.00000,0.00000,0.99958,0.00000,0.00042,0.00000,0.00000,0.00000
7.20000,0.12794,0.00000,0.00000,0.00000,0.99944,0.00000,0.00055,0.00000,0.00000,0.00000
7.23200,0.12794,0.00001,0.00000,0.00000,0.99939,0.00000,0.00061,0.00000,0.00000,0.00000
7.26400,0.12794,0.00001,0.00000,0.00000,0.99903,0.00000,0.00096,0.00000,0.00000,0.00000
7.29600,0.12794,0.00000,0.00000,0.00000,0.99958,0.00000,0.00041,0.00000,0.00000,0.00000
7.32800,0.12794,0.00000,0.00000,0.00000,0.99966,0.00000,0.00033,0.00000,0.00000,0.00000
7.36000,0.12794,0.00000,0.00000,0.00000,0.99986,0.00000,0.00013,0.00000,0.00000,0.00000
7.39200,0.12794,0.00000,0.00000,0.00000,0.99994,0.00000,0.00006,0.00000,0.00000,0.00000
7.42400,0.12794,0.00000,0.00000,0.00000,0.99991,0.00000,0.00009,0.00000,0.00000,0.00000
7.45600,0.12794,0.00001,0.00000,0.00000,0.99977,0.00000,0.00022,0.00000,0.00000,0.00000
7.48800,0.12794,0.00003,0.00001,0.00000,0.99952,0.00000,0.00044,0.00000,0.00000,0.00000
7.52000,0.12794,0.00005,0.00001,0.00000,0.99899,0.00000,0.00095,0.00000,0.00000,0.00000
7.55200,0.12794,0.00023,0.00007,0.00000,0.99850,0.00000,0.00120,0.00000,0.00000,0.00000
7.58400,0.12794,0.00017,0.00007,0.00000,0.99891,0.00000,0.00085,0.00000,0.00000,0.00000
7.61600,0.12794,0.00007,0.00003,0.00000,0.99931,0.00000,0.00060,0.00000,0.00000,0.00000
7.64800,0.12794,0.00003,0.00002,0.00000,0.99969,0.00000,0.00025,0.00000,0.00000,0.00000
7.68000,0.12794,0.00004,0.00001,0.00000,0.99957,0.00000,0.00037,0.00000,0.00000,0.00000
7.71200,0.12794,0.00002,0.00000,0.00000,0.99966,0.00000,0.00032,0.00000,0.00000,0.00000
7.74400,0.12794,0.00006,0.00001,0.00000,0.99941,0.00000,0.00052,0.00000,0.00000,0.00000
7.77600,0.12794,0.00014,0.00001,0.00000,0.99893,0.00000,0.00089,0.00000,0.00000,0.00003
7.80800,0.12794,0.00008,0.00000,0.00000,0.99908,0.00000,0.00082,0.00000,0.00000,0.00002
7.84000,0.12794,0.00003,0.00000,0.00000,0.99955,0.00000,0.00042,0.00000,0.00000,0.00000
7.87200,0.12794,0.00001,0.00000,0.00000,0.99973,0.00000,0.00026,0.00000,0.00000,0.00000
7.90400,0.12794,0.00000,0.00000,0.00000,0.99987,0.00000,0.00013,0.00000,0.00000,0.00000
7.93600,0.12794,0.00001,0.00000,0.00000,0.99990,0.00000,0.00010,0.00000,0.00000,0.00000
7.96800,0.12794,0.00003,0.00000,0.00000,0.99969,0.00000,0.00028,0.00000,0.00000,0.00000
8.00000,0.12794,0.00005,0.00000,0.00000,0.99973,0.00000,0.00021,0.00000,0.00000,0.00001
8.03200,0.12794,0.00029,0.00000,0.00000,0.99900,0.00000,0.00057,0.00000,0.00000,0.00014
8.06400,0.12794,0.00052,0.00000,0.00000,0.99768,0.00000,0.00143,0.00000,0.00000,0.00036
8.09600,0.12794,0.00043,0.00000,0.00000,0.99791,0.00000,0.00144,0.00000,0.00000,0.00022
8.12800,0.12794,0.00060,0.00000,0.00000,0.99617,0.00000,0.00301,0.00000,0.00000,0.00022
8.16000,0.12794,0.00034,0.00000,0.00000,0.99639,0.00000,0.00323,0.00000,0.00000,0.00004
8.19200,0.12794,0.00004,0.00000,0.00000,0.99950,0.00000,0.00045,0.00000,0.00000,0.00000
8.22400,0.12794,0.00006,0.00000,0.00000,0.99938,0.00000,0.00055,0.00000,0.00000,0.00000
8.25600,0.12794,0.00008,0.00000,0.00000,0.99909,0.00000,0.00082,0.00000,0.00000,0.00000
8.28800,0.12794,0.00013,0.00000,0.00000,0.99848,0.00000,0.00138,0.00000,0.00000,0.00001
8.32000,0.12794,0.00023,0.00000,0.00000,0.99768,0.00000,0.00207,0.00000,0.00000,0.00002
8.35200,0.12794,0.00009,0.00000,0.00000,0.99907,0.00000,0.00083,0.00000,0.00000,0.00001
8.38400,0.12794,0.00009,0.00000,0.00000,0.99937,0.00000,0.00052,0.00000,0.00000,0.00001
8.41600,0.12794,0.00003,0.00000,0.00000,0.99985,0.00000,0.00012,0.00000,0.00000,0.00000
8.44800,0.12794,0.00003,0.00000,0.00000,0.99987,0.00000,0.00010,0.00000,0.00000,0.00000
8.48000,0.12794,0.00007,0.00000,0.00000,0.99976,0.00000,0.00017,0.00000,0.00000,0.00001
8.51200,0.12794,0.00018,0.00000,0.00000,0.99952,0.00000,0.00028,0.00000,0.00000,0.00002
8.54400,0.12794,0.00158,0.00001,0.00000,0.99735,0.00000,0.00074,0.00000,0.00000,0.00031
8.57600,0.12794,0.00436,0.00004,0.00001,0.99270,0.00000,0.00203,0.00000,0.00000,0.00087
8.60800,0.12794,0.00378,0.00008,0.00001,0.99342,0.00000,0.00180,0.00000,0.00000,0.00091
8.64000,0.12794,0.00221,0.00025,0.00001,0.99635,0.00000,0.00081,0.00000,0.00000,0.00037
8.67200,0.12794,0.00109,0.00015,0.00000,0.99784,0.00000,0.00085,0.00000,0.00000,0.00007
8.70400,0.12794,0.00133,0.00012,0.00000,0.99748,0.00000,0.00103,0.00000,0.00000,0.00004
8.73600,0.12794,0.00079,0.00005,0.00000,0.99838,0.00000,0.00077,0.00000,0.00000,0.00001
8.76800,0.12794,0.00034,0.00001,0.00000,0.99921,0.00000,0.00044,0.00000,0.00000,0.00001
8.80000,0.12794,0.00008,0.00001,0.00000,0.99980,0.00000,0.00011,0.00000,0.00000,0.00000
8.83200,0.12794,0.00006,0.00001,0.00000,0.99988,0.00000,0.00005,0.00000,0.00000,0.00000
8.86400,0.12794,0.00018,0.00007,0.00000,0.99965,0.00000,0.00008,0.00000,0.00000,0.00002
8.89600,0.12794,0.00065,0.00023,0.00000,0.99871,0.00000,0.00026,0.00000,0.00000,0.00014
8.92800,0.12794,0.00088,0.00013,0.00000,0.99814,0.00000,0.00068,0.00000,0.00000,0.00017
8.96000,0.12794,0.00108,0.00005,0.00000,0.99769,0.00000,0.00095,0.00000,0.00000,0.00023
8.99200,0.12794,0.00056,0.00002,0.00000,0.99860,0.00000,0.00073,0.00000,0.00000,0.00010
9.02400,0.12794,0.00049,0.00001,0.00000,0.99885,0.00000,0.00059,0.00000,0.00000,0.00006
9.05600,0.12794,0.00108,0.00002,0.00000,0.99815,0.00000,0.00056,0.00000,0.00000,0.00019
9.08800,0.12794,0.00135,0.00001,0.00000,0.99766,0.00000,0.00082,0.00000,0.00000,0.00016
9.12000,0.12794,0.00186,0.00001,0.00000,0.99684,0.00000,0.00105,0.00000,0.00000,0.00025
9.15200,0.12794,0.00230,0.00001,0.00000,0.99561,0.00000,0.00185,0.00000,0.00000,0.00023
9.18400,0.12794,0.00232,0.00001,0.00000,0.99531,0.00000,0.00218,0.00000,0.00000,0.00018
9.21600,0.12794,0.00216,0.00004,0.00000,0.99571,0.00000,0.00188,0.00000,0.00000,0.00021
9.24800,0.12794,0.00202,0.00004,0.00000,0.99581,0.00000,0.00191,0.00000,0.00000,0.00021
9.28000,0.12794,0.00114,0.00004,0.00000,0.99765,0.00000,0.00101,0.00000,0.00000,0.00015
9.31200,0.12794,0.00073,0.00002,0.00000,0.99837,0.00000,0.00079,0.00000,0.00000,0.00009
9.34400,0.12794,0.00066,0.00001,0.00000,0.99841,0.00000,0.00085,0.00000,0.00000,0.00007
9.37600,0.12794,0.00087,0.00000,0.00000,0.99770,0.00000,0.00133,0.00000,0.00000,0.00009
9.40800,0.12794,0.00107,0.00000,0.00000,0.99646,0.00000,0.00221,0.00000,0.00000,0.00026
9.44000,0.12794,0.00184,0.00000,0.00000,0.99278,0.00000,0.00468,0.00000,0.00000,0.00070
9.47200,0.12794,0.00178,0.00000,0.00000,0.99118,0.00000,0.00638,0.00000,0.00000,0.00066
9.50400,0.12794,0.00111,0.00000,0.00000,0.99213,0.00000,0.00648,0.00000,0.00000,0.00027
9.53600,0.12794,0.00207,0.00000,0.00000,0.98514,0.00000,0.01256,0.00000,0.00000,0.00024
9.56800,0.12794,0.00304,0.00000,0.00000,0.97500,0.00000,0.02166,0.00000,0.00000,0.00030
9.60000,0.12794,0.00889,0.00000,0.00000,0.93061,0.00000,0.05966,0.00000,0.00000,0.00085
9.63200,0.12794,0.01340,0.00000,0.00001,0.90280,0.00000,0.08230,0.00000,0.00000,0.00150
9.66400,0.12794,0.01094,0.00000,0.00001,0.93837,0.00000,0.04899,0.00000,0.00000,0.00169
9.69600,0.12794,0.00851,0.00000,0.00001,0.95642,0.00000,0.03367,0.00000,0.00000,0.00139
9.72800,0.12794,0.00389,0.00000,0.00000,0.98225,0.00000,0.01304,0.00000,0.00000,0.00082
9.76000,0.12794,0.00425,0.00000,0.00000,0.98382,0.00000,0.01066,0.00000,0.00000,0.00127
9.79200,0.12794,0.00499,0.00000,0.00000,0.97616,0.00000,0.01757,0.00000,0.00000,0.00129
9.82400,0.12794,0.00819,0.00000,0.00000,0.95481,0.00000,0.03540,0.00000,0.00000,0.00160
9.85600,0.12794,0.01033,0.00000,0.00000,0.93000,0.00000,0.05795,0.00000,0.00000,0.00172
9.88800,0.12794,0.01030,0.00000,0.00000,0.92150,0.00000,0.06679,0.00000,0.00000,0.00141
9.92000,0.12794,0.01179,0.00000,0.00000,0.91087,0.00000,0.07626,0.00000,0.00000,0.00108
9.95200,0.12794,0.01245,0.00000,0.00000,0.92437,0.00000,0.06204,0.00000,0.00000,0.00114
9.98400,0.12794,0.01662,0.00000,0.00001,0.92109,0.00000,0.06050,0.00000,0.00000,0.00178
10.01600,0.12794,0.01602,0.00000,0.00001,0.94507,0.00000,0.03727,0.00000,0.00000,0.00164
10.04800,0.12794,0.01599,0.00000,0.00000,0.95000,0.00000,0.03214,0.00000,0.00000,0.00187
10.08000,0.12794,0.01364,0.00000,0.00000,0.96271,0.00000,0.02218,0.00000,0.00000,0.00146
10.11200,0.12794,0.01295,0.00000,0.00000,0.96769,0.00000,0.01807,0.00000,0.00000,0.00129
10.14400,0.12794,0.01885,0.00000,0.00000,0.95504,0.00000,0.02393,0.00000,0.00000,0.00217
10.17600,0.12794,0.01812,0.00000,0.00001,0.96374,0.00000,0.01563,0.00000,0.00000,0.00251
10.20800,0.12794,0.03038,0.00000,0.00001,0.94536,0.00000,0.01848,0.00000,0.00000,0.00578
10.24000,0.12794,0.03190,0.00000,0.00001,0.94655,0.00000,0.01084,0.00000,0.00000,0.01069
10.27200,0.12794,0.02678,0.00000,0.00001,0.95367,0.00000,0.00676,0.00000,0.00000,0.01277
10.30400,0.12794,0.03885,0.00001,0.00001,0.92944,0.00000,0.00752,0.00000,0.00000,0.02418
10.33600,0.12794,0.03315,0.00001,0.00001,0.93498,0.00000,0.00598,0.00000,0.00000,0.02588
10.36800,0.12794,0.04659,0.00001,0.00001,0.90911,0.00000,0.00789,0.00000,0.00000,0.03640
10.40000,0.12794,0.05922,0.00000,0.00001,0.88000,0.00000,0.00988,0.00000,0.00000,0.05089
10.43200,0.12794,0.04378,0.00000,0.00001,0.91537,0.00000,0.01214,0.00000,0.00000,0.02870
10.46400,0.12794,0.04261,0.00000,0.00000,0.92488,0.00000,0.01321,0.00000,0.00000,0.01930
10.49600,0.12794,0.03302,0.00000,0.00000,0.93510,0.00000,0.02434,0.00000,0.00000,0.00753
10.52800,0.12794,0.03527,0.00000,0.00000,0.91650,0.00000,0.04361,0.00000,0.00000,0.00463
10.56000,0.12794,0.04367,0.00000,0.00000,0.88829,0.00000,0.06468,0.00000,0.00000,0.00335
10.59200,0.12794,0.05254,0.00000,0.00000,0.85634,0.00000,0.08802,0.00000,0.00000,0.00310
10.62400,0.12794,0.05468,0.00000,0.00000,0.85696,0.00000,0.08425,0.00000,0.00000,0.00411
10.65600,0.12794,0.06781,0.00000,0.00000,0.79751,0.00000,0.12996,0.00000,0.00000,0.00471
10.68800,0.12794,0.05742,0.00000,0.00000,0.80566,0.00000,0.13136,0.00000,0.00000,0.00556
10.72000,0.12794,0.04381,0.00000,0.00000,0.81319,0.00000,0.13813,0.00000,0.00000,0.00487
10.75200,0.12794,0.05257,0.00000,0.00000,0.81560,0.00000,0.12461,0.00000,0.00000,0.00722
10.78400,0.12794,0.03811,0.00000,0.00000,0.89283,0.00000,0.06253,0.00000,0.00000,0.00653
10.81600,0.12794,0.03506,0.00000,0.00001,0.90117,0.00000,0.05705,0.00000,0.00000,0.00671
10.84800,0.12794,0.02275,0.00000,0.00001,0.93249,0.00000,0.03925,0.00000,0.00000,0.00551
10.88000,0.12794,0.01450,0.00000,0.00001,0.93925,0.00000,0.04277,0.00000,0.00000,0.00348
10.91200,0.12794,0.00973,0.00000,0.00001,0.96228,0.00000,0.02442,0.00000,0.00000,0.00356
10.94400,0.12794,0.00539,0.00000,0.00000,0.98246,0.00000,0.01075,0.00000,0.00000,0.00140
10.97600,0.12794,0.00493,0.00001,0.00000,0.98820,0.00000,0.00581,0.00000,0.00000,0.00106
11.00800,0.12794,0.00198,0.00001,0.00000,0.99527,0.00000,0.00244,0.00000,0.00000,0.00029
11.04000,0.12794,0.00117,0.00002,0.00000,0.99742,0.00000,0.00127,0.00000,0.00000,0.00012
11.07200,0.12794,0.00039,0.00001,0.00000,0.99904,0.00000,0.00053,0.00000,0.00000,0.00003
11.10400,0.12794,0.00037,0.00002,0.00000,0.99906,0.00000,0.00053,0.00000,0.00000,0.00003
11.13600,0.12794,0.00039,0.00002,0.00000,0.99903,0.00000,0.00054,0.00000,0.00000,0.00002
11.16800,0.12794,0.00022,0.00000,0.00000,0.99927,0.00000,0.00050,0.00000,0.00000,0.00001
11.20000,0.12794,0.00035,0.00000,0.00000,0.99890,0.00000,0.00070,0.00000,0.00000,0.00004
11.23200,0.12794,0.00048,0.00000,0.00000,0.99776,0.00000,0.00171,0.00000,0.00000,0.00004
11.26400,0.12794,0.00049,0.00000,0.00000,0.99649,0.00000,0.00297,0.00000,0.00000,0.00006
11.29600,0.12794,0.00115,0.00000,0.00000,0.98409,0.00000,0.01465,0.00000,0.00000,0.00011
11.32800,0.12794,0.00039,0.00000,0.00000,0.98776,0.00000,0.01182,0.00000,0.00000,0.00002
11.36000,0.12794,0.00015,0.00000,0.00000,0.99496,0.00000,0.00488,0.00000,0.00000,0.00001
11.39200,0.12794,0.00017,0.00000,0.00000,0.99430,0.00000,0.00553,0.00000,0.00000,0.00001
11.42400,0.12794,0.00009,0.00000,0.00000,0.99800,0.00000,0.00191,0.00000,0.00000,0.00000
11.45600,0.12794,0.00013,0.00000,0.00000,0.99786,0.00000,0.00200,0.00000,0.00000,0.00001
11.48800,0.12794,0.00010,0.00000,0.00000,0.99874,0.00000,0.00115,0.00000,0.00000,0.00001
11.52000,0.12794,0.00005,0.00000,0.00000,0.99953,0.00000,0.00042,0.00000,0.00000,0.00000
11.55200,0.12794,0.00002,0.00000,0.00000,0.99983,0.00000,0.00015,0.00000,0.00000,0.00000
11.58400,0.12794,0.00000,0.00000,0.00000,0.99995,0.00000,0.00005,0.00000,0.00000,0.00000
11.61600,0.12794,0.00000,0.00000,0.00000,0.99999,0.00000,0.00001,0.00000,0.00000,0.00000
11.64800,0.12794,0.00000,0.00000,0.00000,1.00000,0.00000,0.00000,0.00000,0.00000,0.00000
11.68000,0.12794,0.00000,0.00000,0.00000,1.00000,0.00000,0.00000,0.00000,0.00000,0.00000
11.71200,0.12794,0.00000,0.00000,0.00000,0.99999,0.00000,0.00001,0.00000,0.00000,0.00000
11.74400,0.12794,0.00000,0.00000,0.00000,0.99994,0.00000,0.00006,0.00000,0.00000,0.00000
11.77600,0.12794,0.00000,0.00000,0.00000,0.99985,0.00000,0.00014,0.00000,0.00000,0.00000
11.80800,0.12794,0.00000,0.00000,0.00000,0.99987,0.00000,0.00013,0.00000,0.00000,0.00000
11.84000,0.12794,0.00000,0.00000,0.00000,0.99992,0.00000,0.00007,0.00000,0.00000,0.00000
11.87200,0.12794,0.00000,0.00000,0.00000,0.99997,0.00000,0.00003,0.00000,0.00000,0.00000
11.90400,0.12794,0.00000,0.00000,0.00000,0.99997,0.00000,0.00003,0.00000,0.00000,0.00000
11.93600,0.12794,0.00000,0.00001,0.00000,0.99996,0.00000,0.00003,0.00000,0.00000,0.00000
11.96800,0.12794,0.00000,0.00000,0.00000,0.99998,0.00000,0.00002,0.00000,0.00000,0.00000
12.00000,0.12794,0.00000,0.00000,0.00000,0.99997,0.00000,0.00002,0.00000,0.00000,0.00000
12.03200,0.12794,0.00000,0.00000,0.00000,0.99999,0.00000,0.00001,0.00000,0.00000,0.00000
12.06400,0.12794,0.00000,0.00000,0.00000,0.99998,0.00000,0.00002,0.00000,0.00000,0.00000
12.09600,0.12794,0.00000,0.00000,0.00000,0.99994,0.00000,0.00006,0.00000,0.00000,0.00000
12.12800,0.12794,0.00001,0.00000,0.00000,0.99980,0.00000,0.00019,0.00000,0.00000,0.00000
12.16000,0.12794,0.00009,0.00003,0.00000,0.99913,0.00000,0.00075,0.00000,0.00000,0.00000
12.19200,0.12794,0.00033,0.00003,0.00000,0.99685,0.00000,0.00278,0.00000,0.00000,0.00001
12.22400,0.12794,0.00084,0.00013,0.00001,0.99617,0.00000,0.00284,0.00000,0.00000,0.00002
12.25600,0.12794,0.00059,0.00014,0.00001,0.99713,0.00000,0.00214,0.00000,0.00000,0.00001
12.28800,0.12794,0.00008,0.00002,0.00000,0.99857,0.00000,0.00133,0.00000,0.00000,0.00000
12.32000,0.12794,0.00002,0.00001,0.00000,0.99942,0.00000,0.00055,0.00000,0.00000,0.00000
12.35200,0.12794,0.00000,0.00000,0.00000,0.99958,0.00000,0.00041,0.00000,0.00000,0.00000
12.38400,0.12794,0.00000,0.00000,0.00000,0.99959,0.00000,0.00041,0.00000,0.00000,0.00000
12.41600,0.12794,0.00001,0.00000,0.00000,0.99951,0.00000,0.00048,0.00000,0.00000,0.00000
12.44800,0.12794,0.00005,0.00000,0.00000,0.99929,0.00000,0.00065,0.00000,0.00000,0.00000
12.48000,0.12794,0.00010,0.00000,0.00000,0.99877,0.00000,0.00111,0.00000,0.00000,0.00002
12.51200,0.12794,0.00004,0.00000,0.00000,0.99945,0.00000,0.00050,0.00000,0.00000,0.00000
12.54400,0.12794,0.00002,0.00000,0.00000,0.99973,0.00000,0.00025,0.00000,0.00000,0.00000
12.57600,0.12794,0.00001,0.00000,0.00000,0.99975,0.00000,0.00024,0.00000,0.00000,0.00000
12.60800,0.12794,0.00001,0.00000,0.00000,0.99987,0.00000,0.00012,0.00000,0.00000,0.00000
12.64000,0.12794,0.00010,0.00000,0.00000,0.99943,0.00000,0.00045,0.00000,0.00000,0.00002
12.67200,0.12794,0.00023,0.00000,0.00000,0.99900,0.00000,0.00069,0.00000,0.00000,0.00007
12.70400,0.12794,0.00050,0.00000,0.00000,0.99817,0.00000,0.00102,0.00000,0.00000,0.00030
12.73600,0.12794,0.00056,0.00000,0.00000,0.99757,0.00000,0.00160,0.00000,0.00000,0.00027
12.76800,0.12794,0.00036,0.00000,0.00000,0.99711,0.00000,0.00245,0.00000,0.00000,0.00008
12.80000,0.12794,0.00039,0.00000,0.00000,0.99608,0.00000,0.00347,0.00000,0.00000,0.00006
12.83200,0.12794,0.00012,0.00000,0.00000,0.99803,0.00000,0.00184,0.00000,0.00000,0.00001
12.86400,0.12794,0.00010,0.00000,0.00000,0.99860,0.00000,0.00130,0.00000,0.00000,0.00001
12.89600,0.12794,0.00002,0.00000,0.00000,0.99968,0.00000,0.00030,0.00000,0.00000,0.00000
12.92800,0.12794,0.00006,0.00000,0.00000,0.99894,0.00000,0.00100,0.00000,0.00000,0.00000
12.96000,0.12794,0.00015,0.00000,0.00000,0.99794,0.00000,0.00189,0.00000,0.00000,0.00002
12.99200,0.12794,0.00016,0.00000,0.00000,0.99827,0.00000,0.00154,0.00000,0.00000,0.00002
13.02400,0.12794,0.00076,0.00000,0.00000,0.99410,0.00000,0.00497,0.00000,0.00000,0.00017
13.05600,0.12794,0.00098,0.00000,0.00000,0.99544,0.00000,0.00327,0.00000,0.00000,0.00031
13.08800,0.12794,0.00114,0.00000,0.00000,0.99563,0.00000,0.00296,0.00000,0.00000,0.00027
13.12000,0.12794,0.00323,0.00000,0.00000,0.98707,0.00000,0.00926,0.00000,0.00000,0.00045
13.15200,0.12794,0.00321,0.00000,0.00000,0.98974,0.00000,0.00669,0.00000,0.00000,0.00036
13.18400,0.12794,0.00064,0.00000,0.00000,0.99725,0.00000,0.00208,0.00000,0.00000,0.00004
13.21600,0.12794,0.00104,0.00000,0.00000,0.99672,0.00000,0.00219,0.00000,0.00000,0.00005
13.24800,0.12794,0.00108,0.00000,0.00000,0.99713,0.00000,0.00169,0.00000,0.00000,0.00009
13.28000,0.12794,0.00042,0.00000,0.00000,0.99869,0.00000,0.00087,0.00000,0.00000,0.00002
13.31200,0.12794,0.00111,0.00002,0.00000,0.99755,0.00000,0.00128,0.00000,0.00000,0.00004
13.34400,0.12794,0.00146,0.00004,0.00000,0.99691,0.00000,0.00152,0.00000,0.00000,0.00006
13.37600,0.12794,0.00104,0.00007,0.00000,0.99777,0.00000,0.00109,0.00000,0.00000,0.00003
13.40800,0.12794,0.00124,0.00008,0.00000,0.99726,0.00000,0.00139,0.00000,0.00000,0.00003
13.44000,0.12794,0.00086,0.00004,0.00000,0.99802,0.00000,0.00104,0.00000,0.00000,0.00003
13.47200,0.12794,0.00020,0.00002,0.00000,0.99949,0.00000,0.00029,0.00000,0.00000,0.00000
13.50400,0.12794,0.00018,0.00003,0.00000,0.99958,0.00000,0.00020,0.00000,0.00000,0.00001
13.53600,0.12794,0.00073,0.00016,0.00000,0.99864,0.00000,0.00038,0.00000,0.00000,0.00008
13.56800,0.12794,0.00117,0.00034,0.00000,0.99777,0.00000,0.00040,0.00000,0.00000,0.00032
13.60000,0.12794,0.00186,0.00023,0.00001,0.99620,0.00000,0.00084,0.00000,0.00000,0.00087
13.63200,0.12794,0.00175,0.00009,0.00001,0.99630,0.00000,0.00124,0.00000,0.00000,0.00061
13.66400,0.12794,0.00090,0.00005,0.00000,0.99812,0.00000,0.00071,0.00000,0.00000,0.00022
13.69600,0.12794,0.00130,0.00003,0.00000,0.99711,0.00000,0.00138,0.00000,0.00000,0.00018
13.72800,0.12794,0.00324,0.00002,0.00000,0.99407,0.00000,0.00214,0.00000,0.00000,0.00052
13.76000,0.12794,0.00396,0.00002,0.00000,0.99385,0.00000,0.00154,0.00000,0.00000,0.00062
13.79200,0.12794,0.00507,0.00001,0.00001,0.99205,0.00000,0.00224,0.00000,0.00000,0.00063
13.82400,0.12794,0.00482,0.00001,0.00000,0.99191,0.00000,0.00257,0.00000,0.00000,0.00069
13.85600,0.12794,0.00323,0.00001,0.00000,0.99287,0.00000,0.00364,0.00000,0.00000,0.00025
13.88800,0.12794,0.00579,0.00001,0.00001,0.98694,0.00000,0.00662,0.00000,0.00000,0.00064
13.92000,0.12794,0.00768,0.00004,0.00001,0.98544,0.00000,0.00545,0.00000,0.00000,0.00138
13.95200,0.12794,0.00404,0.00003,0.00001,0.99217,0.00000,0.00304,0.00000,0.00000,0.00071
13.98400,0.12794,0.00341,0.00006,0.00000,0.99415,0.00000,0.00129,0.00000,0.00000,0.00109
14.01600,0.12794,0.00153,0.00005,0.00000,0.99738,0.00000,0.00054,0.00000,0.00000,0.00049
14.04800,0.12794,0.00100,0.00002,0.00000,0.99808,0.00000,0.00047,0.00000,0.00000,0.00044
14.08000,0.12794,0.00272,0.00001,0.00000,0.99488,0.00000,0.00169,0.00000,0.00000,0.00070
14.11200,0.12794,0.00811,0.00001,0.00001,0.98305,0.00000,0.00610,0.00000,0.00000,0.00273
14.14400,0.12794,0.00984,0.00000,0.00001,0.97156,0.00000,0.01639,0.00000,0.00000,0.00220
14.17600,0.12794,0.00987,0.00000,0.00000,0.95926,0.00000,0.02952,0.00000,0.00000,0.00135
14.20800,0.12794,0.00474,0.00000,0.00000,0.97676,0.00000,0.01761,0.00000,0.00000,0.00088
14.24000,0.12794,0.00325,0.00000,0.00000,0.97907,0.00000,0.01720,0.00000,0.00000,0.00048
14.27200,0.12794,0.00595,0.00000,0.00000,0.96234,0.00000,0.03087,0.00000,0.00000,0.00084
14.30400,0.12794,0.00846,0.00000,0.00001,0.93896,0.00000,0.05148,0.00000,0.00000,0.00109
14.33600,0.12794,0.01332,0.00000,0.00001,0.92075,0.00000,0.06349,0.00000,0.00000,0.00242
14.36800,0.12794,0.00923,0.00000,0.00001,0.94171,0.00000,0.04758,0.00000,0.00000,0.00147
14.40000,0.12794,0.00974,0.00000,0.00001,0.95730,0.00000,0.03051,0.00000,0.00000,0.00244
14.43200,0.12794,0.00655,0.00000,0.00000,0.97397,0.00000,0.01747,0.00000,0.00000,0.00201
14.46400,0.12794,0.00937,0.00000,0.00000,0.96264,0.00000,0.02541,0.00000,0.00000,0.00258
14.49600,0.12794,0.01144,0.00000,0.00000,0.94752,0.00000,0.03858,0.00000,0.00000,0.00245
14.52800,0.12794,0.01283,0.00000,0.00000,0.93062,0.00000,0.05453,0.00000,0.00000,0.00201
14.56000,0.12794,0.02178,0.00000,0.00001,0.87779,0.00000,0.09774,0.00000,0.00000,0.00268
14.59200,0.12794,0.01973,0.00000,0.00001,0.90451,0.00000,0.07375,0.00000,0.00000,0.00201
14.62400,0.12794,0.02259,0.00000,0.00001,0.89641,0.00000,0.07872,0.00000,0.00000,0.00227
14.65600,0.12794,0.02075,0.00000,0.00001,0.91322,0.00000,0.06389,0.00000,0.00000,0.00213
14.68800,0.12794,0.01862,0.00000,0.00001,0.93697,0.00000,0.04229,0.00000,0.00000,0.00211
14.72000,0.12794,0.01780,0.00000,0.00001,0.93735,0.00000,0.04313,0.00000,0.00000,0.00171
14.75200,0.12794,0.01440,0.00000,0.00000,0.95656,0.00000,0.02741,0.00000,0.00000,0.00162
14.78400,0.12794,0.01624,0.00000,0.00000,0.95163,0.00000,0.03047,0.00000,0.00000,0.00166
14.81600,0.12794,0.01639,0.00000,0.00000,0.95873,0.00000,0.02292,0.00000,0.00000,0.00195
14.84800,0.12794,0.01934,0.00000,0.00000,0.95934,0.00000,0.01837,0.00000,0.00000,0.00295
14.88000,0.12794,0.02424,0.00000,0.00000,0.94635,0.00000,0.02482,0.00000,0.00000,0.00459
14.91200,0.12794,0.04217,0.00000,0.00001,0.92473,0.00000,0.01832,0.00000,0.00000,0.01478
14.94400,0.12794,0.07976,0.00000,0.00001,0.84530,0.00000,0.01730,0.00000,0.00000,0.05763
14.97600,0.12794,0.09081,0.00000,0.00001,0.79091,0.00000,0.01414,0.00000,0.00000,0.10413
15.00800,0.12794,0.09779,0.00000,0.00001,0.75339,0.00000,0.00703,0.00000,0.00000,0.14178
15.04000,0.12794,0.09001,0.00001,0.00001,0.74920,0.00000,0.00773,0.00000,0.00000,0.15304
15.07200,0.12794,0.06894,0.00001,0.00001,0.84885,0.00000,0.01129,0.00000,0.00000,0.07091
15.10400,0.12794,0.06846,0.00000,0.00001,0.86886,0.00000,0.01967,0.00000,0.00000,0.04300
15.13600,0.12794,0.04837,0.00000,0.00001,0.90143,0.00000,0.02810,0.00000,0.00000,0.02209
15.16800,0.12794,0.03737,0.00000,0.00000,0.90848,0.00000,0.04709,0.00000,0.00000,0.00706
15.20000,0.12794,0.04231,0.00000,0.00000,0.84241,0.00000,0.11221,0.00000,0.00000,0.00307
15.23200,0.12794,0.05052,0.00000,0.00000,0.80462,0.00000,0.14193,0.00000,0.00000,0.00292
15.26400,0.12794,0.07207,0.00000,0.00000,0.68181,0.00000,0.24346,0.00000,0.00000,0.00266
15.29600,0.12794,0.06852,0.00000,0.00000,0.70700,0.00000,0.22177,0.00000,0.00000,0.00271
15.32800,0.12794,0.07463,0.00000,0.00000,0.62262,0.00000,0.30025,0.00000,0.00000,0.00251
15.36000,0.12794,0.08531,0.00000,0.00000,0.61031,0.00000,0.30095,0.00000,0.00000,0.00343
15.39200,0.12794,0.08810,0.00000,0.00000,0.68547,0.00000,0.22199,0.00000,0.00000,0.00443
15.42400,0.12794,0.12469,0.00000,0.00001,0.73902,0.00000,0.12447,0.00000,0.00000,0.01181
15.45600,0.12794,0.09551,0.00000,0.00001,0.82605,0.00000,0.05827,0.00000,0.00000,0.02016
15.48800,0.12794,0.06193,0.00000,0.00001,0.88540,0.00000,0.03713,0.00000,0.00000,0.01553
15.52000,0.12794,0.02873,0.00000,0.00001,0.93730,0.00000,0.02260,0.00000,0.00000,0.01136
15.55200,0.12794,0.01574,0.00000,0.00000,0.95438,0.00000,0.02407,0.00000,0.00000,0.00580
15.58400,0.12794,0.00595,0.00000,0.00000,0.98432,0.00000,0.00709,0.00000,0.00000,0.00264
15.61600,0.12794,0.00357,0.00000,0.00000,0.99150,0.00000,0.00352,0.00000,0.00000,0.00141
15.64800,0.12794,0.00356,0.00001,0.00000,0.99279,0.00000,0.00228,0.00000,0.00000,0.00136
15.68000,0.12794,0.00229,0.00002,0.00000,0.99538,0.00000,0.00160,0.00000,0.00000,0.00071
15.71200,0.12794,0.00153,0.00002,0.00000,0.99662,0.00000,0.00137,0.00000,0.00000,0.00046
15.74400,0.12794,0.00096,0.00003,0.00000,0.99796,0.00000,0.00081,0.00000,0.00000,0.00023
15.77600,0.12794,0.00066,0.00005,0.00000,0.99859,0.00000,0.00060,0.00000,0.00000,0.00010
15.80800,0.12794,0.00056,0.00003,0.00000,0.99876,0.00000,0.00059,0.00000,0.00000,0.00006
15.84000,0.12794,0.00188,0.00002,0.00000,0.99637,0.00000,0.00149,0.00000,0.00000,0.00025
15.87200,0.12794,0.00162,0.00001,0.00000,0.99635,0.00000,0.00177,0.00000,0.00000,0.00026
15.90400,0.12794,0.00197,0.00000,0.00000,0.99483,0.00000,0.00265,0.00000,0.00000,0.00055
15.93600,0.12794,0.00212,0.00000,0.00000,0.99239,0.00000,0.00480,0.00000,0.00000,0.00069
15.96800,0.12794,0.00101,0.00000,0.00000,0.99238,0.00000,0.00640,0.00000,0.00000,0.00021
16.00000,0.12794,0.00049,0.00000,0.00000,0.99465,0.00000,0.00474,0.00000,0.00000,0.00012
16.03200,0.12794,0.00017,0.00000,0.00000,0.99709,0.00000,0.00272,0.00000,0.00000,0.00002
16.06400,0.12794,0.00020,0.00000,0.00000,0.99674,0.00000,0.00304,0.00000,0.00000,0.00002
16.09600,0.12794,0.00034,0.00000,0.00000,0.99664,0.00000,0.00296,0.00000,0.00000,0.00007
16.12800,0.12794,0.00166,0.00000,0.00000,0.99055,0.00000,0.00725,0.00000,0.00000,0.00053
16.16000,0.12794,0.00158,0.00000,0.00000,0.99258,0.00000,0.00480,0.00000,0.00000,0.00104
16.19200,0.12794,0.00072,0.00000,0.00000,0.99662,0.00000,0.00228,0.00000,0.00000,0.00038
16.22400,0.12794,0.00009,0.00000,0.00000,0.99943,0.00000,0.00046,0.00000,0.00000,0.00002
16.25600,0.12794,0.00001,0.00000,0.00000,0.99989,0.00000,0.00010,0.00000,0.00000,0.00000
16.28800,0.12794,0.00000,0.00000,0.00000,0.99989,0.00000,0.00011,0.00000,0.00000,0.00000
16.32000,0.12794,0.00000,0.00000,0.00000,0.99991,0.00000,0.00009,0.00000,0.00000,0.00000
16.35200,0.12794,0.00000,0.00000,0.00000,0.99985,0.00000,0.00015,0.00000,0.00000,0.00000
16.38400,0.12794,0.00001,0.00000,0.00000,0.99947,0.00000,0.00053,0.00000,0.00000,0.00000
16.41600,0.12794,0.00001,0.00000,0.00000,0.99938,0.00000,0.00062,0.00000,0.00000,0.00000
16.44800,0.12794,0.00000,0.00000,0.00000,0.99964,0.00000,0.00036,0.00000,0.00000,0.00000
16.48000,0.12794,0.00000,0.00000,0.00000,0.99982,0.00000,0.00017,0.00000,0.00000,0.00000
16.51200,0.12794,0.00000,0.00000,0.00000,0.99993,0.00000,0.00007,0.00000,0.00000,0.00000
16.54400,0.12794,0.00000,0.00000,0.00000,0.99996,0.00000,0.00003,0.00000,0.00000,0.00000
16.57600,0.12794,0.00000,0.00000,0.00000,0.99996,0.00000,0.00004,0.00000,0.00000,0.00000
16.60800,0.12794,0.00000,0.00000,0.00000,0.99994,0.00000,0.00006,0.00000,0.00000,0.00000
16.64000,0.12794,0.00001,0.00000,0.00000,0.99973,0.00000,0.00026,0.00000,0.00000,0.00000
16.67200,0.12794,0.00001,0.00000,0.00000,0.99968,0.00000,0.00031,0.00000,0.00000,0.00000
16.70400,0.12794,0.00001,0.00000,0.00000,0.99964,0.00000,0.00035,0.00000,0.00000,0.00000
16.73600,0.12794,0.00002,0.00000,0.00000,0.99890,0.00000,0.00108,0.00000,0.00000,0.00000
16.76800,0.12794,0.00001,0.00000,0.00000,0.99945,0.00000,0.00054,0.00000,0.00000,0.00000
16.80000,0.12794,0.00004,0.00000,0.00000,0.99860,0.00000,0.00136,0.00000,0.00000,0.00000
16.83200,0.12794,0.00024,0.00001,0.00000,0.99596,0.00000,0.00378,0.00000,0.00000,0.00000
16.86400,0.12794,0.00024,0.00001,0.00000,0.99628,0.00000,0.00346,0.00000,0.00000,0.00000
16.89600,0.12794,0.00116,0.00006,0.00001,0.99392,0.00000,0.00481,0.00000,0.00000,0.00005
16.92800,0.12794,0.00138,0.00009,0.00001,0.99372,0.00000,0.00474,0.00000,0.00000,0.00006
16.96000,0.12794,0.00085,0.00003,0.00000,0.99417,0.00000,0.00493,0.00000,0.00000,0.00002
16.99200,0.12794,0.00053,0.00003,0.00000,0.99642,0.00000,0.00300,0.00000,0.00000,0.00002
17.02400,0.12794,0.00013,0.00001,0.00000,0.99832,0.00000,0.00155,0.00000,0.00000,0.00000
17.05600,0.12794,0.00007,0.00000,0.00000,0.99856,0.00000,0.00136,0.00000,0.00000,0.00000
17.08800,0.12794,0.00002,0.00000,0.00000,0.99958,0.00000,0.00039,0.00000,0.00000,0.00000
17.12000,0.12794,0.00001,0.00000,0.00000,0.99983,0.00000,0.00016,0.00000,0.00000,0.00000
17.15200,0.12794,0.00000,0.00000,0.00000,0.99984,0.00000,0.00015,0.00000,0.00000,0.00000
17.18400,0.12794,0.00000,0.00000,0.00000,0.99995,0.00000,0.00005,0.00000,0.00000,0.00000
17.21600,0.12794,0.00000,0.00000,0.00000,0.99995,0.00000,0.00004,0.00000,0.00000,0.00000
17.24800,0.12794,0.00000,0.00000,0.00000,0.99996,0.00000,0.00004,0.00000,0.00000,0.00000
17.28000,0.12794,0.00000,0.00000,0.00000,0.99995,0.00000,0.00004,0.00000,0.00000,0.00000
17.31200,0.12794,0.00001,0.00000,0.00000,0.99991,0.00000,0.00007,0.00000,0.00000,0.00000
17.34400,0.12794,0.00003,0.00000,0.00000,0.99985,0.00000,0.00013,0.00000,0.00000,0.00000
17.37600,0.12794,0.00014,0.00000,0.00000,0.99939,0.00000,0.00042,0.00000,0.00000,0.00004
17.40800,0.12794,0.00018,0.00000,0.00000,0.99896,0.00000,0.00079,0.00000,0.00000,0.00006
17.44000,0.12794,0.00021,0.00000,0.00000,0.99856,0.00000,0.00118,0.00000,0.00000,0.00005
17.47200,0.12794,0.00052,0.00000,0.00000,0.99549,0.00000,0.00388,0.00000,0.00000,0.00011
17.50400,0.12794,0.00018,0.00000,0.00000,0.99762,0.00000,0.00219,0.00000,0.00000,0.00001
17.53600,0.12794,0.00008,0.00000,0.00000,0.99883,0.00000,0.00109,0.00000,0.00000,0.00000
17.56800,0.12794,0.00005,0.00000,0.00000,0.99892,0.00000,0.00103,0.00000,0.00000,0.00000
17.60000,0.12794,0.00006,0.00000,0.00000,0.99895,0.00000,0.00099,0.00000,0.00000,0.00000
17.63200,0.12794,0.00010,0.00000,0.00000,0.99787,0.00000,0.00202,0.00000,0.00000,0.00001
17.66400,0.12794,0.00026,0.00000,0.00000,0.99528,0.00000,0.00443,0.00000,0.00000,0.00003
17.69600,0.12794,0.00064,0.00000,0.00000,0.99251,0.00000,0.00675,0.00000,0.00000,0.00011
17.72800,0.12794,0.00032,0.00000,0.00000,0.99777,0.00000,0.00185,0.00000,0.00000,0.00006
17.76000,0.12794,0.00053,0.00000,0.00000,0.99825,0.00000,0.00113,0.00000,0.00000,0.00009
17.79200,0.12794,0.00055,0.00000,0.00000,0.99855,0.00000,0.00077,0.00000,0.00000,0.00013
17.82400,0.12794,0.00111,0.00000,0.00000,0.99790,0.00000,0.00070,0.00000,0.00000,0.00029
17.85600,0.12794,0.00111,0.00000,0.00000,0.99770,0.00000,0.00105,0.00000,0.00000,0.00014
17.88800,0.12794,0.00165,0.00000,0.00000,0.99606,0.00000,0.00198,0.00000,0.00000,0.00031
17.92000,0.12794,0.00126,0.00000,0.00000,0.99683,0.00000,0.00176,0.00000,0.00000,0.00014
17.95200,0.12794,0.00026,0.00000,0.00000,0.99871,0.00000,0.00102,0.00000,0.00000,0.00001
17.98400,0.12794,0.00033,0.00001,0.00000,0.99856,0.00000,0.00110,0.00000,0.00000,0.00001
18.01600,0.12794,0.00035,0.00002,0.00000,0.99881,0.00000,0.00082,0.00000,0.00000,0.00001
18.04800,0.12794,0.00042,0.00002,0.00000,0.99861,0.00000,0.00094,0.00000,0.00000,0.00001
18.08000,0.12794,0.00088,0.00005,0.00000,0.99823,0.00000,0.00081,0.00000,0.00000,0.00002
18.11200,0.12794,0.00040,0.00002,0.00000,0.99925,0.00000,0.00032,0.00000,0.00000,0.00001
18.14400,0.12794,0.00011,0.00001,0.00000,0.99980,0.00000,0.00008,0.00000,0.00000,0.00000
18.17600,0.12794,0.00010,0.00004,0.00000,0.99980,0.00000,0.00005,0.00000,0.00000,0.00001
18.20800,0.12794,0.00023,0.00007,0.00000,0.99954,0.00000,0.00009,0.00000,0.00000,0.00006
18.24000,0.12794,0.00091,0.00010,0.00000,0.99809,0.00000,0.00056,0.00000,0.00000,0.00034
18.27200,0.12794,0.00102,0.00011,0.00000,0.99772,0.00000,0.00076,0.00000,0.00000,0.00039
18.30400,0.12794,0.00050,0.00002,0.00000,0.99854,0.00000,0.00084,0.00000,0.00000,0.00010
18.33600,0.12794,0.00017,0.00001,0.00000,0.99922,0.00000,0.00057,0.00000,0.00000,0.00002
18.36800,0.12794,0.00012,0.00001,0.00000,0.99963,0.00000,0.00022,0.00000,0.00000,0.00002
18.40000,0.12794,0.00056,0.00001,0.00000,0.99856,0.00000,0.00071,0.00000,0.00000,0.00016
18.43200,0.12794,0.00168,0.00004,0.00000,0.99694,0.00000,0.00076,0.00000,0.00000,0.00058
18.46400,0.12794,0.00514,0.00005,0.00001,0.99139,0.00000,0.00185,0.00000,0.00000,0.00156
18.49600,0.12794,0.00813,0.00002,0.00001,0.98527,0.00000,0.00420,0.00000,0.00000,0.00237
18.52800,0.12794,0.00946,0.00001,0.00001,0.97983,0.00000,0.00916,0.00000,0.00000,0.00152
18.56000,0.12794,0.01066,0.00001,0.00001,0.97535,0.00000,0.01178,0.00000,0.00000,0.00219
18.59200,0.12794,0.00450,0.00001,0.00000,0.98794,0.00000,0.00695,0.00000,0.00000,0.00059
18.62400,0.12794,0.00246,0.00001,0.00000,0.99306,0.00000,0.00424,0.00000,0.00000,0.00021
18.65600,0.12794,0.00128,0.00001,0.00000,0.99677,0.00000,0.00182,0.00000,0.00000,0.00011
18.68800,0.12794,0.00073,0.00001,0.00000,0.99774,0.00000,0.00147,0.00000,0.00000,0.00005
18.72000,0.12794,0.00226,0.00002,0.00000,0.99547,0.00000,0.00176,0.00000,0.00000,0.00048
18.75200,0.12794,0.00741,0.00007,0.00001,0.98643,0.00000,0.00330,0.00000,0.00000,0.00278
18.78400,0.12794,0.01676,0.00005,0.00001,0.96537,0.00000,0.00950,0.00000,0.00000,0.00830
18.81600,0.12794,0.02260,0.00002,0.00002,0.94470,0.00000,0.02618,0.00000,0.00000,0.00649
18.84800,0.12794,0.00774,0.00000,0.00000,0.96345,0.00000,0.02818,0.00000,0.00000,0.00063
18.88000,0.12794,0.00353,0.00000,0.00000,0.96333,0.00000,0.03296,0.00000,0.00000,0.00018
18.91200,0.12794,0.00286,0.00000,0.00000,0.97410,0.00000,0.02285,0.00000,0.00000,0.00019
18.94400,0.12794,0.00490,0.00000,0.00000,0.97196,0.00000,0.02254,0.00000,0.00000,0.00060
18.97600,0.12794,0.00966,0.00000,0.00001,0.94576,0.00000,0.04327,0.00000,0.00000,0.00130
19.00800,0.12794,0.00934,0.00000,0.00001,0.96052,0.00000,0.02824,0.00000,0.00000,0.00189
19.04000,0.12794,0.00852,0.00000,0.00000,0.95845,0.00000,0.03177,0.00000,0.00000,0.00126
19.07200,0.12794,0.00807,0.00000,0.00000,0.96169,0.00000,0.02895,0.00000,0.00000,0.00128
19.10400,0.12794,0.01043,0.00000,0.00000,0.96512,0.00000,0.02171,0.00000,0.00000,0.00274
19.13600,0.12794,0.01492,0.00000,0.00001,0.93682,0.00000,0.04510,0.00000,0.00000,0.00315
19.16800,0.12794,0.01710,0.00000,0.00001,0.92332,0.00000,0.05609,0.00000,0.00000,0.00348
19.20000,0.12794,0.01568,0.00000,0.00001,0.92545,0.00000,0.05601,0.00000,0.00000,0.00285
19.23200,0.12794,0.01400,0.00000,0.00001,0.92878,0.00000,0.05472,0.00000,0.00000,0.00250
19.26400,0.12794,0.01554,0.00000,0.00000,0.93896,0.00000,0.04256,0.00000,0.00000,0.00293
19.29600,0.12794,0.01904,0.00000,0.00001,0.93014,0.00000,0.04780,0.00000,0.00000,0.00301
19.32800,0.12794,0.01728,0.00000,0.00001,0.93898,0.00000,0.04107,0.00000,0.00000,0.00267
19.36000,0.12794,0.01849,0.00000,0.00001,0.94118,0.00000,0.03754,0.00000,0.00000,0.00279
19.39200,0.12794,0.01722,0.00000,0.00001,0.95122,0.00000,0.02929,0.00000,0.00000,0.00226
19.42400,0.12794,0.01522,0.00000,0.00000,0.96244,0.00000,0.01990,0.00000,0.00000,0.00244
19.45600,0.12794,0.01479,0.00000,0.00000,0.96645,0.00000,0.01645,0.00000,0.00000,0.00230
19.48800,0.12794,0.01932,0.00000,0.00000,0.96479,0.00000,0.01215,0.00000,0.00000,0.00373
19.52000,0.12794,0.03183,0.00000,0.00001,0.94677,0.00000,0.01284,0.00000,0.00000,0.00856
19.55200,0.12794,0.04104,0.00000,0.00001,0.93357,0.00000,0.01111,0.00000,0.00000,0.01428
19.58400,0.12794,0.06878,0.00000,0.00001,0.88423,0.00000,0.01430,0.00000,0.00000,0.03268
19.61600,0.12794,0.07185,0.00000,0.00001,0.87189,0.00000,0.02343,0.00000,0.00000,0.03282
19.64800,0.12794,0.06739,0.00000,0.00001,0.86590,0.00000,0.01862,0.00000,0.00000,0.04808
19.68000,0.12794,0.07261,0.00000,0.00001,0.85236,0.00000,0.01871,0.00000,0.00000,0.05630
19.71200,0.12794,0.07330,0.00000,0.00001,0.83667,0.00000,0.01116,0.00000,0.00000,0.07886
19.74400,0.12794,0.09205,0.00001,0.00001,0.75578,0.00000,0.00624,0.00000,0.00000,0.14591
19.77600,0.12794,0.08310,0.00001,0.00001,0.84159,0.00000,0.01276,0.00000,0.00000,0.06253
19.80800,0.12794,0.07410,0.00000,0.00001,0.86401,0.00000,0.01499,0.00000,0.00000,0.04689
19.84000,0.12794,0.05016,0.00000,0.00001,0.90662,0.00000,0.02815,0.00000,0.00000,0.01507
19.87200,0.12794,0.03353,0.00000,0.00001,0.90195,0.00000,0.05939,0.00000,0.00000,0.00512
19.90400,0.12794,0.04513,0.00000,0.00001,0.88200,0.00000,0.06695,0.00000,0.00000,0.00591
19.93600,0.12794,0.04816,0.00000,0.00000,0.85310,0.00000,0.09444,0.00000,0.00000,0.00430
19.96800,0.12794,0.07023,0.00000,0.00001,0.76625,0.00000,0.15895,0.00000,0.00000,0.00457
20.00000,0.12794,0.09698,0.00000,0.00000,0.69004,0.00000,0.20816,0.00000,0.00000,0.00481
20.03200,0.12794,0.11494,0.00000,0.00000,0.65230,0.00000,0.22589,0.00000,0.00000,0.00686
20.06400,0.12794,0.12863,0.00000,0.00000,0.64589,0.00000,0.21544,0.00000,0.00000,0.01004
20.09600,0.12794,0.14791,0.00000,0.00000,0.73962,0.00000,0.08390,0.00000,0.00000,0.02856
20.12800,0.12794,0.11338,0.00000,0.00001,0.80734,0.00000,0.04858,0.00000,0.00000,0.03069
20.16000,0.12794,0.07291,0.00000,0.00001,0.87187,0.00000,0.03077,0.00000,0.00000,0.02444
20.19200,0.12794,0.03154,0.00000,0.00001,0.93355,0.00000,0.02335,0.00000,0.00000,0.01156
20.22400,0.12794,0.01831,0.00000,0.00001,0.94266,0.00000,0.03404,0.00000,0.00000,0.00498
20.25600,0.12794,0.01121,0.00000,0.00000,0.96467,0.00000,0.02028,0.00000,0.00000,0.00383
20.28800,0.12794,0.00902,0.00001,0.00000,0.97556,0.00000,0.01269,0.00000,0.00000,0.00272
20.32000,0.12794,0.01115,0.00001,0.00001,0.97784,0.00000,0.00755,0.00000,0.00000,0.00343
20.35200,0.12794,0.00335,0.00002,0.00000,0.99329,0.00000,0.00251,0.00000,0.00000,0.00083
20.38400,0.12794,0.00255,0.00003,0.00000,0.99528,0.00000,0.00174,0.00000,0.00000,0.00040
20.41600,0.12794,0.00103,0.00002,0.00000,0.99783,0.00000,0.00101,0.00000,0.00000,0.00011
20.44800,0.12794,0.00049,0.00002,0.00000,0.99873,0.00000,0.00072,0.00000,0.00000,0.00004
20.48000,0.12794,0.00101,0.00003,0.00000,0.99771,0.00000,0.00117,0.00000,0.00000,0.00009
20.51200,0.12794,0.00100,0.00001,0.00000,0.99770,0.00000,0.00114,0.00000,0.00000,0.00014
20.54400,0.12794,0.00073,0.00000,0.00000,0.99851,0.00000,0.00068,0.00000,0.00000,0.00008
20.57600,0.12794,0.00135,0.00000,0.00000,0.99680,0.00000,0.00160,0.00000,0.00000,0.00025
20.60800,0.12794,0.00079,0.00000,0.00000,0.99683,0.00000,0.00228,0.00000,0.00000,0.00009
20.64000,0.12794,0.00086,0.00000,0.00000,0.99368,0.00000,0.00538,0.00000,0.00000,0.00008
20.67200,0.12794,0.00052,0.00000,0.00000,0.99072,0.00000,0.00871,0.00000,0.00000,0.00005
20.70400,0.12794,0.00012,0.00000,0.00000,0.99750,0.00000,0.00237,0.00000,0.00000,0.00001
20.73600,0.12794,0.00024,0.00000,0.00000,0.99753,0.00000,0.00220,0.00000,0.00000,0.00003
20.76800,0.12794,0.00029,0.00000,0.00000,0.99754,0.00000,0.00211,0.00000,0.00000,0.00006
20.80000,0.12794,0.00045,0.00000,0.00000,0.99724,0.00000,0.00220,0.00000,0.00000,0.00011
20.83200,0.12794,0.00055,0.00000,0.00000,0.99655,0.00000,0.00273,0.00000,0.00000,0.00017
20.86400,0.12794,0.00023,0.00000,0.00000,0.99838,0.00000,0.00134,0.00000,0.00000,0.00005
20.89600,0.12794,0.00013,0.00000,0.00000,0.99911,0.00000,0.00073,0.00000,0.00000,0.00002
20.92800,0.12794,0.00006,0.00000,0.00000,0.99944,0.00000,0.00049,0.00000,0.00000,0.00001
20.96000,0.12794,0.00002,0.00000,0.00000,0.99970,0.00000,0.00028,0.00000,0.00000,0.00000
20.99200,0.12794,0.00000,0.00000,0.00000,0.99991,0.00000,0.00008,0.00000,0.00000,0.00000
21.02400,0.12794,0.00000,0.00000,0.00000,0.99994,0.00000,0.00006,0.00000,0.00000,0.00000
21.05600,0.12794,0.00000,0.00000,0.00000,0.99984,0.00000,0.00016,0.00000,0.00000,0.00000
21.08800,0.12794,0.00001,0.00000,0.00000,0.99976,0.00000,0.00024,0.00000,0.00000,0.00000
21.12000,0.12794,0.00001,0.00000,0.00000,0.99962,0.00000,0.00038,0.00000,0.00000,0.00000
21.15200,0.12794,0.00001,0.00000,0.00000,0.99958,0.00000,0.00041,0.00000,0.00000,0.00000
21.18400,0.12794,0.00001,0.00000,0.00000,0.99974,0.00000,0.00025,0.00000,0.00000,0.00000
21.21600,0.12794,0.00000,0.00000,0.00000,0.99981,0.00000,0.00018,0.00000,0.00000,0.00000
21.24800,0.12794,0.00001,0.00000,0.00000,0.99976,0.00000,0.00023,0.00000,0.00000,0.00000
21.28000,0.12794,0.00000,0.00000,0.00000,0.99978,0.00000,0.00021,0.00000,0.00000,0.00000
21.31200,0.12794,0.00000,0.00000,0.00000,0.99985,0.00000,0.00015,0.00000,0.00000,0.00000
21.34400,0.12794,0.00000,0.00000,0.00000,0.99985,0.00000,0.00014,0.00000,0.00000,0.00000
21.37600,0.12794,0.00000,0.00000,0.00000,0.99989,0.00000,0.00011,0.00000,0.00000,0.00000
21.40800,0.12794,0.00000,0.00000,0.00000,0.99985,0.00000,0.00015,0.00000,0.00000,0.00000
21.44000,0.12794,0.00000,0.00000,0.00000,0.99979,0.00000,0.00020,0.00000,0.00000,0.00000
21.47200,0.12794,0.00001,0.00000,0.00000,0.99964,0.00000,0.00035,0.00000,0.00000,0.00000
21.50400,0.12794,0.00004,0.00000,0.00000,0.99842,0.00000,0.00153,0.00000,0.00000,0.00000
21.53600,0.12794,0.00010,0.00000,0.00000,0.99768,0.00000,0.00221,0.00000,0.00000,0.00000
21.56800,0.12794,0.00039,0.00001,0.00000,0.99631,0.00000,0.00328,0.00000,0.00000,0.00001
21.60000,0.12794,0.00312,0.00008,0.00001,0.98895,0.00000,0.00762,0.00000,0.00000,0.00021
21.63200,0.12794,0.00114,0.00008,0.00001,0.99557,0.00000,0.00314,0.00000,0.00000,0.00006
21.66400,0.12794,0.00052,0.00006,0.00000,0.99797,0.00000,0.00140,0.00000,0.00000,0.00003
21.69600,0.12794,0.00011,0.00001,0.00000,0.99883,0.00000,0.00104,0.00000,0.00000,0.00000
21.72800,0.12794,0.00001,0.00000,0.00000,0.99962,0.00000,0.00037,0.00000,0.00000,0.00000
21.76000,0.12794,0.00001,0.00000,0.00000,0.99974,0.00000,0.00025,0.00000,0.00000,0.00000
21.79200,0.12794,0.00006,0.00000,0.00000,0.99937,0.00000,0.00056,0.00000,0.00000,0.00001
21.82400,0.12794,0.00014,0.00000,0.00000,0.99910,0.00000,0.00072,0.00000,0.00000,0.00004
21.85600,0.12794,0.00015,0.00000,0.00000,0.99894,0.00000,0.00086,0.00000,0.00000,0.00004
21.88800,0.12794,0.00006,0.00000,0.00000,0.99932,0.00000,0.00061,0.00000,0.00000,0.00001
21.92000,0.12794,0.00001,0.00000,0.00000,0.99981,0.00000,0.00018,0.00000,0.00000,0.00000
21.95200,0.12794,0.00001,0.00000,0.00000,0.99983,0.00000,0.00016,0.00000,0.00000,0.00000
21.98400,0.12794,0.00004,0.00000,0.00000,0.99963,0.00000,0.00032,0.00000,0.00000,0.00000
22.01600,0.12794,0.00023,0.00000,0.00000,0.99911,0.00000,0.00058,0.00000,0.00000,0.00008
22.04800,0.12794,0.00116,0.00001,0.00000,0.99627,0.00000,0.00147,0.00000,0.00000,0.00110
22.08000,0.12794,0.00254,0.00001,0.00000,0.99106,0.00000,0.00345,0.00000,0.00000,0.00294
22.11200,0.12794,0.00225,0.00000,0.00000,0.99105,0.00000,0.00492,0.00000,0.00000,0.00178
22.14400,0.12794,0.00342,0.00000,0.00000,0.98447,0.00000,0.01047,0.00000,0.00000,0.00164
22.17600,0.12794,0.00381,0.00000,0.00000,0.98060,0.00000,0.01396,0.00000,0.00000,0.00163
22.20800,0.12794,0.00076,0.00000,0.00000,0.99624,0.00000,0.00284,0.00000,0.00000,0.00016
22.24000,0.12794,0.00013,0.00000,0.00000,0.99910,0.00000,0.00075,0.00000,0.00000,0.00002
22.27200,0.12794,0.00011,0.00000,0.00000,0.99915,0.00000,0.00073,0.00000,0.00000,0.00001
22.30400,0.12794,0.00012,0.00000,0.00000,0.99867,0.00000,0.00119,0.00000,0.00000,0.00002
22.33600,0.12794,0.00012,0.00000,0.00000,0.99788,0.00000,0.00199,0.00000,0.00000,0.00001
22.36800,0.12794,0.00034,0.00000,0.00000,0.99592,0.00000,0.00371,0.00000,0.00000,0.00003
22.40000,0.12794,0.00040,0.00000,0.00000,0.99744,0.00000,0.00213,0.00000,0.00000,0.00003
22.43200,0.12794,0.00014,0.00000,0.00000,0.99949,0.00000,0.00036,0.00000,0.00000,0.00001
22.46400,0.12794,0.00023,0.00000,0.00000,0.99944,0.00000,0.00031,0.00000,0.00000,0.00001
22.49600,0.12794,0.00015,0.00000,0.00000,0.99964,0.00000,0.00019,0.00000,0.00000,0.00001
22.52800,0.12794,0.00016,0.00000,0.00000,0.99950,0.00000,0.00033,0.00000,0.00000,0.00001
22.56000,0.12794,0.00038,0.00000,0.00000,0.99900,0.00000,0.00060,0.00000,0.00000,0.00002
22.59200,0.12794,0.00056,0.00000,0.00000,0.99865,0.00000,0.00073,0.00000,0.00000,0.00005
22.62400,0.12794,0.00063,0.00001,0.00000,0.99856,0.00000,0.00075,0.00000,0.00000,0.00005
22.65600,0.12794,0.00051,0.00002,0.00000,0.99893,0.00000,0.00051,0.00000,0.00000,0.00003
22.68800,0.12794,0.00020,0.00001,0.00000,0.99933,0.00000,0.00046,0.00000,0.00000,0.00001
22.72000,0.12794,0.00025,0.00001,0.00000,0.99905,0.00000,0.00069,0.00000,0.00000,0.00000
22.75200,0.12794,0.00018,0.00001,0.00000,0.99937,0.00000,0.00043,0.00000,0.00000,0.00000
22.78400,0.12794,0.00020,0.00001,0.00000,0.99950,0.00000,0.00029,0.00000,0.00000,0.00000
22.81600,0.12794,0.00011,0.00001,0.00000,0.99974,0.00000,0.00013,0.00000,0.00000,0.00000
22.84800,0.12794,0.00008,0.00001,0.00000,0.99983,0.00000,0.00007,0.00000,0.00000,0.00000
22.88000,0.12794,0.00012,0.00002,0.00000,0.99974,0.00000,0.00009,0.00000,0.00000,0.00002
22.91200,0.12794,0.00016,0.00002,0.00000,0.99961,0.00000,0.00017,0.00000,0.00000,0.00004
22.94400,0.12794,0.00036,0.00002,0.00000,0.99892,0.00000,0.00056,0.00000,0.00000,0.00013
22.97600,0.12794,0.00022,0.00001,0.00000,0.99920,0.00000,0.00051,0.00000,0.00000,0.00005
23.00800,0.12794,0.00055,0.00002,0.00000,0.99829,0.00000,0.00103,0.00000,0.00000,0.00011
23.04000,0.12794,0.00116,0.00003,0.00000,0.99728,0.00000,0.00124,0.00000,0.00000,0.00028
23.07200,0.12794,0.00204,0.00003,0.00000,0.99605,0.00000,0.00139,0.00000,0.00000,0.00048
23.10400,0.12794,0.00698,0.00009,0.00001,0.98848,0.00000,0.00194,0.00000,0.00000,0.00251
23.13600,0.12794,0.00495,0.00004,0.00001,0.99263,0.00000,0.00129,0.00000,0.00000,0.00108
23.16800,0.12794,0.00454,0.00002,0.00000,0.99324,0.00000,0.00144,0.00000,0.00000,0.00075
23.20000,0.12794,0.00335,0.00003,0.00000,0.99498,0.00000,0.00113,0.00000,0.00000,0.00051
23.23200,0.12794,0.00314,0.00002,0.00000,0.99449,0.00000,0.00201,0.00000,0.00000,0.00033
23.26400,0.12794,0.00312,0.00003,0.00000,0.99364,0.00000,0.00290,0.00000,0.00000,0.00030
23.29600,0.12794,0.00265,0.00004,0.00000,0.99482,0.00000,0.00219,0.00000,0.00000,0.00030
23.32800,0.12794,0.00207,0.00001,0.00000,0.99515,0.00000,0.00259,0.00000,0.00000,0.00018
23.36000,0.12794,0.00183,0.00001,0.00000,0.99629,0.00000,0.00163,0.00000,0.00000,0.00024
23.39200,0.12794,0.00239,0.00001,0.00000,0.99495,0.00000,0.00219,0.00000,0.00000,0.00046
23.42400,0.12794,0.00197,0.00001,0.00000,0.99465,0.00000,0.00234,0.00000,0.00000,0.00103
23.45600,0.12794,0.00439,0.00001,0.00000,0.98579,0.00000,0.00336,0.00000,0.00000,0.00644
23.48800,0.12794,0.00317,0.00001,0.00000,0.98884,0.00000,0.00441,0.00000,0.00000,0.00357
23.52000,0.12794,0.00227,0.00000,0.00000,0.99163,0.00000,0.00357,0.00000,0.00000,0.00253
23.55200,0.12794,0.00352,0.00001,0.00000,0.98838,0.00000,0.00573,0.00000,0.00000,0.00236
23.58400,0.12794,0.00333,0.00000,0.00000,0.98502,0.00000,0.01057,0.00000,0.00000,0.00108
23.61600,0.12794,0.00857,0.00000,0.00001,0.95843,0.00000,0.03118,0.00000,0.00000,0.00181
23.64800,0.12794,0.01340,0.00000,0.00001,0.91094,0.00000,0.07364,0.00000,0.00000,0.00201
23.68000,0.12794,0.01207,0.00000,0.00001,0.89606,0.00000,0.09055,0.00000,0.00000,0.00132
23.71200,0.12794,0.01083,0.00000,0.00001,0.90870,0.00000,0.07898,0.00000,0.00000,0.00149
23.74400,0.12794,0.00967,0.00000,0.00001,0.93292,0.00000,0.05475,0.00000,0.00000,0.00266
23.77600,0.12794,0.00828,0.00000,0.00000,0.95524,0.00000,0.03323,0.00000,0.00000,0.00325
23.80800,0.12794,0.00918,0.00000,0.00000,0.94944,0.00000,0.03864,0.00000,0.00000,0.00274
23.84000,0.12794,0.01338,0.00000,0.00001,0.92100,0.00000,0.06270,0.00000,0.00000,0.00291
23.87200,0.12794,0.01094,0.00000,0.00000,0.91378,0.00000,0.07381,0.00000,0.00000,0.00146
23.90400,0.12794,0.01045,0.00000,0.00000,0.91519,0.00000,0.07312,0.00000,0.00000,0.00123
23.93600,0.12794,0.01096,0.00000,0.00000,0.91327,0.00000,0.07460,0.00000,0.00000,0.00117
23.96800,0.12794,0.01141,0.00000,0.00000,0.92282,0.00000,0.06462,0.00000,0.00000,0.00114
24.00000,0.12794,0.01664,0.00000,0.00001,0.91891,0.00000,0.06249,0.00000,0.00000,0.00195
24.03200,0.12794,0.01750,0.00000,0.00001,0.92362,0.00000,0.05717,0.00000,0.00000,0.00170
24.06400,0.12794,0.02300,0.00000,0.00001,0.92296,0.00000,0.05198,0.00000,0.00000,0.00205
24.09600,0.12794,0.01716,0.00000,0.00001,0.95519,0.00000,0.02581,0.00000,0.00000,0.00184
24.12800,0.12794,0.01523,0.00000,0.00000,0.96238,0.00000,0.02078,0.00000,0.00000,0.00160
24.16000,0.12794,0.01914,0.00000,0.00000,0.95989,0.00000,0.01886,0.00000,0.00000,0.00210
24.19200,0.12794,0.02198,0.00000,0.00000,0.95577,0.00000,0.01919,0.00000,0.00000,0.00306
24.22400,0.12794,0.02512,0.00000,0.00001,0.94668,0.00000,0.02461,0.00000,0.00000,0.00359
24.25600,0.12794,0.03378,0.00000,0.00001,0.93548,0.00000,0.02326,0.00000,0.00000,0.00747
24.28800,0.12794,0.05037,0.00000,0.00001,0.91528,0.00000,0.01514,0.00000,0.00000,0.01920
24.32000,0.12794,0.04701,0.00000,0.00001,0.91464,0.00000,0.00949,0.00000,0.00000,0.02884
24.35200,0.12794,0.06338,0.00000,0.00001,0.86940,0.00000,0.00722,0.00000,0.00000,0.05999
24.38400,0.12794,0.08107,0.00001,0.00001,0.81122,0.00000,0.00700,0.00000,0.00000,0.10069
24.41600,0.12794,0.07392,0.00001,0.00001,0.82319,0.00000,0.00802,0.00000,0.00000,0.09485
24.44800,0.12794,0.06294,0.00001,0.00001,0.87296,0.00000,0.01081,0.00000,0.00000,0.05328
24.48000,0.12794,0.05539,0.00000,0.00001,0.89862,0.00000,0.01963,0.00000,0.00000,0.02634
24.51200,0.12794,0.05498,0.00000,0.00001,0.88933,0.00000,0.04592,0.00000,0.00000,0.00975
24.54400,0.12794,0.05553,0.00000,0.00001,0.81793,0.00000,0.12234,0.00000,0.00000,0.00420
24.57600,0.12794,0.08370,0.00000,0.00001,0.73229,0.00000,0.17714,0.00000,0.00000,0.00687
24.60800,0.12794,0.11189,0.00000,0.00001,0.78014,0.00000,0.09174,0.00000,0.00000,0.01623
24.64000,0.12794,0.16171,0.00000,0.00001,0.68586,0.00000,0.02209,0.00000,0.00000,0.13034
24.67200,0.12794,0.14814,0.00000,0.00000,0.65747,0.00000,0.01110,0.00000,0.00000,0.18328
24.70400,0.12794,0.16407,0.00000,0.00001,0.51878,0.00000,0.00623,0.00000,0.00000,0.31092
24.73600,0.12794,0.16163,0.00000,0.00001,0.43901,0.00000,0.00560,0.00000,0.00000,0.39374
24.76800,0.12794,0.15461,0.00000,0.00001,0.55698,0.00000,0.00641,0.00000,0.00000,0.28198
24.80000,0.12794,0.11914,0.00001,0.00001,0.57076,0.00000,0.00307,0.00000,0.00000,0.30701
24.83200,0.12794,0.06104,0.00001,0.00001,0.73229,0.00000,0.00168,0.00000,0.00000,0.20497
24.86400,0.12794,0.01973,0.00002,0.00000,0.91793,0.00000,0.00075,0.00000,0.00000,0.06156
24.89600,0.12794,0.00704,0.00003,0.00000,0.97619,0.00000,0.00045,0.00000,0.00000,0.01627
24.92800,0.12794,0.01007,0.00032,0.00001,0.95627,0.00000,0.00047,0.00000,0.00000,0.03285
24.96000,0.12794,0.00555,0.00079,0.00002,0.98342,0.00000,0.00033,0.00000,0.00000,0.00989
24.99200,0.12794,0.00881,0.00291,0.00005,0.97651,0.00000,0.00036,0.00000,0.00000,0.01135
25.02400,0.12794,0.00691,0.00242,0.00006,0.98423,0.00000,0.00042,0.00000,0.00000,0.00596
25.05600,0.12794,0.00076,0.00047,0.00001,0.99839,0.00000,0.00016,0.00000,0.00000,0.00021
25.08800,0.12794,0.00043,0.00025,0.00000,0.99913,0.00000,0.00011,0.00000,0.00000,0.00007
25.12000,0.12794,0.00016,0.00004,0.00000,0.99969,0.00000,0.00010,0.00000,0.00000,0.00002
25.15200,0.12794,0.00010,0.00001,0.00000,0.99979,0.00000,0.00009,0.00000,0.00000,0.00001
25.18400,0.12794,0.00018,0.00001,0.00000,0.99964,0.00000,0.00015,0.00000,0.00000,0.00002
25.21600,0.12794,0.00026,0.00001,0.00000,0.99953,0.00000,0.00015,0.00000,0.00000,0.00006
25.24800,0.12794,0.00014,0.00001,0.00000,0.99975,0.00000,0.00005,0.00000,0.00000,0.00004
25.28000,0.12794,0.00015,0.00001,0.00000,0.99974,0.00000,0.00003,0.00000,0.00000,0.00007
25.31200,0.12794,0.00006,0.00001,0.00000,0.99989,0.00000,0.00002,0.00000,0.00000,0.00002
25.34400,0.12794,0.00002,0.00000,0.00000,0.99995,0.00000,0.00002,0.00000,0.00000,0.00000
25.37600,0.12794,0.00001,0.00000,0.00000,0.99996,0.00000,0.00002,0.00000,0.00000,0.00000
25.40800,0.12794,0.00003,0.00000,0.00000,0.99989,0.00000,0.00006,0.00000,0.00000,0.00000
25.44000,0.12794,0.00004,0.00000,0.00000,0.99986,0.00000,0.00009,0.00000,0.00000,0.00001
25.47200,0.12794,0.00007,0.00000,0.00000,0.99975,0.00000,0.00015,0.00000,0.00000,0.00002
25.50400,0.12794,0.00007,0.00000,0.00000,0.99977,0.00000,0.00012,0.00000,0.00000,0.00003
25.53600,0.12794,0.00001,0.00000,0.00000,0.99996,0.00000,0.00002,0.00000,0.00000,0.00000
25.56800,0.12794,0.00001,0.00000,0.00000,0.99998,0.00000,0.00001,0.00000,0.00000,0.00000
25.60000,0.12794,0.00000,0.00000,0.00000,1.00000,0.00000,0.00000,0.00000,0.00000,0.00000
25.63200,0.12794,0.00000,0.00000,0.00000,1.00000,0.00000,0.00000,0.00000,0.00000,0.00000
25.66400,0.12794,0.00000,0.00000,0.00000,1.00000,0.00000,0.00000,0.00000,0.00000,0.00000
25.69600,0.12794,0.00000,0.00000,0.00000,1.00000,0.00000,0.00000,0.00000,0.00000,0.00000
25.72800,0.12794,0.00000,0.00000,0.00000,1.00000,0.00000,0.00000,0.00000,0.00000,0.00000
25.76000,0.12794,0.00000,0.00000,0.00000,1.00000,0.00000,0.00000,0.00000,0.00000,0.00000
25.79200,0.12794,0.00000,0.00000,0.00000,1.00000,0.00000,0.00000,0.00000,0.00000,0.00000
25.82400,0.12794,0.00000,0.00000,0.00000,1.00000,0.00000,0.00000,0.00000,0.00000,0.00000
25.85600,0.12794,0.00000,0.00000,0.00000,1.00000,0.00000,0.00000,0.00000,0.00000,0.00000
25.88800,0.12794,0.00000,0.00000,0.00000,1.00000,0.00000,0.00000,0.00000,0.00000,0.00000
25.92000,0.12794,0.00000,0.00000,0.00000,0.99999,0.00000,0.00001,0.00000,0.00000,0.00000
25.95200,0.12794,0.00000,0.00000,0.00000,0.99999,0.00000,0.00000,0.00000,0.00000,0.00000
25.98400,0.12794,0.00000,0.00000,0.00000,0.99999,0.00000,0.00000,0.00000,0.00000,0.00000
26.01600,0.12794,0.00000,0.00000,0.00000,0.99999,0.00000,0.00001,0.00000,0.00000,0.00000
26.04800,0.12794,0.00000,0.00000,0.00000,1.00000,0.00000,0.00000,0.00000,0.00000,0.00000
26.08000,0.12794,0.00000,0.00000,0.00000,1.00000,0.00000,0.00000,0.00000,0.00000,0.00000
26.11200,0.12794,0.00000,0.00000,0.00000,0.99999,0.00000,0.00001,0.00000,0.00000,0.00000
26.14400,0.12794,0.00000,0.00000,0.00000,0.99998,0.00000,0.00002,0.00000,0.00000,0.00000
26.17600,0.12794,0.00000,0.00000,0.00000,0.99985,0.00000,0.00015,0.00000,0.00000,0.00000
26.20800,0.12794,0.00002,0.00000,0.00000,0.99930,0.00000,0.00068,0.00000,0.00000,0.00000
26.24000,0.12794,0.00003,0.00000,0.00000,0.99871,0.00000,0.00126,0.00000,0.00000,0.00000
26.27200,0.12794,0.00002,0.00000,0.00000,0.99872,0.00000,0.00126,0.00000,0.00000,0.00000
26.30400,0.12794,0.00001,0.00000,0.00000,0.99927,0.00000,0.00072,0.00000,0.00000,0.00000
26.33600,0.12794,0.00000,0.00000,0.00000,0.99985,0.00000,0.00014,0.00000,0.00000,0.00000
26.36800,0.12794,0.00000,0.00000,0.00000,0.99993,0.00000,0.00006,0.00000,0.00000,0.00000
26.40000,0.12794,0.00000,0.00000,0.00000,0.99998,0.00000,0.00002,0.00000,0.00000,0.00000
26.43200,0.12794,0.00000,0.00000,0.00000,1.00000,0.00000,0.00000,0.00000,0.00000,0.00000
26.46400,0.12794,0.00000,0.00000,0.00000,1.00000,0.00000,0.00000,0.00000,0.00000,0.00000
26.49600,0.12794,0.00000,0.00000,0.00000,1.00000,0.00000,0.00000,0.00000,0.00000,0.00000
26.52800,0.12794,0.00000,0.00000,0.00000,1.00000,0.00000,0.00000,0.00000,0.00000,0.00000
26.56000,0.12794,0.00000,0.00000,0.00000,1.00000,0.00000,0.00000,0.00000,0.00000,0.00000
26.59200,0.12794,0.00000,0.00000,0.00000,1.00000,0.00000,0.00000,0.00000,0.00000,0.00000
26.62400,0.12794,0.00000,0.00000,0.00000,1.00000,0.00000,0.00000,0.00000,0.00000,0.00000
26.65600,0.12794,0.00000,0.00000,0.00000,0.99999,0.00000,0.00000,0.00000,0.00000,0.00000
26.68800,0.12794,0.00000,0.00000,0.00000,0.99999,0.00000,0.00000,0.00000,0.00000,0.00000
26.72000,0.12794,0.00001,0.00000,0.00000,0.99998,0.00000,0.00001,0.00000,0.00000,0.00000
26.75200,0.12794,0.00007,0.00002,0.00000,0.99979,0.00000,0.00004,0.00000,0.00000,0.00007
26.78400,0.12794,0.00007,0.00002,0.00000,0.99981,0.00000,0.00004,0.00000,0.00000,0.00005
26.81600,0.12794,0.00012,0.00002,0.00000,0.99968,0.00000,0.00013,0.00000,0.00000,0.00005
26.84800,0.12794,0.00005,0.00001,0.00000,0.99983,0.00000,0.00010,0.00000,0.00000,0.00001
26.88000,0.12794,0.00000,0.00000,0.00000,0.99997,0.00000,0.00002,0.00000,0.00000,0.00000
26.91200,0.12794,0.00000,0.00000,0.00000,0.99999,0.00000,0.00001,0.00000,0.00000,0.00000
26.94400,0.12794,0.00000,0.00000,0.00000,0.99999,0.00000,0.00000,0.00000,0.00000,0.00000
26.97600,0.12794,0.00000,0.00001,0.00000,0.99999,0.00000,0.00000,0.00000,0.00000,0.00000
27.00800,0.12794,0.00000,0.00001,0.00000,0.99999,0.00000,0.00000,0.00000,0.00000,0.00000
27.04000,0.12794,0.00000,0.00001,0.00000,0.99998,0.00000,0.00001,0.00000,0.00000,0.00000
27.07200,0.12794,0.00000,0.00000,0.00000,0.99999,0.00000,0.00001,0.00000,0.00000,0.00000
27.10400,0.12794,0.00003,0.00002,0.00000,0.99990,0.00000,0.00005,0.00000,0.00000,0.00000
27.13600,0.12794,0.00009,0.00002,0.00000,0.99979,0.00000,0.00009,0.00000,0.00000,0.00001
27.16800,0.12794,0.00005,0.00001,0.00000,0.99987,0.00000,0.00007,0.00000,0.00000,0.00000
27.20000,0.12794,0.00006,0.00001,0.00000,0.99986,0.00000,0.00006,0.00000,0.00000,0.00001
27.23200,0.12794,0.00003,0.00000,0.00000,0.99991,0.00000,0.00005,0.00000,0.00000,0.00000
27.26400,0.12794,0.00001,0.00000,0.00000,0.99994,0.00000,0.00004,0.00000,0.00000,0.00000
27.29600,0.12794,0.00003,0.00000,0.00000,0.99989,0.00000,0.00008,0.00000,0.00000,0.00000
27.32800,0.12794,0.00002,0.00000,0.00000,0.99994,0.00000,0.00004,0.00000,0.00000,0.00000
27.36000,0.12794,0.00001,0.00000,0.00000,0.99995,0.00000,0.00003,0.00000,0.00000,0.00000
27.39200,0.12794,0.00003,0.00001,0.00000,0.99987,0.00000,0.00009,0.00000,0.00000,0.00000
27.42400,0.12794,0.00007,0.00002,0.00000,0.99975,0.00000,0.00016,0.00000,0.00000,0.00000
27.45600,0.12794,0.00007,0.00001,0.00000,0.99970,0.00000,0.00022,0.00000,0.00000,0.00000
27.48800,0.12794,0.00005,0.00001,0.00000,0.99979,0.00000,0.00014,0.00000,0.00000,0.00000
27.52000,0.12794,0.00004,0.00003,0.00000,0.99987,0.00000,0.00005,0.00000,0.00000,0.00001
27.55200,0.12794,0.00005,0.00005,0.00000,0.99985,0.00000,0.00004,0.00000,0.00000,0.00001
27.58400,0.12794,0.00034,0.00053,0.00000,0.99876,0.00000,0.00009,0.00000,0.00000,0.00028
27.61600,0.12794,0.00017,0.00043,0.00000,0.99923,0.00000,0.00006,0.00000,0.00000,0.00011
27.64800,0.12794,0.00024,0.00060,0.00000,0.99896,0.00000,0.00007,0.00000,0.00000,0.00012
27.68000,0.12794,0.00010,0.00044,0.00000,0.99941,0.00000,0.00003,0.00000,0.00000,0.00002
27.71200,0.12794,0.00011,0.00050,0.00000,0.99935,0.00000,0.00003,0.00000,0.00000,0.00001
27.74400,0.12794,0.00031,0.00125,0.00000,0.99833,0.00000,0.00005,0.00000,0.00000,0.00005
27.77600,0.12794,0.00013,0.00054,0.00000,0.99929,0.00000,0.00003,0.00000,0.00000,0.00001
27.80800,0.12794,0.00023,0.00052,0.00000,0.99918,0.00000,0.00006,0.00000,0.00000,0.00002
27.84000,0.12794,0.00006,0.00023,0.00000,0.99968,0.00000,0.00003,0.00000,0.00000,0.00000
27.87200,0.12794,0.00004,0.00028,0.00000,0.99966,0.00000,0.00002,0.00000,0.00000,0.00000
27.90400,0.12794,0.00018,0.00136,0.00000,0.99837,0.00000,0.00006,0.00000,0.00000,0.00002
27.93600,0.12794,0.00012,0.00162,0.00000,0.99820,0.00000,0.00005,0.00000,0.00000,0.00001
27.96800,0.12794,0.00011,0.00237,0.00000,0.99748,0.00000,0.00004,0.00000,0.00000,0.00001
28.00000,0.12794,0.00012,0.00204,0.00000,0.99780,0.00000,0.00003,0.00000,0.00000,0.00001
28.03200,0.12794,0.00002,0.00045,0.00000,0.99952,0.00000,0.00001,0.00000,0.00000,0.00000
28.06400,0.12794,0.00001,0.00016,0.00000,0.99983,0.00000,0.00000,0.00000,0.00000,0.00000
28.09600,0.12794,0.00000,0.00003,0.00000,0.99997,0.00000,0.00000,0.00000,0.00000,0.00000
28.12800,0.12794,0.00000,0.00002,0.00000,0.99997,0.00000,0.00000,0.00000,0.00000,0.00000
28.16000,0.12794,0.00001,0.00002,0.00000,0.99997,0.00000,0.00001,0.00000,0.00000,0.00000
28.19200,0.12794,0.00001,0.00001,0.00000,0.99997,0.00000,0.00001,0.00000,0.00000,0.00000
28.22400,0.12794,0.00001,0.00001,0.00000,0.99996,0.00000,0.00002,0.00000,0.00000,0.00000
28.25600,0.12794,0.00003,0.00002,0.00000,0.99991,0.00000,0.00004,0.00000,0.00000,0.00000
28.28800,0.12794,0.00003,0.00001,0.00000,0.99992,0.00000,0.00004,0.00000,0.00000,0.00000
28.32000,0.12794,0.00003,0.00001,0.00000,0.99990,0.00000,0.00006,0.00000,0.00000,0.00000
28.35200,0.12794,0.00006,0.00001,0.00000,0.99987,0.00000,0.00006,0.00000,0.00000,0.00000
28.38400,0.12794,0.00001,0.00000,0.00000,0.99996,0.00000,0.00002,0.00000,0.00000,0.00000
28.41600,0.12794,0.00001,0.00000,0.00000,0.99997,0.00000,0.00002,0.00000,0.00000,0.00000
28.44800,0.12794,0.00002,0.00000,0.00000,0.99997,0.00000,0.00001,0.00000,0.00000,0.00000
28.48000,0.12794,0.00004,0.00000,0.00000,0.99993,0.00000,0.00003,0.00000,0.00000,0.00000
28.51200,0.12794,0.00012,0.00000,0.00000,0.99980,0.00000,0.00005,0.00000,0.00000,0.00002
28.54400,0.12794,0.00031,0.00000,0.00000,0.99954,0.00000,0.00010,0.00000,0.00000,0.00005
28.57600,0.12794,0.00058,0.00000,0.00000,0.99914,0.00000,0.00019,0.00000,0.00000,0.00010
28.60800,0.12794,0.00066,0.00000,0.00000,0.99899,0.00000,0.00023,0.00000,0.00000,0.00013
28.64000,0.12794,0.00107,0.00000,0.00000,0.99840,0.00000,0.00028,0.00000,0.00000,0.00025
28.67200,0.12794,0.00124,0.00000,0.00000,0.99812,0.00000,0.00026,0.00000,0.00000,0.00038
28.70400,0.12794,0.00127,0.00000,0.00000,0.99794,0.00000,0.00018,0.00000,0.00000,0.00060
28.73600,0.12794,0.00079,0.00000,0.00000,0.99877,0.00000,0.00011,0.00000,0.00000,0.00032
28.76800,0.12794,0.00087,0.00000,0.00000,0.99850,0.00000,0.00009,0.00000,0.00000,0.00054
28.80000,0.12794,0.00124,0.00000,0.00000,0.99791,0.00000,0.00010,0.00000,0.00000,0.00075
28.83200,0.12794,0.00212,0.00000,0.00000,0.99635,0.00000,0.00011,0.00000,0.00000,0.00142
28.86400,0.12794,0.00468,0.00000,0.00000,0.99173,0.00000,0.00020,0.00000,0.00000,0.00339
28.89600,0.12794,0.00905,0.00000,0.00000,0.98144,0.00000,0.00024,0.00000,0.00000,0.00928
28.92800,0.12794,0.01463,0.00000,0.00000,0.95611,0.00000,0.00024,0.00000,0.00000,0.02901
28.96000,0.12794,0.02473,0.00000,0.00000,0.90805,0.00000,0.00014,0.00000,0.00000,0.06708
28.99200,0.12794,0.02882,0.00001,0.00000,0.86005,0.00000,0.00013,0.00000,0.00000,0.11099
29.02400,0.12794,0.02843,0.00000,0.00000,0.89069,0.00000,0.00015,0.00000,0.00000,0.08072
29.05600,0.12794,0.03628,0.00001,0.00000,0.84331,0.00000,0.00020,0.00000,0.00000,0.12020
29.08800,0.12794,0.04040,0.00001,0.00000,0.82065,0.00000,0.00050,0.00000,0.00000,0.13844
29.12000,0.12794,0.03784,0.00001,0.00000,0.84748,0.00000,0.00062,0.00000,0.00000,0.11406
29.15200,0.12794,0.03456,0.00001,0.00000,0.86493,0.00000,0.00063,0.00000,0.00000,0.09987
29.18400,0.12794,0.02569,0.00001,0.00000,0.92005,0.00000,0.00073,0.00000,0.00000,0.05351
29.21600,0.12794,0.01773,0.00001,0.00000,0.95446,0.00000,0.00095,0.00000,0.00000,0.02687
29.24800,0.12794,0.01612,0.00000,0.00000,0.96320,0.00000,0.00124,0.00000,0.00000,0.01944
29.28000,0.12794,0.01347,0.00000,0.00000,0.97538,0.00000,0.00211,0.00000,0.00000,0.00904
29.31200,0.12794,0.01426,0.00000,0.00000,0.97673,0.00000,0.00307,0.00000,0.00000,0.00593
29.34400,0.12794,0.01539,0.00000,0.00000,0.97532,0.00000,0.00585,0.00000,0.00000,0.00345
29.37600,0.12794,0.03083,0.00000,0.00000,0.95097,0.00000,0.01124,0.00000,0.00000,0.00697
29.40800,0.12794,0.04421,0.00000,0.00000,0.93250,0.00000,0.01008,0.00000,0.00000,0.01320
29.44000,0.12794,0.03354,0.00000,0.00000,0.94704,0.00000,0.00762,0.00000,0.00000,0.01180
29.47200,0.12794,0.03780,0.00000,0.00000,0.93936,0.00000,0.00421,0.00000,0.00000,0.01862
29.50400,0.12794,0.02255,0.00000,0.00000,0.96439,0.00000,0.00237,0.00000,0.00000,0.01069
29.53600,0.12794,0.02385,0.00000,0.00000,0.96143,0.00000,0.00227,0.00000,0.00000,0.01244
29.56800,0.12794,0.03009,0.00000,0.00000,0.95141,0.00000,0.00219,0.00000,0.00000,0.01630
29.60000,0.12794,0.01249,0.00000,0.00000,0.98171,0.00000,0.00128,0.00000,0.00000,0.00452
29.63200,0.12794,0.00796,0.00000,0.00000,0.98935,0.00000,0.00093,0.00000,0.00000,0.00176
29.66400,0.12794,0.00461,0.00000,0.00000,0.99391,0.00000,0.00081,0.00000,0.00000,0.00066
29.69600,0.12794,0.00292,0.00000,0.00000,0.99595,0.00000,0.00095,0.00000,0.00000,0.00018
29.72800,0.12794,0.00434,0.00000,0.00000,0.99380,0.00000,0.00159,0.00000,0.00000,0.00027
29.76000,0.12794,0.00344,0.00000,0.00000,0.99528,0.00000,0.00101,0.00000,0.00000,0.00027
29.79200,0.12794,0.00165,0.00000,0.00000,0.99769,0.00000,0.00054,0.00000,0.00000,0.00012
29.82400,0.12794,0.00204,0.00000,0.00000,0.99710,0.00000,0.00050,0.00000,0.00000,0.00036
29.85600,0.12794,0.00427,0.00000,0.00000,0.99357,0.00000,0.00071,0.00000,0.00000,0.00145
29.88800,0.12794,0.00360,0.00000,0.00000,0.99420,0.00000,0.00105,0.00000,0.00000,0.00114
29.92000,0.12794,0.00577,0.00000,0.00000,0.99008,0.00000,0.00178,0.00000,0.00000,0.00236
29.95200,0.12794,0.00579,0.00000,0.00000,0.98972,0.00000,0.00170,0.00000,0.00000,0.00278
29.98400,0.12794,0.00158,0.00000,0.00000,0.99718,0.00000,0.00068,0.00000,0.00000,0.00056
30.01600,0.12794,0.00089,0.00000,0.00000,0.99834,0.00000,0.00037,0.00000,0.00000,0.00040
30.04800,0.12794,0.00041,0.00000,0.00000,0.99918,0.00000,0.00022,0.00000,0.00000,0.00019
30.08000,0.12794,0.00017,0.00000,0.00000,0.99966,0.00000,0.00010,0.00000,0.00000,0.00006
30.11200,0.12794,0.00031,0.00002,0.00000,0.99938,0.00000,0.00011,0.00000,0.00000,0.00018
30.14400,0.12794,0.00023,0.00002,0.00000,0.99951,0.00000,0.00012,0.00000,0.00000,0.00012
30.17600,0.12794,0.00019,0.00002,0.00000,0.99961,0.00000,0.00009,0.00000,0.00000,0.00010
30.20800,0.12794,0.00029,0.00003,0.00000,0.99942,0.00000,0.00011,0.00000,0.00000,0.00016
30.24000,0.12794,0.00016,0.00002,0.00000,0.99962,0.00000,0.00013,0.00000,0.00000,0.00007
30.27200,0.12794,0.00068,0.00007,0.00000,0.99838,0.00000,0.00011,0.00000,0.00000,0.00075
30.30400,0.12794,0.00224,0.00035,0.00000,0.99336,0.00000,0.00012,0.00000,0.00000,0.00393
30.33600,0.12794,0.00394,0.00080,0.00001,0.98828,0.00000,0.00023,0.00000,0.00000,0.00675
30.36800,0.12794,0.03190,0.00547,0.00019,0.93704,0.00000,0.00085,0.00000,0.00001,0.02454
30.40000,0.12794,0.17674,0.01827,0.00155,0.77394,0.00002,0.00671,0.00003,0.00013,0.02261
30.43200,0.12794,0.63763,0.04216,0.00658,0.26670,0.00052,0.02095,0.00136,0.00156,0.02255
30.46400,0.12794,0.82403,0.06853,0.01172,0.06098,0.00145,0.01283,0.00409,0.00526,0.01111
30.49600,0.12794,0.87070,0.04991,0.01100,0.03976,0.00142,0.01031,0.00350,0.00500,0.00842
30.52800,0.12794,0.87630,0.05629,0.01176,0.02651,0.00128,0.00853,0.00535,0.00593,0.00805
30.56000,0.12794,0.89948,0.03533,0.01272,0.02218,0.00097,0.00947,0.00672,0.00516,0.00797
30.59200,0.12794,0.93063,0.01635,0.00963,0.01810,0.00071,0.01021,0.00473,0.00333,0.00633
30.62400,0.12794,0.94812,0.01165,0.00759,0.01209,0.00044,0.00843,0.00453,0.00247,0.00468
30.65600,0.12794,0.95553,0.00488,0.00497,0.01480,0.00025,0.01183,0.00238,0.00108,0.00428
30.68800,0.12794,0.95889,0.00252,0.00257,0.01780,0.00013,0.01458,0.00091,0.00046,0.00214
30.72000,0.12794,0.96487,0.00088,0.00159,0.01499,0.00006,0.01580,0.00041,0.00021,0.00119
30.75200,0.12794,0.95951,0.00115,0.00161,0.01834,0.00006,0.01775,0.00039,0.00024,0.00097
30.78400,0.12794,0.95979,0.00187,0.00253,0.01715,0.00009,0.01650,0.00068,0.00049,0.00090
30.81600,0.12794,0.96330,0.00371,0.00366,0.01207,0.00014,0.01293,0.00182,0.00081,0.00156
30.84800,0.12794,0.94564,0.00636,0.00632,0.01857,0.00027,0.01506,0.00323,0.00162,0.00293
30.88000,0.12794,0.93014,0.00620,0.00683,0.02585,0.00036,0.01844,0.00402,0.00142,0.00674
30.91200,0.12794,0.91751,0.00505,0.00744,0.03498,0.00040,0.02192,0.00291,0.00151,0.00828
30.94400,0.12794,0.91504,0.00585,0.01116,0.03582,0.00070,0.01870,0.00260,0.00322,0.00691
30.97600,0.12794,0.92385,0.00919,0.01375,0.02580,0.00082,0.01352,0.00289,0.00452,0.00566
31.00800,0.12794,0.93379,0.01068,0.01057,0.02153,0.00062,0.01172,0.00279,0.00326,0.00502
31.04000,0.12794,0.94062,0.00728,0.00861,0.02260,0.00043,0.01314,0.00172,0.00227,0.00334
31.07200,0.12794,0.90136,0.00958,0.00659,0.05151,0.00037,0.02336,0.00143,0.00136,0.00445
31.10400,0.12794,0.85526,0.00639,0.00524,0.08879,0.00029,0.03829,0.00106,0.00094,0.00374
31.13600,0.12794,0.84564,0.00443,0.00546,0.09437,0.00028,0.04521,0.00081,0.00098,0.00281
31.16800,0.12794,0.83917,0.00814,0.00546,0.10485,0.00040,0.03614,0.00084,0.00105,0.00396
31.20000,0.12794,0.90890,0.00830,0.00445,0.05303,0.00038,0.01969,0.00077,0.00108,0.00342
31.23200,0.12794,0.96514,0.00990,0.00340,0.01093,0.00029,0.00642,0.00086,0.00105,0.00202
31.26400,0.12794,0.97531,0.01101,0.00237,0.00438,0.00019,0.00345,0.00105,0.00079,0.00145
31.29600,0.12794,0.98798,0.00415,0.00158,0.00143,0.00008,0.00261,0.00108,0.00048,0.00061
31.32800,0.12794,0.98649,0.00245,0.00147,0.00291,0.00007,0.00484,0.00075,0.00028,0.00074
31.36000,0.12794,0.96715,0.00349,0.00189,0.01177,0.00011,0.01239,0.00104,0.00029,0.00187
31.39200,0.12794,0.94244,0.00390,0.00245,0.02601,0.00017,0.01979,0.00110,0.00037,0.00376
31.42400,0.12794,0.89722,0.00791,0.00339,0.05691,0.00033,0.02229,0.00122,0.00053,0.01021
31.45600,0.12794,0.90116,0.01356,0.00443,0.04713,0.00046,0.01852,0.00186,0.00092,0.01197
31.48800,0.12794,0.92222,0.01084,0.00358,0.03561,0.00036,0.01506,0.00144,0.00068,0.01022
31.52000,0.12794,0.94042,0.01532,0.00463,0.02058,0.00038,0.00959,0.00195,0.00130,0.00583
31.55200,0.12794,0.95404,0.01325,0.00357,0.01326,0.00030,0.00710,0.00191,0.00103,0.00553
31.58400,0.12794,0.95647,0.01384,0.00373,0.01129,0.00028,0.00652,0.00218,0.00121,0.00448
31.61600,0.12794,0.96281,0.01133,0.00403,0.00910,0.00028,0.00619,0.00191,0.00145,0.00290
31.64800,0.12794,0.96358,0.00797,0.00323,0.01288,0.00023,0.00751,0.00109,0.00097,0.00254
31.68000,0.12794,0.95850,0.00794,0.00369,0.01580,0.00024,0.00950,0.00109,0.00112,0.00212
31.71200,0.12794,0.96494,0.00697,0.00302,0.01357,0.00020,0.00745,0.00081,0.00086,0.00219
31.74400,0.12794,0.95552,0.01187,0.00301,0.01687,0.00024,0.00729,0.00108,0.00089,0.00324
31.77600,0.12794,0.96356,0.01641,0.00343,0.00658,0.00026,0.00389,0.00159,0.00127,0.00302
31.80800,0.12794,0.96614,0.01834,0.00359,0.00380,0.00029,0.00263,0.00166,0.00159,0.00196
31.84000,0.12794,0.97728,0.01153,0.00305,0.00230,0.00019,0.00196,0.00117,0.00138,0.00113
31.87200,0.12794,0.98721,0.00508,0.00235,0.00141,0.00014,0.00156,0.00063,0.00094,0.00067
31.90400,0.12794,0.99021,0.00250,0.00157,0.00218,0.00009,0.00211,0.00028,0.00041,0.00064
31.93600,0.12794,0.98422,0.00364,0.00189,0.00483,0.00013,0.00336,0.00032,0.00044,0.00117
31.96800,0.12794,0.97836,0.00484,0.00234,0.00696,0.00017,0.00503,0.00048,0.00050,0.00131
32.00000,0.12794,0.97780,0.00452,0.00187,0.00788,0.00010,0.00577,0.00050,0.00036,0.00120
32.03200,0.12794,0.97194,0.00518,0.00213,0.01022,0.00011,0.00816,0.00076,0.00044,0.00108
32.06400,0.12794,0.98258,0.00174,0.00118,0.00584,0.00004,0.00749,0.00040,0.00018,0.00054
32.09600,0.12794,0.98855,0.00077,0.00065,0.00373,0.00002,0.00565,0.00018,0.00008,0.00037
32.12800,0.12794,0.99097,0.00074,0.00080,0.00240,0.00002,0.00454,0.00019,0.00012,0.00022
32.16000,0.12794,0.99570,0.00067,0.00052,0.00102,0.00002,0.00176,0.00009,0.00008,0.00014
32.19200,0.12794,0.99668,0.00086,0.00041,0.00066,0.00001,0.00109,0.00009,0.00007,0.00014
32.22400,0.12794,0.99606,0.00096,0.00045,0.00086,0.00001,0.00130,0.00011,0.00007,0.00018
32.25600,0.12794,0.99583,0.00080,0.00035,0.00108,0.00001,0.00154,0.00009,0.00004,0.00025
32.28800,0.12794,0.98783,0.00049,0.00038,0.00476,0.00001,0.00586,0.00009,0.00003,0.00055
32.32000,0.12794,0.96315,0.00063,0.00062,0.01892,0.00003,0.01523,0.00013,0.00005,0.00124
32.35200,0.12794,0.93775,0.00082,0.00066,0.03639,0.00005,0.02195,0.00016,0.00006,0.00217
32.38400,0.12794,0.92129,0.00119,0.00072,0.04928,0.00005,0.02463,0.00020,0.00007,0.00256
32.41600,0.12794,0.91076,0.00126,0.00101,0.05801,0.00008,0.02622,0.00018,0.00012,0.00236
