Time (seconds), Duration (seconds),pred_unlabeled,pred_down,pred_bottom left,pred_bottom right,pred_left,pred_right,pred_top,pred_top left,pred_top right
0.00000,0.12794,0.99232,0.00000,0.00001,0.00034,0.00000,0.00731,0.00000,0.00000,0.00003
0.03200,0.12794,0.99123,0.00000,0.00005,0.00081,0.00000,0.00784,0.00000,0.00000,0.00006
0.06400,0.12794,0.99199,0.00003,0.00023,0.00150,0.00000,0.00608,0.00002,0.00001,0.00015
0.09600,0.12794,0.98686,0.00069,0.00135,0.00388,0.00003,0.00643,0.00021,0.00019,0.00036
0.12800,0.12794,0.95313,0.01702,0.00777,0.00728,0.00024,0.00620,0.00364,0.00371,0.00101
0.16000,0.12794,0.95806,0.01629,0.00568,0.00697,0.00017,0.00515,0.00393,0.00243,0.00131
0.19200,0.12794,0.95359,0.01714,0.00732,0.00556,0.00021,0.00470,0.00606,0.00442,0.00100
0.22400,0.12794,0.96132,0.01658,0.00549,0.00427,0.00018,0.00331,0.00490,0.00283,0.00112
0.25600,0.12794,0.97313,0.01406,0.00327,0.00238,0.00013,0.00194,0.00266,0.00133,0.00110
0.28800,0.12794,0.98559,0.00676,0.00179,0.00180,0.00008,0.00156,0.00090,0.00047,0.00105
0.32000,0.12794,0.99110,0.00317,0.00152,0.00079,0.00006,0.00105,0.00082,0.00031,0.00118
0.35200,0.12794,0.99376,0.00194,0.00145,0.00024,0.00007,0.00047,0.00075,0.00036,0.00095
0.38400,0.12794,0.99327,0.00228,0.00142,0.00026,0.00009,0.00046,0.00076,0.00033,0.00112
0.41600,0.12794,0.98959,0.00424,0.00254,0.00022,0.00013,0.00040,0.00115,0.00094,0.00080
0.44800,0.12794,0.98498,0.00950,0.00213,0.00040,0.00013,0.00046,0.00084,0.00072,0.00084
0.48000,0.12794,0.98384,0.01075,0.00176,0.00095,0.00008,0.00095,0.00061,0.00051,0.00054
0.51200,0.12794,0.98844,0.00528,0.00140,0.00205,0.00005,0.00172,0.00027,0.00033,0.00046
0.54400,0.12794,0.98852,0.00271,0.00122,0.00349,0.00004,0.00316,0.00020,0.00021,0.00046
0.57600,0.12794,0.95959,0.00029,0.00124,0.01626,0.00003,0.02033,0.00006,0.00011,0.00209
0.60800,0.12794,0.85312,0.00004,0.00115,0.04427,0.00002,0.08975,0.00002,0.00004,0.01159
0.64000,0.12794,0.71549,0.00002,0.00189,0.06934,0.00004,0.17847,0.00002,0.00005,0.03468
0.67200,0.12794,0.44789,0.00001,0.00106,0.11925,0.00004,0.30945,0.00001,0.00003,0.12228
0.70400,0.12794,0.46081,0.00001,0.00136,0.10943,0.00005,0.31612,0.00002,0.00003,0.11217
0.73600,0.12794,0.35360,0.00000,0.00114,0.07653,0.00003,0.51450,0.00001,0.00001,0.05418
0.76800,0.12794,0.22155,0.00000,0.00051,0.05535,0.00001,0.69461,0.00000,0.00000,0.02797
0.80000,0.12794,0.21592,0.00000,0.00055,0.01912,0.00001,0.74900,0.00000,0.00000,0.01539
0.83200,0.12794,0.17257,0.00000,0.00025,0.02806,0.00000,0.78695,0.00000,0.00000,0.01217
0.86400,0.12794,0.22029,0.00000,0.00025,0.06267,0.00001,0.69642,0.00000,0.00000,0.02037
0.89600,0.12794,0.35235,0.00000,0.00059,0.04158,0.00003,0.56425,0.00000,0.00001,0.04119
0.92800,0.12794,0.28221,0.00000,0.00071,0.05444,0.00003,0.61612,0.00000,0.00001,0.04647
0.96000,0.12794,0.28594,0.00000,0.00092,0.05430,0.00006,0.61117,0.00001,0.00001,0.04760
0.99200,0.12794,0.28707,0.00000,0.00087,0.08216,0.00004,0.56704,0.00001,0.00001,0.06281
1.02400,0.12794,0.20945,0.00000,0.00044,0.08176,0.00003,0.67656,0.00001,0.00001,0.03173
1.05600,0.12794,0.20511,0.00000,0.00036,0.04936,0.00003,0.71859,0.00000,0.00001,0.02654
1.08800,0.12794,0.21436,0.00000,0.00064,0.01005,0.00011,0.75819,0.00000,0.00001,0.01663
1.12000,0.12794,0.24943,0.00000,0.00162,0.00219,0.00059,0.73416,0.00000,0.00002,0.01200
1.15200,0.12794,0.25100,0.00000,0.00184,0.00221,0.00048,0.73082,0.00000,0.00002,0.01363
1.18400,0.12794,0.24183,0.00000,0.00153,0.00424,0.00023,0.73601,0.00000,0.00002,0.01613
1.21600,0.12794,0.29206,0.00000,0.00269,0.00811,0.00019,0.66891,0.00001,0.00002,0.02802
1.24800,0.12794,0.34313,0.00000,0.00293,0.03214,0.00010,0.55601,0.00001,0.00002,0.06566
1.28000,0.12794,0.32591,0.00000,0.00387,0.05175,0.00009,0.55357,0.00001,0.00002,0.06477
1.31200,0.12794,0.42662,0.00001,0.00875,0.03178,0.00018,0.43763,0.00001,0.00004,0.09498
1.34400,0.12794,0.41135,0.00000,0.00615,0.03653,0.00010,0.44089,0.00001,0.00002,0.10493
1.37600,0.12794,0.32647,0.00000,0.00510,0.01627,0.00009,0.59296,0.00001,0.00002,0.05908
1.40800,0.12794,0.54808,0.00000,0.00323,0.01758,0.00003,0.20702,0.00001,0.00001,0.22405
1.44000,0.12794,0.58066,0.00000,0.00327,0.01933,0.00004,0.13936,0.00001,0.00001,0.25732
1.47200,0.12794,0.61930,0.00001,0.00515,0.01169,0.00007,0.10715,0.00002,0.00003,0.25656
1.50400,0.12794,0.67242,0.00001,0.00827,0.00800,0.00023,0.09301,0.00004,0.00007,0.21794
1.53600,0.12794,0.45863,0.00000,0.01892,0.00503,0.00172,0.46154,0.00007,0.00013,0.05396
1.56800,0.12794,0.26904,0.00000,0.01552,0.00204,0.00155,0.69530,0.00002,0.00004,0.01649
1.60000,0.12794,0.12307,0.00000,0.00998,0.00104,0.00125,0.85954,0.00001,0.00001,0.00511
1.63200,0.12794,0.05882,0.00000,0.00359,0.00095,0.00026,0.93400,0.00000,0.00000,0.00238
1.66400,0.12794,0.05769,0.00000,0.00299,0.00126,0.00020,0.93533,0.00000,0.00000,0.00254
1.69600,0.12794,0.06223,0.00000,0.00198,0.00302,0.00012,0.92894,0.00000,0.00000,0.00371
1.72800,0.12794,0.05646,0.00000,0.00161,0.00455,0.00008,0.93396,0.00000,0.00000,0.00334
1.76000,0.12794,0.07593,0.00000,0.00225,0.00544,0.00014,0.91147,0.00000,0.00000,0.00478
1.79200,0.12794,0.06114,0.00000,0.00165,0.00645,0.00008,0.92661,0.00000,0.00000,0.00408
1.82400,0.12794,0.04926,0.00000,0.00278,0.00312,0.00012,0.94180,0.00000,0.00000,0.00292
1.85600,0.12794,0.07293,0.00000,0.00323,0.00253,0.00019,0.91601,0.00000,0.00000,0.00511
1.88800,0.12794,0.06702,0.00000,0.00211,0.00253,0.00012,0.92334,0.00000,0.00000,0.00489
1.92000,0.12794,0.08888,0.00000,0.00263,0.00206,0.00019,0.89943,0.00000,0.00000,0.00680
1.95200,0.12794,0.07987,0.00000,0.00121,0.00283,0.00007,0.90911,0.00000,0.00000,0.00691
1.98400,0.12794,0.06699,0.00000,0.00073,0.00205,0.00004,0.92532,0.00000,0.00000,0.00487
2.01600,0.12794,0.05583,0.00000,0.00095,0.00106,0.00006,0.93884,0.00000,0.00000,0.00327
2.04800,0.12794,0.04170,0.00000,0.00068,0.00119,0.00003,0.95376,0.00000,0.00000,0.00264
2.08000,0.12794,0.04970,0.00000,0.00115,0.00080,0.00008,0.94561,0.00000,0.00000,0.00266
2.11200,0.12794,0.05459,0.00000,0.00128,0.00112,0.00011,0.93973,0.00000,0.00000,0.00317
2.14400,0.12794,0.07657,0.00000,0.00162,0.00157,0.00019,0.91577,0.00000,0.00000,0.00427
2.17600,0.12794,0.11621,0.00000,0.00223,0.00118,0.00064,0.87449,0.00000,0.00001,0.00524
2.20800,0.12794,0.18801,0.00000,0.00319,0.00236,0.00124,0.79490,0.00001,0.00002,0.01027
2.24000,0.12794,0.25602,0.00000,0.00388,0.00466,0.00117,0.71525,0.00001,0.00003,0.01897
2.27200,0.12794,0.25491,0.00000,0.00265,0.01014,0.00062,0.70631,0.00001,0.00003,0.02532
2.30400,0.12794,0.23025,0.00000,0.00230,0.02721,0.00036,0.71359,0.00002,0.00003,0.02624
2.33600,0.12794,0.15054,0.00000,0.00117,0.04961,0.00012,0.77886,0.00001,0.00001,0.01968
2.36800,0.12794,0.12658,0.00000,0.00161,0.02461,0.00020,0.83598,0.00001,0.00001,0.01101
2.40000,0.12794,0.13867,0.00000,0.00350,0.00850,0.00059,0.84044,0.00001,0.00001,0.00828
2.43200,0.12794,0.15984,0.00000,0.00190,0.01330,0.00028,0.81361,0.00001,0.00001,0.01106
2.46400,0.12794,0.18285,0.00000,0.00115,0.01497,0.00014,0.78891,0.00000,0.00001,0.01198
2.49600,0.12794,0.19697,0.00000,0.00040,0.02497,0.00004,0.76571,0.00000,0.00000,0.01191
2.52800,0.12794,0.20445,0.00000,0.00018,0.06065,0.00001,0.72173,0.00000,0.00000,0.01298
2.56000,0.12794,0.21585,0.00000,0.00026,0.04001,0.00001,0.73196,0.00000,0.00000,0.01191
2.59200,0.12794,0.22151,0.00000,0.00022,0.04502,0.00001,0.71207,0.00000,0.00000,0.02118
2.62400,0.12794,0.20569,0.00000,0.00024,0.10001,0.00000,0.66043,0.00000,0.00000,0.03362
2.65600,0.12794,0.19325,0.00000,0.00023,0.14454,0.00000,0.60178,0.00000,0.00000,0.06020
2.68800,0.12794,0.17310,0.00000,0.00019,0.09717,0.00000,0.67106,0.00000,0.00000,0.05847
2.72000,0.12794,0.20749,0.00000,0.00028,0.08845,0.00000,0.64110,0.00000,0.00000,0.06268
2.75200,0.12794,0.19263,0.00000,0.00014,0.05775,0.00000,0.70151,0.00000,0.00000,0.04797
2.78400,0.12794,0.19354,0.00000,0.00013,0.04779,0.00000,0.71635,0.00000,0.00000,0.04218
2.81600,0.12794,0.23150,0.00000,0.00017,0.08432,0.00001,0.63433,0.00000,0.00000,0.04966
2.84800,0.12794,0.29121,0.00000,0.00032,0.09415,0.00003,0.56368,0.00001,0.00000,0.05060
2.88000,0.12794,0.37196,0.00003,0.00060,0.17062,0.00007,0.37032,0.00006,0.00001,0.08634
2.91200,0.12794,0.36930,0.00009,0.00091,0.24209,0.00015,0.32083,0.00009,0.00002,0.06652
2.94400,0.12794,0.38078,0.00027,0.00097,0.34377,0.00017,0.18428,0.00016,0.00004,0.08956
2.97600,0.12794,0.35336,0.00008,0.00067,0.35141,0.00007,0.21953,0.00004,0.00002,0.07481
3.00800,0.12794,0.34305,0.00002,0.00051,0.27982,0.00004,0.31206,0.00001,0.00001,0.06447
3.04000,0.12794,0.35014,0.00001,0.00045,0.22852,0.00003,0.32479,0.00001,0.00001,0.09604
3.07200,0.12794,0.32624,0.00000,0.00033,0.18136,0.00001,0.40266,0.00001,0.00001,0.08938
3.10400,0.12794,0.30295,0.00000,0.00031,0.18869,0.00001,0.39539,0.00002,0.00001,0.11261
3.13600,0.12794,0.30165,0.00001,0.00055,0.19408,0.00002,0.37742,0.00004,0.00003,0.12622
3.16800,0.12794,0.31954,0.00001,0.00059,0.21194,0.00001,0.28356,0.00004,0.00003,0.18428
3.20000,0.12794,0.31603,0.00001,0.00039,0.21740,0.00001,0.20825,0.00004,0.00001,0.25787
3.23200,0.12794,0.31876,0.00001,0.00033,0.16868,0.00001,0.14681,0.00002,0.00001,0.36537
3.26400,0.12794,0.33902,0.00001,0.00018,0.13150,0.00000,0.11026,0.00001,0.00000,0.41902
3.29600,0.12794,0.39620,0.00000,0.00014,0.11644,0.00000,0.17218,0.00000,0.00000,0.31503
3.32800,0.12794,0.40468,0.00000,0.00017,0.11572,0.00000,0.25908,0.00000,0.00000,0.22034
3.36000,0.12794,0.34750,0.00000,0.00014,0.16644,0.00000,0.35939,0.00000,0.00000,0.12652
3.39200,0.12794,0.24877,0.00000,0.00010,0.28929,0.00000,0.37788,0.00000,0.00000,0.08395
3.42400,0.12794,0.19888,0.00000,0.00008,0.35488,0.00000,0.38296,0.00000,0.00000,0.06321
3.45600,0.12794,0.16816,0.00000,0.00004,0.36107,0.00000,0.43239,0.00000,0.00000,0.03833
3.48800,0.12794,0.16528,0.00000,0.00003,0.28684,0.00000,0.52020,0.00000,0.00000,0.02765
3.52000,0.12794,0.16069,0.00000,0.00003,0.24480,0.00000,0.57054,0.00000,0.00000,0.02394
3.55200,0.12794,0.16251,0.00000,0.00002,0.15723,0.00000,0.66589,0.00000,0.00000,0.01435
3.58400,0.12794,0.15687,0.00000,0.00002,0.09030,0.00000,0.74198,0.00000,0.00000,0.01083
3.61600,0.12794,0.15115,0.00000,0.00002,0.10661,0.00000,0.73312,0.00000,0.00000,0.00911
3.64800,0.12794,0.13624,0.00000,0.00001,0.17179,0.00000,0.68415,0.00000,0.00000,0.00782
3.68000,0.12794,0.12979,0.00000,0.00001,0.23983,0.00000,0.62282,0.00000,0.00000,0.00755
3.71200,0.12794,0.12970,0.00000,0.00001,0.30696,0.00000,0.55537,0.00000,0.00000,0.00797
3.74400,0.12794,0.13783,0.00000,0.00001,0.22273,0.00000,0.63208,0.00000,0.00000,0.00735
3.77600,0.12794,0.15699,0.00000,0.00001,0.13336,0.00000,0.70216,0.00000,0.00000,0.00748
3.80800,0.12794,0.15390,0.00000,0.00002,0.12348,0.00000,0.71464,0.00000,0.00000,0.00796
3.84000,0.12794,0.16754,0.00000,0.00002,0.09365,0.00000,0.73104,0.00000,0.00000,0.00774
3.87200,0.12794,0.16042,0.00000,0.00002,0.11130,0.00000,0.71972,0.00000,0.00000,0.00853
3.90400,0.12794,0.17001,0.00000,0.00003,0.12645,0.00000,0.69377,0.00000,0.00000,0.00974
3.93600,0.12794,0.17412,0.00000,0.00004,0.11014,0.00000,0.70463,0.00000,0.00000,0.01106
3.96800,0.12794,0.15756,0.00000,0.00003,0.20013,0.00000,0.62954,0.00000,0.00000,0.01274
4.00000,0.12794,0.15520,0.00000,0.00002,0.26281,0.00000,0.56980,0.00000,0.00000,0.01217
4.03200,0.12794,0.13292,0.00000,0.00001,0.40615,0.00000,0.44858,0.00000,0.00000,0.01233
4.06400,0.12794,0.10628,0.00000,0.00001,0.57436,0.00000,0.30870,0.00000,0.00000,0.01065
4.09600,0.12794,0.09905,0.00000,0.00001,0.60763,0.00000,0.28295,0.00000,0.00000,0.01036
4.12800,0.12794,0.10608,0.00000,0.00001,0.61359,0.00000,0.26877,0.00000,0.00000,0.01156
4.16000,0.12794,0.11000,0.00000,0.00001,0.59880,0.00000,0.28039,0.00000,0.00000,0.01080
4.19200,0.12794,0.14635,0.00000,0.00001,0.48946,0.00000,0.35241,0.00000,0.00000,0.01177
4.22400,0.12794,0.17873,0.00000,0.00002,0.39402,0.00000,0.41500,0.00000,0.00000,0.01224
4.25600,0.12794,0.20497,0.00000,0.00002,0.30033,0.00000,0.48335,0.00000,0.00000,0.01132
4.28800,0.12794,0.21768,0.00000,0.00003,0.21759,0.00000,0.55529,0.00000,0.00000,0.00941
4.32000,0.12794,0.22272,0.00000,0.00002,0.17170,0.00000,0.59823,0.00000,0.00000,0.00733
4.35200,0.12794,0.23600,0.00000,0.00003,0.13657,0.00000,0.62080,0.00000,0.00000,0.00659
4.38400,0.12794,0.28277,0.00000,0.00003,0.09132,0.00000,0.62058,0.00000,0.00000,0.00528
4.41600,0.12794,0.33010,0.00000,0.00004,0.08482,0.00000,0.58038,0.00000,0.00000,0.00466
4.44800,0.12794,0.34298,0.00000,0.00004,0.08990,0.00000,0.56248,0.00000,0.00000,0.00460
4.48000,0.12794,0.31796,0.00000,0.00002,0.12356,0.00000,0.55463,0.00000,0.00000,0.00384
4.51200,0.12794,0.31933,0.00000,0.00002,0.12683,0.00000,0.54979,0.00000,0.00000,0.00402
4.54400,0.12794,0.34501,0.00000,0.00002,0.14774,0.00000,0.50147,0.00000,0.00000,0.00576
4.57600,0.12794,0.28204,0.00000,0.00001,0.27590,0.00000,0.43460,0.00000,0.00000,0.00746
4.60800,0.12794,0.25312,0.00000,0.00002,0.38522,0.00000,0.35045,0.00000,0.00000,0.01119
4.64000,0.12794,0.16069,0.00000,0.00001,0.56929,0.00000,0.25993,0.00000,0.00000,0.01007
4.67200,0.12794,0.08768,0.00000,0.00000,0.71752,0.00000,0.18782,0.00000,0.00000,0.00698
4.70400,0.12794,0.08714,0.00000,0.00000,0.70192,0.00000,0.20413,0.00000,0.00000,0.00681
4.73600,0.12794,0.08324,0.00000,0.00000,0.70339,0.00000,0.20654,0.00000,0.00000,0.00682
4.76800,0.12794,0.07586,0.00000,0.00000,0.72301,0.00000,0.19368,0.00000,0.00000,0.00744
4.80000,0.12794,0.08741,0.00000,0.00000,0.67567,0.00000,0.22857,0.00000,0.00000,0.00834
4.83200,0.12794,0.08884,0.00000,0.00000,0.66621,0.00000,0.23602,0.00000,0.00000,0.00892
4.86400,0.12794,0.08340,0.00000,0.00000,0.67623,0.00000,0.23223,0.00000,0.00000,0.00814
4.89600,0.12794,0.08535,0.00000,0.00000,0.65712,0.00000,0.24870,0.00000,0.00000,0.00882
4.92800,0.12794,0.08412,0.00000,0.00000,0.66705,0.00000,0.23896,0.00000,0.00000,0.00986
4.96000,0.12794,0.08952,0.00000,0.00001,0.67792,0.00000,0.22213,0.00000,0.00000,0.01042
4.99200,0.12794,0.15221,0.00000,0.00002,0.55946,0.00000,0.27537,0.00000,0.00000,0.01294
5.02400,0.12794,0.15254,0.00000,0.00002,0.56827,0.00000,0.26707,0.00000,0.00000,0.01210
5.05600,0.12794,0.13495,0.00000,0.00001,0.60125,0.00000,0.25287,0.00000,0.00000,0.01091
5.08800,0.12794,0.11127,0.00000,0.00001,0.61306,0.00000,0.26556,0.00000,0.00000,0.01010
5.12000,0.12794,0.08395,0.00000,0.00001,0.57119,0.00000,0.33530,0.00000,0.00000,0.00955
5.15200,0.12794,0.10456,0.00000,0.00001,0.44598,0.00000,0.43402,0.00000,0.00000,0.01543
5.18400,0.12794,0.14263,0.00000,0.00003,0.22423,0.00000,0.61148,0.00000,0.00000,0.02162
5.21600,0.12794,0.21864,0.00000,0.00008,0.11663,0.00000,0.62106,0.00000,0.00000,0.04358
5.24800,0.12794,0.23750,0.00000,0.00012,0.12487,0.00000,0.57267,0.00000,0.00000,0.06484
5.28000,0.12794,0.22140,0.00000,0.00013,0.11656,0.00000,0.59950,0.00000,0.00000,0.06240
5.31200,0.12794,0.22260,0.00000,0.00019,0.12022,0.00001,0.59774,0.00000,0.00000,0.05923
5.34400,0.12794,0.18569,0.00000,0.00016,0.17199,0.00001,0.60005,0.00000,0.00000,0.04210
5.37600,0.12794,0.20752,0.00000,0.00018,0.13655,0.00001,0.61332,0.00000,0.00000,0.04241
5.40800,0.12794,0.29218,0.00000,0.00033,0.16800,0.00003,0.46569,0.00001,0.00001,0.07376
5.44000,0.12794,0.24872,0.00000,0.00022,0.31094,0.00001,0.36507,0.00001,0.00001,0.07502
5.47200,0.12794,0.25110,0.00001,0.00035,0.37812,0.00001,0.25956,0.00001,0.00001,0.11083
5.50400,0.12794,0.20003,0.00001,0.00026,0.51797,0.00001,0.17472,0.00002,0.00001,0.10698
5.53600,0.12794,0.23120,0.00000,0.00041,0.40198,0.00002,0.25825,0.00002,0.00002,0.10810
5.56800,0.12794,0.36817,0.00001,0.00150,0.15569,0.00009,0.30280,0.00007,0.00004,0.17163
5.60000,0.12794,0.36886,0.00001,0.00238,0.08759,0.00021,0.42029,0.00008,0.00007,0.12052
5.63200,0.12794,0.33353,0.00001,0.00341,0.08687,0.00032,0.46746,0.00009,0.00008,0.10824
5.66400,0.12794,0.36784,0.00001,0.00626,0.05004,0.00066,0.47996,0.00010,0.00010,0.09503
5.69600,0.12794,0.40611,0.00000,0.00681,0.02996,0.00076,0.48230,0.00007,0.00011,0.07388
5.72800,0.12794,0.46452,0.00000,0.00926,0.00864,0.00155,0.45928,0.00005,0.00011,0.05658
5.76000,0.12794,0.48425,0.00000,0.01861,0.00152,0.00562,0.45745,0.00003,0.00013,0.03238
5.79200,0.12794,0.49060,0.00000,0.01705,0.00117,0.00819,0.45720,0.00003,0.00016,0.02559
5.82400,0.12794,0.37325,0.00000,0.01568,0.00097,0.00875,0.58452,0.00002,0.00011,0.01669
5.85600,0.12794,0.27722,0.00000,0.01090,0.00122,0.00519,0.69281,0.00002,0.00007,0.01258
5.88800,0.12794,0.22643,0.00000,0.00945,0.00124,0.00371,0.74900,0.00002,0.00005,0.01009
5.92000,0.12794,0.17180,0.00000,0.00510,0.00267,0.00101,0.80688,0.00001,0.00002,0.01251
5.95200,0.12794,0.14838,0.00000,0.00192,0.00556,0.00019,0.82872,0.00001,0.00001,0.01521
5.98400,0.12794,0.17071,0.00000,0.00232,0.00633,0.00019,0.80274,0.00001,0.00002,0.01768
6.01600,0.12794,0.21055,0.00000,0.00334,0.00564,0.00038,0.75994,0.00002,0.00003,0.02010
6.04800,0.12794,0.18297,0.00000,0.00277,0.00366,0.00037,0.79766,0.00001,0.00002,0.01252
6.08000,0.12794,0.16801,0.00000,0.00570,0.00224,0.00108,0.81198,0.00002,0.00003,0.01094
6.11200,0.12794,0.13987,0.00000,0.00456,0.00265,0.00076,0.83996,0.00001,0.00002,0.01217
6.14400,0.12794,0.14603,0.00000,0.00497,0.00312,0.00067,0.83117,0.00002,0.00002,0.01401
6.17600,0.12794,0.20163,0.00000,0.01162,0.00216,0.00229,0.76393,0.00005,0.00007,0.01825
6.20800,0.12794,0.25032,0.00000,0.01484,0.00220,0.00316,0.70752,0.00007,0.00012,0.02177
6.24000,0.12794,0.23882,0.00000,0.01342,0.00185,0.00282,0.72570,0.00006,0.00010,0.01724
6.27200,0.12794,0.19505,0.00000,0.01103,0.00165,0.00206,0.77809,0.00004,0.00006,0.01202
6.30400,0.12794,0.11463,0.00000,0.00642,0.00147,0.00070,0.87034,0.00001,0.00002,0.00641
6.33600,0.12794,0.07783,0.00000,0.00413,0.00137,0.00040,0.91245,0.00001,0.00001,0.00380
6.36800,0.12794,0.05762,0.00000,0.00288,0.00143,0.00024,0.93512,0.00000,0.00000,0.00270
6.40000,0.12794,0.04877,0.00000,0.00164,0.00185,0.00012,0.94492,0.00000,0.00000,0.00269
6.43200,0.12794,0.08199,0.00000,0.00206,0.00262,0.00020,0.90806,0.00000,0.00001,0.00506
6.46400,0.12794,0.08745,0.00000,0.00117,0.00402,0.00011,0.90020,0.00000,0.00000,0.00706
6.49600,0.12794,0.09618,0.00000,0.00120,0.00339,0.00011,0.89082,0.00000,0.00000,0.00828
6.52800,0.12794,0.12766,0.00000,0.00230,0.00276,0.00028,0.85750,0.00001,0.00001,0.00949
6.56000,0.12794,0.15295,0.00000,0.00334,0.00239,0.00056,0.82987,0.00001,0.00002,0.01086
6.59200,0.12794,0.17383,0.00000,0.00655,0.00142,0.00144,0.80581,0.00001,0.00003,0.01090
6.62400,0.12794,0.17998,0.00000,0.00534,0.00180,0.00113,0.79988,0.00001,0.00003,0.01183
6.65600,0.12794,0.29582,0.00000,0.00844,0.00235,0.00215,0.66335,0.00003,0.00006,0.02780
6.68800,0.12794,0.28642,0.00000,0.00335,0.00939,0.00035,0.65293,0.00003,0.00003,0.04749
6.72000,0.12794,0.31998,0.00000,0.00230,0.02322,0.00021,0.58910,0.00003,0.00004,0.06511
6.75200,0.12794,0.41722,0.00000,0.00270,0.02487,0.00029,0.46411,0.00005,0.00008,0.09068
6.78400,0.12794,0.36078,0.00000,0.00155,0.03852,0.00014,0.52543,0.00003,0.00005,0.07349
6.81600,0.12794,0.34135,0.00000,0.00222,0.02223,0.00034,0.58343,0.00002,0.00005,0.05036
6.84800,0.12794,0.35583,0.00000,0.00330,0.01714,0.00049,0.57456,0.00002,0.00006,0.04861
6.88000,0.12794,0.37266,0.00000,0.00367,0.02928,0.00064,0.53104,0.00005,0.00010,0.06256
6.91200,0.12794,0.31790,0.00000,0.00335,0.03560,0.00050,0.58987,0.00004,0.00007,0.05267
6.94400,0.12794,0.26007,0.00000,0.00288,0.04968,0.00035,0.64289,0.00004,0.00005,0.04404
6.97600,0.12794,0.20586,0.00000,0.00203,0.07735,0.00021,0.67427,0.00003,0.00003,0.04022
7.00800,0.12794,0.15457,0.00000,0.00127,0.07563,0.00009,0.74164,0.00001,0.00001,0.02677
7.04000,0.12794,0.13050,0.00000,0.00116,0.06400,0.00009,0.78238,0.00001,0.00001,0.02184
7.07200,0.12794,0.28086,0.00000,0.00396,0.04560,0.00038,0.60964,0.00004,0.00004,0.05949
7.10400,0.12794,0.40768,0.00001,0.00474,0.06222,0.00034,0.36562,0.00009,0.00006,0.15924
7.13600,0.12794,0.44133,0.00002,0.00410,0.09347,0.00024,0.21819,0.00012,0.00007,0.24245
7.16800,0.12794,0.38111,0.00004,0.00179,0.21627,0.00008,0.12379,0.00011,0.00006,0.27674
7.20000,0.12794,0.23958,0.00005,0.00061,0.44345,0.00003,0.06717,0.00007,0.00003,0.24901
7.23200,0.12794,0.28527,0.00004,0.00076,0.43629,0.00004,0.08907,0.00010,0.00005,0.18838
7.26400,0.12794,0.21933,0.00003,0.00048,0.51003,0.00002,0.09054,0.00007,0.00003,0.17946
7.29600,0.12794,0.20585,0.00002,0.00035,0.48864,0.00001,0.11573,0.00003,0.00001,0.18935
7.32800,0.12794,0.17257,0.00001,0.00017,0.47765,0.00000,0.13805,0.00001,0.00000,0.21153
7.36000,0.12794,0.17177,0.00000,0.00015,0.35566,0.00000,0.31424,0.00000,0.00000,0.15816
7.39200,0.12794,0.22312,0.00000,0.00021,0.17919,0.00001,0.46806,0.00000,0.00000,0.12940
7.42400,0.12794,0.21422,0.00000,0.00022,0.12792,0.00001,0.57004,0.00000,0.00000,0.08758
7.45600,0.12794,0.16991,0.00000,0.00021,0.07830,0.00001,0.71502,0.00000,0.00000,0.03654
7.48800,0.12794,0.20288,0.00000,0.00018,0.08871,0.00002,0.67102,0.00000,0.00000,0.03720
7.52000,0.12794,0.21837,0.00000,0.00021,0.11708,0.00003,0.62735,0.00001,0.00000,0.03695
7.55200,0.12794,0.22992,0.00000,0.00026,0.17615,0.00003,0.55627,0.00001,0.00001,0.03734
7.58400,0.12794,0.19370,0.00000,0.00020,0.20087,0.00003,0.58520,0.00000,0.00000,0.02000
7.61600,0.12794,0.13756,0.00000,0.00013,0.26363,0.00002,0.58899,0.00000,0.00000,0.00966
7.64800,0.12794,0.11242,0.00000,0.00009,0.14798,0.00001,0.73323,0.00000,0.00000,0.00627
7.68000,0.12794,0.08409,0.00000,0.00006,0.05513,0.00001,0.85671,0.00000,0.00000,0.00400
7.71200,0.12794,0.09087,0.00000,0.00007,0.06913,0.00000,0.83112,0.00000,0.00000,0.00881
7.74400,0.12794,0.09111,0.00000,0.00006,0.12793,0.00000,0.75624,0.00000,0.00000,0.02465
7.77600,0.12794,0.06776,0.00000,0.00005,0.34678,0.00000,0.53590,0.00000,0.00000,0.04951
7.80800,0.12794,0.05793,0.00000,0.00005,0.60535,0.00000,0.24770,0.00000,0.00000,0.08897
7.84000,0.12794,0.04899,0.00000,0.00004,0.66999,0.00000,0.17517,0.00000,0.00000,0.10580
7.87200,0.12794,0.09456,0.00000,0.00008,0.49654,0.00000,0.19545,0.00000,0.00000,0.21337
7.90400,0.12794,0.17690,0.00000,0.00012,0.28863,0.00000,0.26005,0.00000,0.00000,0.27429
7.93600,0.12794,0.22490,0.00000,0.00015,0.14708,0.00000,0.38762,0.00000,0.00000,0.24024
7.96800,0.12794,0.30559,0.00000,0.00014,0.07637,0.00000,0.44848,0.00000,0.00000,0.16943
8.00000,0.12794,0.25777,0.00000,0.00012,0.04589,0.00000,0.62323,0.00000,0.00000,0.07298
8.03200,0.12794,0.20071,0.00000,0.00007,0.06839,0.00000,0.68986,0.00000,0.00000,0.04098
8.06400,0.12794,0.15793,0.00000,0.00004,0.08215,0.00000,0.73399,0.00000,0.00000,0.02589
8.09600,0.12794,0.12831,0.00000,0.00003,0.09973,0.00000,0.75586,0.00000,0.00000,0.01607
8.12800,0.12794,0.12644,0.00000,0.00002,0.23011,0.00000,0.62084,0.00000,0.00000,0.02258
8.16000,0.12794,0.13812,0.00000,0.00002,0.29127,0.00000,0.53984,0.00000,0.00000,0.03075
8.19200,0.12794,0.16945,0.00000,0.00003,0.29471,0.00000,0.49720,0.00000,0.00000,0.03862
8.22400,0.12794,0.22572,0.00000,0.00004,0.18122,0.00000,0.55552,0.00000,0.00000,0.03750
8.25600,0.12794,0.20225,0.00000,0.00004,0.05618,0.00000,0.72609,0.00000,0.00000,0.01545
8.28800,0.12794,0.17822,0.00000,0.00003,0.05368,0.00000,0.75821,0.00000,0.00000,0.00985
8.32000,0.12794,0.16117,0.00000,0.00002,0.09849,0.00000,0.73220,0.00000,0.00000,0.00812
8.35200,0.12794,0.12894,0.00000,0.00002,0.17439,0.00000,0.68742,0.00000,0.00000,0.00922
8.38400,0.12794,0.10693,0.00000,0.00001,0.38927,0.00000,0.49251,0.00000,0.00000,0.01127
8.41600,0.12794,0.09209,0.00000,0.00001,0.43579,0.00000,0.46114,0.00000,0.00000,0.01096
8.44800,0.12794,0.10434,0.00000,0.00001,0.34824,0.00000,0.53483,0.00000,0.00000,0.01258
8.48000,0.12794,0.11455,0.00000,0.00001,0.35661,0.00000,0.51613,0.00000,0.00000,0.01269
8.51200,0.12794,0.10342,0.00000,0.00001,0.46847,0.00000,0.41527,0.00000,0.00000,0.01283
8.54400,0.12794,0.12247,0.00000,0.00002,0.40612,0.00000,0.45656,0.00000,0.00000,0.01484
8.57600,0.12794,0.10973,0.00000,0.00002,0.46591,0.00000,0.40880,0.00000,0.00000,0.01554
8.60800,0.12794,0.11375,0.00000,0.00002,0.49645,0.00000,0.37118,0.00000,0.00000,0.01859
8.64000,0.12794,0.13477,0.00000,0.00004,0.41543,0.00000,0.43002,0.00000,0.00000,0.01973
8.67200,0.12794,0.13458,0.00000,0.00003,0.45305,0.00000,0.39473,0.00000,0.00000,0.01759
8.70400,0.12794,0.13903,0.00000,0.00003,0.48266,0.00000,0.36093,0.00000,0.00001,0.01734
8.73600,0.12794,0.13257,0.00000,0.00002,0.52613,0.00000,0.32352,0.00000,0.00000,0.01776
8.76800,0.12794,0.10692,0.00000,0.00001,0.63863,0.00000,0.23675,0.00000,0.00000,0.01768
8.80000,0.12794,0.09500,0.00000,0.00001,0.69415,0.00000,0.19177,0.00000,0.00000,0.01906
8.83200,0.12794,0.09220,0.00000,0.00001,0.70824,0.00000,0.18127,0.00000,0.00000,0.01827
8.86400,0.12794,0.09292,0.00000,0.00001,0.69620,0.00000,0.19666,0.00000,0.00000,0.01421
8.89600,0.12794,0.09256,0.00000,0.00001,0.67344,0.00000,0.22252,0.00000,0.00000,0.01146
8.92800,0.12794,0.10888,0.00000,0.00001,0.60820,0.00000,0.27337,0.00000,0.00000,0.00954
8.96000,0.12794,0.11237,0.00000,0.00001,0.59439,0.00000,0.28339,0.00000,0.00000,0.00985
8.99200,0.12794,0.11318,0.00000,0.00001,0.56815,0.00000,0.30975,0.00000,0.00000,0.00891
9.02400,0.12794,0.13731,0.00000,0.00001,0.52957,0.00000,0.32193,0.00000,0.00000,0.01118
9.05600,0.12794,0.14972,0.00000,0.00001,0.52530,0.00000,0.31257,0.00000,0.00000,0.01241
9.08800,0.12794,0.15591,0.00000,0.00001,0.52267,0.00000,0.31121,0.00000,0.00000,0.01021
9.12000,0.12794,0.15667,0.00000,0.00001,0.52109,0.00000,0.31360,0.00000,0.00000,0.00864
9.15200,0.12794,0.16826,0.00000,0.00001,0.62286,0.00000,0.19174,0.00000,0.00000,0.01712
9.18400,0.12794,0.14133,0.00000,0.00001,0.65699,0.00000,0.18740,0.00000,0.00000,0.01427
9.21600,0.12794,0.12935,0.00000,0.00001,0.69296,0.00000,0.16159,0.00000,0.00000,0.01608
9.24800,0.12794,0.11151,0.00000,0.00001,0.73513,0.00000,0.13365,0.00000,0.00000,0.01971
9.28000,0.12794,0.06561,0.00000,0.00000,0.75725,0.00000,0.17049,0.00000,0.00000,0.00665
9.31200,0.12794,0.07127,0.00000,0.00000,0.74378,0.00000,0.17801,0.00000,0.00000,0.00693
9.34400,0.12794,0.07692,0.00000,0.00000,0.70367,0.00000,0.21243,0.00000,0.00000,0.00697
9.37600,0.12794,0.08609,0.00000,0.00000,0.64119,0.00000,0.26613,0.00000,0.00000,0.00659
9.40800,0.12794,0.11733,0.00000,0.00001,0.52997,0.00000,0.34416,0.00000,0.00000,0.00853
9.44000,0.12794,0.13626,0.00000,0.00001,0.47383,0.00000,0.38026,0.00000,0.00000,0.00964
9.47200,0.12794,0.18071,0.00000,0.00002,0.30976,0.00000,0.50074,0.00000,0.00000,0.00876
9.50400,0.12794,0.19592,0.00000,0.00002,0.28932,0.00000,0.50536,0.00000,0.00000,0.00938
9.53600,0.12794,0.24111,0.00000,0.00003,0.17081,0.00000,0.58072,0.00000,0.00001,0.00732
9.56800,0.12794,0.25708,0.00000,0.00004,0.13351,0.00000,0.60231,0.00000,0.00001,0.00706
9.60000,0.12794,0.24637,0.00000,0.00004,0.22972,0.00000,0.51333,0.00000,0.00001,0.01054
9.63200,0.12794,0.22171,0.00000,0.00003,0.27102,0.00000,0.49771,0.00000,0.00000,0.00954
9.66400,0.12794,0.15290,0.00000,0.00001,0.47740,0.00000,0.35897,0.00000,0.00000,0.01072
9.69600,0.12794,0.11290,0.00000,0.00001,0.62765,0.00000,0.24776,0.00000,0.00000,0.01168
9.72800,0.12794,0.10278,0.00000,0.00001,0.65253,0.00000,0.23222,0.00000,0.00000,0.01247
9.76000,0.12794,0.10989,0.00000,0.00001,0.60642,0.00000,0.26742,0.00000,0.00000,0.01625
9.79200,0.12794,0.15649,0.00000,0.00003,0.37064,0.00000,0.45323,0.00000,0.00000,0.01960
9.82400,0.12794,0.19204,0.00000,0.00005,0.19306,0.00000,0.59560,0.00000,0.00000,0.01925
9.85600,0.12794,0.23662,0.00000,0.00007,0.12476,0.00000,0.60967,0.00000,0.00000,0.02888
9.88800,0.12794,0.31339,0.00000,0.00011,0.11329,0.00000,0.50031,0.00000,0.00000,0.07289
9.92000,0.12794,0.25853,0.00000,0.00009,0.20425,0.00000,0.43201,0.00000,0.00000,0.10511
9.95200,0.12794,0.23537,0.00000,0.00011,0.15506,0.00000,0.50141,0.00000,0.00000,0.10803
9.98400,0.12794,0.19891,0.00000,0.00010,0.16091,0.00000,0.57870,0.00000,0.00000,0.06138
10.01600,0.12794,0.13723,0.00000,0.00008,0.10561,0.00000,0.73977,0.00000,0.00000,0.01731
10.04800,0.12794,0.13823,0.00000,0.00010,0.07576,0.00001,0.77284,0.00000,0.00000,0.01306
10.08000,0.12794,0.15025,0.00000,0.00018,0.06494,0.00001,0.77221,0.00000,0.00000,0.01240
10.11200,0.12794,0.24987,0.00000,0.00035,0.17195,0.00001,0.47767,0.00000,0.00000,0.10013
10.14400,0.12794,0.28108,0.00001,0.00052,0.24943,0.00001,0.26114,0.00001,0.00000,0.20780
10.17600,0.12794,0.28134,0.00002,0.00070,0.28104,0.00002,0.14339,0.00002,0.00001,0.29345
10.20800,0.12794,0.17718,0.00006,0.00040,0.36325,0.00001,0.06514,0.00004,0.00001,0.39392
10.24000,0.12794,0.33733,0.00001,0.00106,0.20981,0.00005,0.26448,0.00005,0.00002,0.18719
10.27200,0.12794,0.32681,0.00001,0.00146,0.14863,0.00009,0.39758,0.00005,0.00003,0.12534
10.30400,0.12794,0.25625,0.00000,0.00115,0.14506,0.00005,0.50567,0.00002,0.00001,0.09178
10.33600,0.12794,0.23739,0.00000,0.00095,0.08754,0.00005,0.61855,0.00001,0.00001,0.05550
10.36800,0.12794,0.25730,0.00000,0.00100,0.06150,0.00007,0.62932,0.00001,0.00001,0.05080
10.40000,0.12794,0.29115,0.00000,0.00115,0.02529,0.00010,0.63988,0.00001,0.00001,0.04241
10.43200,0.12794,0.37334,0.00000,0.00165,0.00865,0.00023,0.57454,0.00001,0.00002,0.04155
10.46400,0.12794,0.42600,0.00000,0.00350,0.00463,0.00072,0.52718,0.00001,0.00005,0.03790
10.49600,0.12794,0.38645,0.00000,0.00496,0.00361,0.00080,0.56952,0.00001,0.00004,0.03460
10.52800,0.12794,0.34681,0.00000,0.00649,0.00477,0.00075,0.59904,0.00002,0.00004,0.04208
10.56000,0.12794,0.25278,0.00000,0.00944,0.00384,0.00098,0.70457,0.00002,0.00004,0.02832
10.59200,0.12794,0.16349,0.00000,0.00655,0.00464,0.00054,0.80212,0.00002,0.00002,0.02262
10.62400,0.12794,0.11961,0.00000,0.00738,0.00254,0.00066,0.85682,0.00001,0.00001,0.01298
10.65600,0.12794,0.12484,0.00000,0.00854,0.00130,0.00117,0.85553,0.00001,0.00001,0.00860
10.68800,0.12794,0.13126,0.00000,0.00693,0.00138,0.00093,0.85042,0.00001,0.00001,0.00906
10.72000,0.12794,0.11342,0.00000,0.00645,0.00066,0.00101,0.87275,0.00001,0.00001,0.00570
10.75200,0.12794,0.11459,0.00000,0.00492,0.00087,0.00072,0.87240,0.00001,0.00001,0.00648
10.78400,0.12794,0.10573,0.00000,0.00309,0.00132,0.00036,0.88166,0.00000,0.00001,0.00783
10.81600,0.12794,0.10492,0.00000,0.00508,0.00068,0.00083,0.88266,0.00001,0.00001,0.00582
10.84800,0.12794,0.13011,0.00000,0.01089,0.00050,0.00231,0.85072,0.00001,0.00002,0.00544
10.88000,0.12794,0.11720,0.00000,0.00900,0.00057,0.00188,0.86616,0.00001,0.00001,0.00518
10.91200,0.12794,0.09604,0.00000,0.01122,0.00039,0.00206,0.88664,0.00001,0.00001,0.00363
10.94400,0.12794,0.06851,0.00000,0.00945,0.00028,0.00161,0.91808,0.00000,0.00001,0.00206
10.97600,0.12794,0.04043,0.00000,0.00371,0.00035,0.00040,0.95381,0.00000,0.00000,0.00131
11.00800,0.12794,0.03111,0.00000,0.00236,0.00026,0.00017,0.96515,0.00000,0.00000,0.00095
11.04000,0.12794,0.02797,0.00000,0.00162,0.00041,0.00009,0.96887,0.00000,0.00000,0.00104
11.07200,0.12794,0.02509,0.00000,0.00116,0.00115,0.00003,0.97093,0.00000,0.00000,0.00165
11.10400,0.12794,0.03010,0.00000,0.00133,0.00206,0.00003,0.96385,0.00000,0.00000,0.00263
11.13600,0.12794,0.03267,0.00000,0.00122,0.00502,0.00003,0.95737,0.00000,0.00000,0.00368
11.16800,0.12794,0.02930,0.00000,0.00101,0.00672,0.00002,0.95989,0.00000,0.00000,0.00306
11.20000,0.12794,0.02879,0.00000,0.00121,0.00328,0.00003,0.96458,0.00000,0.00000,0.00211
11.23200,0.12794,0.03336,0.00000,0.00137,0.00235,0.00004,0.96074,0.00000,0.00000,0.00213
11.26400,0.12794,0.04005,0.00000,0.00215,0.00144,0.00011,0.95409,0.00000,0.00000,0.00216
11.29600,0.12794,0.04175,0.00000,0.00319,0.00068,0.00027,0.95236,0.00000,0.00000,0.00175
11.32800,0.12794,0.10151,0.00000,0.00785,0.00120,0.00117,0.88207,0.00001,0.00001,0.00618
11.36000,0.12794,0.10521,0.00000,0.00700,0.00099,0.00120,0.88026,0.00001,0.00001,0.00532
11.39200,0.12794,0.11140,0.00000,0.00669,0.00100,0.00102,0.87402,0.00000,0.00001,0.00586
11.42400,0.12794,0.12247,0.00000,0.00734,0.00063,0.00139,0.86196,0.00000,0.00001,0.00619
11.45600,0.12794,0.07308,0.00000,0.00309,0.00023,0.00063,0.92090,0.00000,0.00000,0.00206
11.48800,0.12794,0.09767,0.00000,0.00465,0.00014,0.00196,0.89349,0.00000,0.00000,0.00209
11.52000,0.12794,0.11594,0.00000,0.00453,0.00021,0.00227,0.87444,0.00000,0.00000,0.00260
11.55200,0.12794,0.14308,0.00000,0.00395,0.00035,0.00277,0.84632,0.00000,0.00001,0.00352
11.58400,0.12794,0.15399,0.00000,0.00262,0.00117,0.00113,0.83466,0.00000,0.00001,0.00643
11.61600,0.12794,0.14023,0.00000,0.00094,0.00580,0.00016,0.84301,0.00000,0.00000,0.00985
11.64800,0.12794,0.14075,0.00000,0.00049,0.01523,0.00007,0.83340,0.00000,0.00000,0.01005
11.68000,0.12794,0.11535,0.00000,0.00046,0.02279,0.00004,0.85277,0.00000,0.00000,0.00858
11.71200,0.12794,0.11943,0.00000,0.00094,0.01234,0.00010,0.86005,0.00000,0.00000,0.00714
11.74400,0.12794,0.14519,0.00000,0.00276,0.00511,0.00038,0.83828,0.00000,0.00001,0.00828
11.77600,0.12794,0.20005,0.00000,0.00696,0.00445,0.00069,0.77037,0.00001,0.00001,0.01746
11.80800,0.12794,0.30797,0.00000,0.00544,0.01264,0.00048,0.63600,0.00001,0.00002,0.03743
11.84000,0.12794,0.33574,0.00000,0.00321,0.03322,0.00025,0.58034,0.00002,0.00002,0.04720
11.87200,0.12794,0.36008,0.00000,0.00161,0.07115,0.00016,0.52352,0.00002,0.00003,0.04343
11.90400,0.12794,0.42987,0.00000,0.00147,0.08102,0.00021,0.45084,0.00002,0.00004,0.03652
11.93600,0.12794,0.42318,0.00000,0.00191,0.08573,0.00032,0.45317,0.00002,0.00006,0.03560
11.96800,0.12794,0.51718,0.00000,0.00306,0.04801,0.00066,0.38007,0.00002,0.00007,0.05093
12.00000,0.12794,0.48782,0.00002,0.00244,0.10128,0.00017,0.20771,0.00002,0.00003,0.20050
12.03200,0.12794,0.39536,0.00004,0.00239,0.10787,0.00009,0.14521,0.00002,0.00002,0.34900
12.06400,0.12794,0.31360,0.00004,0.00107,0.10057,0.00003,0.09758,0.00001,0.00001,0.48710
12.09600,0.12794,0.24484,0.00002,0.00030,0.19041,0.00000,0.08226,0.00001,0.00000,0.48215
12.12800,0.12794,0.31326,0.00001,0.00039,0.19747,0.00001,0.17593,0.00001,0.00000,0.31291
12.16000,0.12794,0.33603,0.00002,0.00034,0.22602,0.00002,0.19877,0.00002,0.00001,0.23877
12.19200,0.12794,0.42079,0.00005,0.00049,0.19084,0.00005,0.17270,0.00007,0.00002,0.21501
12.22400,0.12794,0.40006,0.00025,0.00088,0.26190,0.00016,0.13948,0.00020,0.00004,0.19703
12.25600,0.12794,0.42363,0.00023,0.00088,0.27208,0.00021,0.16849,0.00021,0.00005,0.13421
12.28800,0.12794,0.43024,0.00009,0.00097,0.22280,0.00027,0.26800,0.00013,0.00006,0.07745
12.32000,0.12794,0.27722,0.00001,0.00066,0.15473,0.00015,0.54554,0.00002,0.00002,0.02165
12.35200,0.12794,0.16780,0.00000,0.00042,0.05815,0.00007,0.76476,0.00000,0.00001,0.00879
12.38400,0.12794,0.12191,0.00000,0.00033,0.03252,0.00004,0.83933,0.00000,0.00000,0.00586
12.41600,0.12794,0.11940,0.00000,0.00032,0.03533,0.00002,0.83540,0.00000,0.00000,0.00953
12.44800,0.12794,0.19866,0.00000,0.00038,0.06144,0.00001,0.69948,0.00001,0.00001,0.04001
12.48000,0.12794,0.20259,0.00000,0.00033,0.07315,0.00001,0.67954,0.00001,0.00000,0.04437
12.51200,0.12794,0.29869,0.00000,0.00033,0.12428,0.00001,0.45197,0.00001,0.00001,0.12471
12.54400,0.12794,0.33891,0.00000,0.00026,0.14400,0.00001,0.34822,0.00001,0.00001,0.16859
12.57600,0.12794,0.37682,0.00000,0.00024,0.12566,0.00000,0.29761,0.00000,0.00000,0.19966
12.60800,0.12794,0.38606,0.00000,0.00018,0.15696,0.00000,0.25155,0.00000,0.00000,0.20524
12.64000,0.12794,0.36068,0.00000,0.00013,0.11970,0.00000,0.42365,0.00000,0.00000,0.09582
12.67200,0.12794,0.27700,0.00000,0.00007,0.07851,0.00000,0.61013,0.00000,0.00000,0.03428
