Time (seconds), Duration (seconds),pred_unlabeled,pred_down,pred_bottom left,pred_bottom right,pred_left,pred_right,pred_top,pred_top left,pred_top right
0.00000,0.12794,0.99232,0.00000,0.00001,0.00034,0.00000,0.00731,0.00000,0.00000,0.00003
0.03200,0.12794,0.99318,0.00000,0.00002,0.00051,0.00000,0.00623,0.00000,0.00000,0.00005
0.06400,0.12794,0.99339,0.00000,0.00005,0.00079,0.00000,0.00565,0.00000,0.00000,0.00010
0.09600,0.12794,0.99282,0.00002,0.00011,0.00126,0.00000,0.00557,0.00001,0.00000,0.00020
0.12800,0.12794,0.99034,0.00008,0.00024,0.00245,0.00001,0.00643,0.00005,0.00001,0.00038
0.16000,0.12794,0.99082,0.00007,0.00024,0.00206,0.00001,0.00645,0.00005,0.00001,0.00028
0.19200,0.12794,0.98939,0.00010,0.00037,0.00244,0.00001,0.00724,0.00008,0.00002,0.00036
0.22400,0.12794,0.98944,0.00027,0.00105,0.00243,0.00003,0.00601,0.00020,0.00011,0.00046
0.25600,0.12794,0.99176,0.00048,0.00164,0.00133,0.00005,0.00343,0.00048,0.00026,0.00057
0.28800,0.12794,0.99014,0.00094,0.00262,0.00141,0.00009,0.00287,0.00070,0.00064,0.00059
0.32000,0.12794,0.99107,0.00157,0.00215,0.00101,0.00008,0.00207,0.00093,0.00065,0.00048
0.35200,0.12794,0.99301,0.00142,0.00165,0.00079,0.00005,0.00162,0.00065,0.00046,0.00036
0.38400,0.12794,0.98911,0.00252,0.00265,0.00149,0.00010,0.00225,0.00073,0.00076,0.00039
0.41600,0.12794,0.98665,0.00291,0.00355,0.00188,0.00012,0.00257,0.00088,0.00094,0.00050
0.44800,0.12794,0.97393,0.00428,0.00890,0.00376,0.00024,0.00404,0.00141,0.00282,0.00062
0.48000,0.12794,0.96492,0.00424,0.01371,0.00441,0.00031,0.00440,0.00178,0.00559,0.00064
0.51200,0.12794,0.97474,0.00443,0.00881,0.00299,0.00023,0.00331,0.00168,0.00303,0.00078
0.54400,0.12794,0.97481,0.00624,0.00679,0.00349,0.00024,0.00346,0.00164,0.00247,0.00086
0.57600,0.12794,0.97740,0.00475,0.00280,0.00679,0.00018,0.00500,0.00072,0.00062,0.00175
0.60800,0.12794,0.98252,0.00578,0.00165,0.00430,0.00013,0.00337,0.00053,0.00037,0.00134
0.64000,0.12794,0.98295,0.00385,0.00113,0.00601,0.00009,0.00375,0.00024,0.00018,0.00179
0.67200,0.12794,0.98707,0.00289,0.00093,0.00409,0.00007,0.00310,0.00022,0.00014,0.00150
0.70400,0.12794,0.98992,0.00340,0.00097,0.00229,0.00006,0.00198,0.00023,0.00017,0.00098
0.73600,0.12794,0.98654,0.00256,0.00081,0.00459,0.00005,0.00393,0.00023,0.00010,0.00121
0.76800,0.12794,0.97769,0.00346,0.00165,0.00835,0.00008,0.00705,0.00040,0.00030,0.00102
0.80000,0.12794,0.95732,0.00881,0.00333,0.01700,0.00020,0.00998,0.00087,0.00080,0.00169
0.83200,0.12794,0.94702,0.01791,0.00722,0.01241,0.00046,0.00810,0.00248,0.00264,0.00176
0.86400,0.12794,0.95018,0.02060,0.00824,0.00710,0.00053,0.00511,0.00290,0.00302,0.00233
0.89600,0.12794,0.97496,0.01026,0.00380,0.00356,0.00022,0.00309,0.00139,0.00105,0.00167
0.92800,0.12794,0.99131,0.00205,0.00112,0.00184,0.00005,0.00230,0.00032,0.00018,0.00084
0.96000,0.12794,0.99165,0.00043,0.00034,0.00294,0.00001,0.00386,0.00007,0.00002,0.00068
0.99200,0.12794,0.98973,0.00026,0.00031,0.00382,0.00001,0.00551,0.00005,0.00003,0.00028
1.02400,0.12794,0.98247,0.00057,0.00064,0.00744,0.00002,0.00825,0.00009,0.00006,0.00044
1.05600,0.12794,0.96899,0.00225,0.00272,0.01282,0.00009,0.01168,0.00039,0.00043,0.00063
1.08800,0.12794,0.94183,0.01088,0.01252,0.01640,0.00044,0.01117,0.00168,0.00401,0.00106
1.12000,0.12794,0.89570,0.02922,0.02093,0.02594,0.00108,0.01291,0.00374,0.00783,0.00264
1.15200,0.12794,0.91673,0.03385,0.01603,0.01292,0.00086,0.00678,0.00380,0.00651,0.00251
1.18400,0.12794,0.97358,0.00870,0.00522,0.00463,0.00029,0.00293,0.00096,0.00149,0.00220
1.21600,0.12794,0.98948,0.00309,0.00241,0.00160,0.00012,0.00119,0.00027,0.00065,0.00120
1.24800,0.12794,0.99302,0.00140,0.00140,0.00150,0.00007,0.00108,0.00010,0.00026,0.00117
1.28000,0.12794,0.99486,0.00074,0.00136,0.00104,0.00005,0.00094,0.00007,0.00030,0.00064
1.31200,0.12794,0.99466,0.00076,0.00102,0.00133,0.00004,0.00135,0.00007,0.00017,0.00060
1.34400,0.12794,0.99415,0.00081,0.00072,0.00177,0.00003,0.00173,0.00007,0.00010,0.00063
1.37600,0.12794,0.99450,0.00107,0.00073,0.00137,0.00003,0.00142,0.00009,0.00011,0.00068
1.40800,0.12794,0.98887,0.00262,0.00120,0.00340,0.00007,0.00212,0.00013,0.00019,0.00140
1.44000,0.12794,0.92665,0.05376,0.00505,0.01095,0.00006,0.00111,0.00011,0.00015,0.00217
1.47200,0.12794,0.54110,0.44059,0.00762,0.00695,0.00003,0.00027,0.00027,0.00007,0.00309
1.50400,0.12794,0.06839,0.92676,0.00318,0.00096,0.00000,0.00001,0.00004,0.00000,0.00065
1.53600,0.12794,0.00529,0.99387,0.00071,0.00009,0.00000,0.00000,0.00000,0.00000,0.00003
1.56800,0.12794,0.00507,0.99409,0.00071,0.00008,0.00000,0.00000,0.00001,0.00000,0.00005
1.60000,0.12794,0.00818,0.98997,0.00169,0.00010,0.00000,0.00000,0.00001,0.00000,0.00004
1.63200,0.12794,0.01401,0.98363,0.00196,0.00026,0.00000,0.00000,0.00003,0.00000,0.00010
1.66400,0.12794,0.01811,0.97832,0.00305,0.00031,0.00000,0.00000,0.00003,0.00000,0.00017
1.69600,0.12794,0.01175,0.98475,0.00329,0.00010,0.00000,0.00000,0.00006,0.00000,0.00004
1.72800,0.12794,0.00316,0.99602,0.00072,0.00007,0.00000,0.00000,0.00001,0.00000,0.00002
1.76000,0.12794,0.00103,0.99849,0.00039,0.00008,0.00000,0.00000,0.00000,0.00000,0.00001
1.79200,0.12794,0.00060,0.99906,0.00023,0.00011,0.00000,0.00000,0.00000,0.00000,0.00001
1.82400,0.12794,0.00030,0.99929,0.00015,0.00025,0.00000,0.00000,0.00000,0.00000,0.00001
1.85600,0.12794,0.00024,0.99912,0.00030,0.00032,0.00000,0.00000,0.00000,0.00000,0.00001
1.88800,0.12794,0.00032,0.99896,0.00055,0.00017,0.00000,0.00000,0.00000,0.00000,0.00001
1.92000,0.12794,0.00040,0.99892,0.00063,0.00005,0.00000,0.00000,0.00000,0.00000,0.00000
1.95200,0.12794,0.00069,0.99865,0.00064,0.00002,0.00000,0.00000,0.00000,0.00000,0.00000
1.98400,0.12794,0.00052,0.99881,0.00066,0.00000,0.00000,0.00000,0.00000,0.00000,0.00000
2.01600,0.12794,0.00042,0.99892,0.00065,0.00000,0.00000,0.00000,0.00000,0.00000,0.00000
2.04800,0.12794,0.00075,0.99865,0.00060,0.00000,0.00000,0.00000,0.00000,0.00000,0.00000
2.08000,0.12794,0.00175,0.99787,0.00035,0.00001,0.00000,0.00000,0.00000,0.00000,0.00002
2.11200,0.12794,0.00473,0.99475,0.00026,0.00001,0.00000,0.00000,0.00000,0.00000,0.00025
2.14400,0.12794,0.00174,0.99788,0.00008,0.00001,0.00000,0.00000,0.00000,0.00000,0.00029
2.17600,0.12794,0.00042,0.99945,0.00003,0.00001,0.00000,0.00000,0.00000,0.00000,0.00010
2.20800,0.12794,0.00014,0.99975,0.00002,0.00000,0.00000,0.00000,0.00000,0.00000,0.00009
2.24000,0.12794,0.00005,0.99992,0.00001,0.00000,0.00000,0.00000,0.00000,0.00000,0.00002
2.27200,0.12794,0.00012,0.99983,0.00002,0.00001,0.00000,0.00000,0.00000,0.00000,0.00004
2.30400,0.12794,0.00058,0.99914,0.00004,0.00001,0.00000,0.00000,0.00000,0.00000,0.00023
2.33600,0.12794,0.00178,0.99781,0.00009,0.00003,0.00000,0.00000,0.00000,0.00000,0.00028
2.36800,0.12794,0.00423,0.99412,0.00012,0.00012,0.00000,0.00000,0.00004,0.00000,0.00136
2.40000,0.12794,0.00550,0.99196,0.00015,0.00011,0.00000,0.00000,0.00016,0.00000,0.00212
2.43200,0.12794,0.00345,0.99523,0.00015,0.00006,0.00000,0.00000,0.00022,0.00000,0.00088
2.46400,0.12794,0.00082,0.99881,0.00004,0.00004,0.00000,0.00000,0.00002,0.00000,0.00028
2.49600,0.12794,0.00057,0.99926,0.00002,0.00002,0.00000,0.00000,0.00000,0.00000,0.00013
2.52800,0.12794,0.00062,0.99906,0.00001,0.00004,0.00000,0.00000,0.00000,0.00000,0.00027
2.56000,0.12794,0.00045,0.99912,0.00001,0.00009,0.00000,0.00000,0.00000,0.00000,0.00033
2.59200,0.12794,0.00092,0.99752,0.00001,0.00031,0.00000,0.00000,0.00000,0.00000,0.00125
2.62400,0.12794,0.00090,0.99611,0.00001,0.00170,0.00000,0.00000,0.00000,0.00000,0.00128
2.65600,0.12794,0.00046,0.99696,0.00001,0.00233,0.00000,0.00000,0.00000,0.00000,0.00024
2.68800,0.12794,0.00036,0.99791,0.00001,0.00161,0.00000,0.00000,0.00000,0.00000,0.00010
2.72000,0.12794,0.00054,0.99856,0.00003,0.00080,0.00000,0.00000,0.00000,0.00000,0.00007
2.75200,0.12794,0.00061,0.99919,0.00005,0.00013,0.00000,0.00000,0.00000,0.00000,0.00002
2.78400,0.12794,0.00102,0.99884,0.00008,0.00005,0.00000,0.00000,0.00000,0.00000,0.00002
2.81600,0.12794,0.00040,0.99952,0.00005,0.00002,0.00000,0.00000,0.00000,0.00000,0.00000
2.84800,0.12794,0.00011,0.99985,0.00002,0.00001,0.00000,0.00000,0.00000,0.00000,0.00000
2.88000,0.12794,0.00005,0.99992,0.00002,0.00001,0.00000,0.00000,0.00000,0.00000,0.00000
2.91200,0.12794,0.00003,0.99995,0.00001,0.00001,0.00000,0.00000,0.00000,0.00000,0.00000
2.94400,0.12794,0.00008,0.99989,0.00001,0.00001,0.00000,0.00000,0.00000,0.00000,0.00000
2.97600,0.12794,0.00008,0.99988,0.00001,0.00003,0.00000,0.00000,0.00000,0.00000,0.00000
3.00800,0.12794,0.00033,0.99960,0.00002,0.00005,0.00000,0.00000,0.00000,0.00000,0.00000
3.04000,0.12794,0.00051,0.99941,0.00002,0.00005,0.00000,0.00000,0.00000,0.00000,0.00001
3.07200,0.12794,0.00112,0.99877,0.00004,0.00005,0.00000,0.00000,0.00000,0.00000,0.00002
3.10400,0.12794,0.00111,0.99880,0.00005,0.00002,0.00000,0.00000,0.00000,0.00000,0.00001
3.13600,0.12794,0.00065,0.99929,0.00004,0.00002,0.00000,0.00000,0.00000,0.00000,0.00000
3.16800,0.12794,0.00208,0.99773,0.00005,0.00009,0.00000,0.00000,0.00000,0.00000,0.00006
3.20000,0.12794,0.00205,0.99777,0.00005,0.00009,0.00000,0.00000,0.00000,0.00000,0.00005
3.23200,0.12794,0.00581,0.99357,0.00006,0.00014,0.00000,0.00000,0.00001,0.00000,0.00040
3.26400,0.12794,0.00397,0.99549,0.00006,0.00018,0.00000,0.00000,0.00001,0.00000,0.00028
3.29600,0.12794,0.00215,0.99771,0.00005,0.00004,0.00000,0.00000,0.00000,0.00000,0.00005
3.32800,0.12794,0.00138,0.99852,0.00004,0.00004,0.00000,0.00000,0.00001,0.00000,0.00002
3.36000,0.12794,0.00075,0.99917,0.00002,0.00003,0.00000,0.00000,0.00001,0.00000,0.00001
3.39200,0.12794,0.00147,0.99833,0.00004,0.00004,0.00000,0.00000,0.00009,0.00000,0.00004
3.42400,0.12794,0.00148,0.99811,0.00003,0.00019,0.00000,0.00000,0.00003,0.00000,0.00016
3.45600,0.12794,0.00141,0.99743,0.00002,0.00053,0.00000,0.00000,0.00001,0.00000,0.00060
3.48800,0.12794,0.00218,0.99461,0.00002,0.00076,0.00000,0.00000,0.00001,0.00000,0.00243
3.52000,0.12794,0.00206,0.99359,0.00001,0.00074,0.00000,0.00000,0.00000,0.00000,0.00359
3.55200,0.12794,0.00207,0.99484,0.00001,0.00019,0.00000,0.00000,0.00001,0.00000,0.00288
3.58400,0.12794,0.00224,0.99486,0.00002,0.00010,0.00000,0.00000,0.00002,0.00000,0.00276
3.61600,0.12794,0.00230,0.99624,0.00003,0.00005,0.00000,0.00000,0.00005,0.00000,0.00133
3.64800,0.12794,0.00313,0.99588,0.00005,0.00002,0.00000,0.00000,0.00039,0.00000,0.00053
3.68000,0.12794,0.00657,0.98977,0.00013,0.00003,0.00000,0.00000,0.00239,0.00000,0.00110
3.71200,0.12794,0.00942,0.98591,0.00016,0.00006,0.00000,0.00000,0.00256,0.00000,0.00189
3.74400,0.12794,0.01312,0.98220,0.00020,0.00006,0.00000,0.00000,0.00276,0.00000,0.00165
3.77600,0.12794,0.01027,0.98764,0.00017,0.00008,0.00000,0.00000,0.00054,0.00000,0.00130
3.80800,0.12794,0.00412,0.99547,0.00010,0.00004,0.00000,0.00000,0.00003,0.00000,0.00024
3.84000,0.12794,0.00221,0.99756,0.00009,0.00001,0.00000,0.00000,0.00001,0.00000,0.00012
3.87200,0.12794,0.00100,0.99885,0.00004,0.00001,0.00000,0.00000,0.00000,0.00000,0.00010
3.90400,0.12794,0.00099,0.99871,0.00004,0.00001,0.00000,0.00000,0.00000,0.00000,0.00024
3.93600,0.12794,0.00194,0.99738,0.00004,0.00001,0.00000,0.00000,0.00002,0.00000,0.00061
3.96800,0.12794,0.00128,0.99840,0.00003,0.00000,0.00000,0.00000,0.00003,0.00000,0.00026
4.00000,0.12794,0.00067,0.99915,0.00001,0.00000,0.00000,0.00000,0.00009,0.00000,0.00007
4.03200,0.12794,0.00023,0.99972,0.00001,0.00000,0.00000,0.00000,0.00001,0.00000,0.00003
4.06400,0.12794,0.00013,0.99986,0.00000,0.00000,0.00000,0.00000,0.00000,0.00000,0.00001
4.09600,0.12794,0.00037,0.99957,0.00001,0.00001,0.00000,0.00000,0.00000,0.00000,0.00005
4.12800,0.12794,0.00111,0.99851,0.00002,0.00002,0.00000,0.00000,0.00000,0.00000,0.00034
4.16000,0.12794,0.00327,0.99616,0.00005,0.00002,0.00000,0.00000,0.00000,0.00000,0.00050
4.19200,0.12794,0.01100,0.98728,0.00013,0.00001,0.00000,0.00000,0.00001,0.00000,0.00157
4.22400,0.12794,0.02652,0.97127,0.00027,0.00001,0.00000,0.00000,0.00017,0.00000,0.00177
4.25600,0.12794,0.05995,0.93668,0.00084,0.00001,0.00000,0.00000,0.00042,0.00000,0.00209
4.28800,0.12794,0.09858,0.89441,0.00178,0.00001,0.00000,0.00000,0.00408,0.00000,0.00113
4.32000,0.12794,0.04454,0.95178,0.00240,0.00000,0.00000,0.00000,0.00110,0.00000,0.00017
4.35200,0.12794,0.01993,0.97760,0.00235,0.00000,0.00000,0.00000,0.00008,0.00000,0.00003
4.38400,0.12794,0.00748,0.99078,0.00173,0.00000,0.00000,0.00000,0.00001,0.00000,0.00001
4.41600,0.12794,0.00127,0.99747,0.00125,0.00000,0.00000,0.00000,0.00000,0.00000,0.00000
4.44800,0.12794,0.00080,0.99828,0.00091,0.00000,0.00000,0.00000,0.00000,0.00000,0.00000
4.48000,0.12794,0.00051,0.99843,0.00106,0.00000,0.00000,0.00000,0.00000,0.00000,0.00000
4.51200,0.12794,0.00117,0.99652,0.00231,0.00000,0.00000,0.00000,0.00000,0.00000,0.00000
4.54400,0.12794,0.00266,0.99372,0.00362,0.00000,0.00000,0.00000,0.00000,0.00000,0.00000
4.57600,0.12794,0.00550,0.99056,0.00393,0.00000,0.00000,0.00000,0.00001,0.00000,0.00000
4.60800,0.12794,0.00870,0.98904,0.00222,0.00000,0.00000,0.00000,0.00003,0.00000,0.00001
4.64000,0.12794,0.00174,0.99749,0.00076,0.00000,0.00000,0.00000,0.00000,0.00000,0.00000
4.67200,0.12794,0.00136,0.99824,0.00039,0.00000,0.00000,0.00000,0.00000,0.00000,0.00001
4.70400,0.12794,0.00147,0.99826,0.00026,0.00000,0.00000,0.00000,0.00000,0.00000,0.00001
4.73600,0.12794,0.00132,0.99839,0.00028,0.00000,0.00000,0.00000,0.00000,0.00000,0.00000
4.76800,0.12794,0.00133,0.99844,0.00023,0.00000,0.00000,0.00000,0.00000,0.00000,0.00000
4.80000,0.12794,0.00143,0.99835,0.00020,0.00001,0.00000,0.00000,0.00000,0.00000,0.00001
4.83200,0.12794,0.00089,0.99886,0.00019,0.00002,0.00000,0.00000,0.00000,0.00000,0.00004
4.86400,0.12794,0.00080,0.99881,0.00028,0.00004,0.00000,0.00000,0.00000,0.00000,0.00007
4.89600,0.12794,0.00185,0.99747,0.00051,0.00006,0.00000,0.00000,0.00000,0.00000,0.00011
4.92800,0.12794,0.00205,0.99690,0.00084,0.00012,0.00000,0.00000,0.00000,0.00000,0.00010
4.96000,0.12794,0.00174,0.99691,0.00117,0.00012,0.00000,0.00000,0.00000,0.00000,0.00006
4.99200,0.12794,0.00081,0.99821,0.00086,0.00010,0.00000,0.00000,0.00000,0.00000,0.00002
5.02400,0.12794,0.00070,0.99862,0.00061,0.00004,0.00000,0.00000,0.00000,0.00000,0.00002
5.05600,0.12794,0.00036,0.99930,0.00031,0.00002,0.00000,0.00000,0.00000,0.00000,0.00001
5.08800,0.12794,0.00074,0.99885,0.00038,0.00002,0.00000,0.00000,0.00000,0.00000,0.00001
5.12000,0.12794,0.00083,0.99880,0.00032,0.00002,0.00000,0.00000,0.00002,0.00000,0.00001
5.15200,0.12794,0.00049,0.99921,0.00025,0.00004,0.00000,0.00000,0.00001,0.00000,0.00001
5.18400,0.12794,0.00051,0.99917,0.00023,0.00007,0.00000,0.00000,0.00001,0.00000,0.00002
5.21600,0.12794,0.00019,0.99958,0.00018,0.00005,0.00000,0.00000,0.00000,0.00000,0.00001
5.24800,0.12794,0.00026,0.99949,0.00021,0.00004,0.00000,0.00000,0.00000,0.00000,0.00001
5.28000,0.12794,0.00028,0.99936,0.00031,0.00005,0.00000,0.00000,0.00000,0.00000,0.00001
5.31200,0.12794,0.00030,0.99918,0.00044,0.00008,0.00000,0.00000,0.00000,0.00000,0.00001
5.34400,0.12794,0.00029,0.99928,0.00028,0.00013,0.00000,0.00000,0.00000,0.00000,0.00001
5.37600,0.12794,0.00030,0.99927,0.00020,0.00020,0.00000,0.00000,0.00000,0.00000,0.00002
5.40800,0.12794,0.00036,0.99926,0.00011,0.00023,0.00000,0.00000,0.00000,0.00000,0.00005
5.44000,0.12794,0.00048,0.99916,0.00008,0.00022,0.00000,0.00000,0.00000,0.00000,0.00005
5.47200,0.12794,0.00043,0.99920,0.00007,0.00027,0.00000,0.00000,0.00000,0.00000,0.00003
5.50400,0.12794,0.00055,0.99913,0.00007,0.00023,0.00000,0.00000,0.00000,0.00000,0.00003
5.53600,0.12794,0.00068,0.99893,0.00009,0.00027,0.00000,0.00000,0.00000,0.00000,0.00002
5.56800,0.12794,0.00055,0.99916,0.00009,0.00018,0.00000,0.00000,0.00000,0.00000,0.00002
5.60000,0.12794,0.00063,0.99913,0.00008,0.00013,0.00000,0.00000,0.00000,0.00000,0.00002
5.63200,0.12794,0.00073,0.99905,0.00007,0.00011,0.00000,0.00000,0.00000,0.00000,0.00003
5.66400,0.12794,0.00094,0.99887,0.00008,0.00008,0.00000,0.00000,0.00000,0.00000,0.00003
5.69600,0.12794,0.00135,0.99845,0.00008,0.00008,0.00000,0.00000,0.00001,0.00000,0.00004
5.72800,0.12794,0.00211,0.99762,0.00009,0.00006,0.00000,0.00000,0.00006,0.00000,0.00006
5.76000,0.12794,0.00180,0.99798,0.00006,0.00005,0.00000,0.00000,0.00005,0.00000,0.00005
5.79200,0.12794,0.00199,0.99773,0.00006,0.00006,0.00000,0.00000,0.00007,0.00000,0.00009
5.82400,0.12794,0.00153,0.99827,0.00006,0.00006,0.00000,0.00000,0.00003,0.00000,0.00004
5.85600,0.12794,0.00184,0.99785,0.00005,0.00012,0.00000,0.00000,0.00003,0.00000,0.00010
5.88800,0.12794,0.00076,0.99887,0.00006,0.00028,0.00000,0.00000,0.00001,0.00000,0.00001
5.92000,0.12794,0.00109,0.99860,0.00013,0.00016,0.00000,0.00000,0.00001,0.00000,0.00001
5.95200,0.12794,0.00218,0.99741,0.00024,0.00010,0.00000,0.00000,0.00005,0.00000,0.00002
5.98400,0.12794,0.00245,0.99691,0.00052,0.00006,0.00000,0.00000,0.00005,0.00000,0.00001
6.01600,0.12794,0.01003,0.98799,0.00104,0.00002,0.00000,0.00000,0.00088,0.00000,0.00005
6.04800,0.12794,0.00433,0.99479,0.00072,0.00003,0.00000,0.00000,0.00011,0.00000,0.00002
6.08000,0.12794,0.00307,0.99606,0.00081,0.00003,0.00000,0.00000,0.00001,0.00000,0.00001
6.11200,0.12794,0.00314,0.99540,0.00141,0.00003,0.00000,0.00000,0.00000,0.00000,0.00001
6.14400,0.12794,0.00326,0.99441,0.00228,0.00004,0.00000,0.00000,0.00000,0.00000,0.00001
6.17600,0.12794,0.01105,0.98421,0.00466,0.00003,0.00000,0.00000,0.00001,0.00000,0.00003
6.20800,0.12794,0.01355,0.98185,0.00447,0.00005,0.00000,0.00000,0.00003,0.00000,0.00005
6.24000,0.12794,0.04688,0.94780,0.00453,0.00003,0.00000,0.00000,0.00057,0.00000,0.00018
6.27200,0.12794,0.05532,0.94009,0.00384,0.00004,0.00000,0.00000,0.00043,0.00000,0.00028
6.30400,0.12794,0.04840,0.94839,0.00253,0.00004,0.00000,0.00000,0.00022,0.00000,0.00040
6.33600,0.12794,0.06460,0.93186,0.00239,0.00002,0.00000,0.00000,0.00071,0.00000,0.00042
6.36800,0.12794,0.02980,0.96798,0.00154,0.00004,0.00000,0.00000,0.00013,0.00000,0.00051
6.40000,0.12794,0.01577,0.98289,0.00053,0.00004,0.00000,0.00000,0.00040,0.00000,0.00037
6.43200,0.12794,0.00621,0.99304,0.00032,0.00006,0.00000,0.00000,0.00011,0.00000,0.00025
6.46400,0.12794,0.00277,0.99673,0.00023,0.00009,0.00000,0.00000,0.00004,0.00000,0.00014
6.49600,0.12794,0.00206,0.99749,0.00023,0.00007,0.00000,0.00000,0.00008,0.00000,0.00007
6.52800,0.12794,0.00097,0.99853,0.00042,0.00006,0.00000,0.00000,0.00000,0.00000,0.00002
6.56000,0.12794,0.00133,0.99792,0.00068,0.00004,0.00000,0.00000,0.00000,0.00000,0.00003
6.59200,0.12794,0.00180,0.99751,0.00063,0.00003,0.00000,0.00000,0.00000,0.00000,0.00004
6.62400,0.12794,0.00188,0.99723,0.00086,0.00002,0.00000,0.00000,0.00000,0.00000,0.00002
6.65600,0.12794,0.00352,0.99523,0.00123,0.00001,0.00000,0.00000,0.00000,0.00000,0.00001
6.68800,0.12794,0.00253,0.99586,0.00161,0.00000,0.00000,0.00000,0.00000,0.00000,0.00000
6.72000,0.12794,0.00513,0.99240,0.00246,0.00000,0.00000,0.00000,0.00001,0.00000,0.00000
6.75200,0.12794,0.01030,0.98810,0.00153,0.00000,0.00000,0.00000,0.00003,0.00000,0.00003
6.78400,0.12794,0.01282,0.98622,0.00057,0.00001,0.00000,0.00000,0.00007,0.00000,0.00031
6.81600,0.12794,0.02363,0.97183,0.00021,0.00003,0.00000,0.00000,0.00036,0.00000,0.00395
6.84800,0.12794,0.01560,0.97437,0.00010,0.00006,0.00000,0.00000,0.00020,0.00000,0.00967
6.88000,0.12794,0.00573,0.99024,0.00006,0.00004,0.00000,0.00000,0.00010,0.00000,0.00384
6.91200,0.12794,0.00660,0.99161,0.00011,0.00002,0.00000,0.00000,0.00016,0.00000,0.00152
6.94400,0.12794,0.00476,0.99467,0.00012,0.00001,0.00000,0.00000,0.00011,0.00000,0.00033
6.97600,0.12794,0.00440,0.99527,0.00011,0.00001,0.00000,0.00000,0.00008,0.00000,0.00013
7.00800,0.12794,0.00988,0.98914,0.00018,0.00003,0.00000,0.00000,0.00024,0.00000,0.00054
7.04000,0.12794,0.01112,0.98593,0.00011,0.00013,0.00000,0.00000,0.00028,0.00000,0.00243
7.07200,0.12794,0.00673,0.98924,0.00007,0.00020,0.00000,0.00000,0.00022,0.00000,0.00354
7.10400,0.12794,0.00348,0.99415,0.00005,0.00014,0.00000,0.00000,0.00014,0.00000,0.00204
7.13600,0.12794,0.00081,0.99885,0.00002,0.00004,0.00000,0.00000,0.00001,0.00000,0.00027
7.16800,0.12794,0.00032,0.99955,0.00001,0.00003,0.00000,0.00000,0.00000,0.00000,0.00009
7.20000,0.12794,0.00037,0.99942,0.00001,0.00004,0.00000,0.00000,0.00000,0.00000,0.00015
7.23200,0.12794,0.00036,0.99927,0.00000,0.00011,0.00000,0.00000,0.00000,0.00000,0.00025
7.26400,0.12794,0.00061,0.99769,0.00001,0.00062,0.00000,0.00000,0.00000,0.00000,0.00107
7.29600,0.12794,0.00062,0.99683,0.00001,0.00146,0.00000,0.00000,0.00000,0.00000,0.00108
7.32800,0.12794,0.00036,0.99871,0.00001,0.00080,0.00000,0.00000,0.00000,0.00000,0.00012
7.36000,0.12794,0.00032,0.99938,0.00001,0.00026,0.00000,0.00000,0.00000,0.00000,0.00004
7.39200,0.12794,0.00052,0.99932,0.00002,0.00010,0.00000,0.00000,0.00000,0.00000,0.00003
7.42400,0.12794,0.00052,0.99941,0.00002,0.00003,0.00000,0.00000,0.00001,0.00000,0.00001
7.45600,0.12794,0.00160,0.99826,0.00004,0.00003,0.00000,0.00000,0.00004,0.00000,0.00003
7.48800,0.12794,0.00066,0.99926,0.00004,0.00004,0.00000,0.00000,0.00000,0.00000,0.00001
7.52000,0.12794,0.00020,0.99976,0.00003,0.00001,0.00000,0.00000,0.00000,0.00000,0.00000
7.55200,0.12794,0.00015,0.99982,0.00003,0.00001,0.00000,0.00000,0.00000,0.00000,0.00000
7.58400,0.12794,0.00004,0.99994,0.00001,0.00001,0.00000,0.00000,0.00000,0.00000,0.00000
7.61600,0.12794,0.00021,0.99976,0.00002,0.00001,0.00000,0.00000,0.00000,0.00000,0.00000
7.64800,0.12794,0.00025,0.99970,0.00002,0.00003,0.00000,0.00000,0.00000,0.00000,0.00000
7.68000,0.12794,0.00055,0.99938,0.00002,0.00004,0.00000,0.00000,0.00000,0.00000,0.00000
7.71200,0.12794,0.00151,0.99840,0.00004,0.00003,0.00000,0.00000,0.00000,0.00000,0.00002
7.74400,0.12794,0.00163,0.99825,0.00003,0.00004,0.00000,0.00000,0.00000,0.00000,0.00004
7.77600,0.12794,0.00590,0.99376,0.00006,0.00004,0.00000,0.00000,0.00002,0.00000,0.00022
7.80800,0.12794,0.00412,0.99557,0.00004,0.00005,0.00000,0.00000,0.00001,0.00000,0.00021
7.84000,0.12794,0.00695,0.99228,0.00004,0.00010,0.00000,0.00000,0.00002,0.00000,0.00061
7.87200,0.12794,0.00278,0.99695,0.00003,0.00009,0.00000,0.00000,0.00000,0.00000,0.00014
7.90400,0.12794,0.00093,0.99897,0.00003,0.00005,0.00000,0.00000,0.00000,0.00000,0.00002
7.93600,0.12794,0.00052,0.99939,0.00002,0.00006,0.00000,0.00000,0.00000,0.00000,0.00001
7.96800,0.12794,0.00018,0.99977,0.00002,0.00003,0.00000,0.00000,0.00000,0.00000,0.00000
8.00000,0.12794,0.00034,0.99955,0.00002,0.00009,0.00000,0.00000,0.00000,0.00000,0.00000
8.03200,0.12794,0.00123,0.99851,0.00003,0.00018,0.00000,0.00000,0.00001,0.00000,0.00004
8.06400,0.12794,0.00194,0.99779,0.00005,0.00011,0.00000,0.00000,0.00003,0.00000,0.00008
8.09600,0.12794,0.00482,0.99387,0.00006,0.00028,0.00000,0.00000,0.00010,0.00000,0.00087
8.12800,0.12794,0.00444,0.99361,0.00004,0.00041,0.00000,0.00000,0.00007,0.00000,0.00143
8.16000,0.12794,0.00176,0.99654,0.00002,0.00049,0.00000,0.00000,0.00001,0.00000,0.00119
8.19200,0.12794,0.00246,0.99469,0.00002,0.00041,0.00000,0.00000,0.00001,0.00000,0.00241
8.22400,0.12794,0.00171,0.99676,0.00001,0.00014,0.00000,0.00000,0.00001,0.00000,0.00138
8.25600,0.12794,0.00238,0.99613,0.00002,0.00004,0.00000,0.00000,0.00003,0.00000,0.00140
8.28800,0.12794,0.00319,0.99576,0.00003,0.00002,0.00000,0.00000,0.00009,0.00000,0.00091
8.32000,0.12794,0.00364,0.99503,0.00005,0.00003,0.00000,0.00000,0.00022,0.00000,0.00103
8.35200,0.12794,0.00685,0.98925,0.00009,0.00003,0.00000,0.00000,0.00193,0.00000,0.00184
8.38400,0.12794,0.00770,0.98807,0.00010,0.00007,0.00000,0.00000,0.00144,0.00000,0.00261
8.41600,0.12794,0.00940,0.98613,0.00010,0.00013,0.00000,0.00000,0.00126,0.00000,0.00298
8.44800,0.12794,0.00885,0.98866,0.00010,0.00012,0.00000,0.00000,0.00069,0.00000,0.00158
8.48000,0.12794,0.00950,0.98951,0.00016,0.00005,0.00000,0.00000,0.00030,0.00000,0.00048
8.51200,0.12794,0.00501,0.99459,0.00014,0.00001,0.00000,0.00000,0.00011,0.00000,0.00013
8.54400,0.12794,0.00477,0.99485,0.00014,0.00001,0.00000,0.00000,0.00008,0.00000,0.00016
8.57600,0.12794,0.00347,0.99609,0.00013,0.00001,0.00000,0.00000,0.00004,0.00000,0.00026
8.60800,0.12794,0.00396,0.99549,0.00013,0.00000,0.00000,0.00000,0.00017,0.00000,0.00024
8.64000,0.12794,0.00763,0.99075,0.00012,0.00000,0.00000,0.00000,0.00119,0.00000,0.00030
8.67200,0.12794,0.01553,0.98271,0.00026,0.00002,0.00000,0.00000,0.00060,0.00000,0.00089
8.70400,0.12794,0.01837,0.97993,0.00015,0.00001,0.00000,0.00000,0.00124,0.00000,0.00030
8.73600,0.12794,0.01641,0.98286,0.00011,0.00002,0.00000,0.00000,0.00013,0.00000,0.00048
8.76800,0.12794,0.01723,0.98207,0.00019,0.00003,0.00000,0.00000,0.00002,0.00000,0.00045
8.80000,0.12794,0.00974,0.98983,0.00008,0.00001,0.00000,0.00000,0.00001,0.00000,0.00033
8.83200,0.12794,0.01514,0.98246,0.00012,0.00003,0.00000,0.00000,0.00001,0.00000,0.00224
8.86400,0.12794,0.02746,0.96906,0.00022,0.00002,0.00000,0.00000,0.00008,0.00000,0.00316
8.89600,0.12794,0.04937,0.94209,0.00031,0.00002,0.00000,0.00000,0.00094,0.00000,0.00727
8.92800,0.12794,0.13099,0.84404,0.00078,0.00002,0.00000,0.00000,0.01710,0.00000,0.00707
8.96000,0.12794,0.12785,0.83282,0.00144,0.00001,0.00000,0.00000,0.03617,0.00000,0.00170
8.99200,0.12794,0.05972,0.93452,0.00187,0.00001,0.00000,0.00000,0.00337,0.00000,0.00052
9.02400,0.12794,0.05077,0.94227,0.00432,0.00000,0.00000,0.00000,0.00255,0.00000,0.00009
9.05600,0.12794,0.02379,0.97031,0.00537,0.00000,0.00000,0.00000,0.00052,0.00000,0.00001
9.08800,0.12794,0.00759,0.98792,0.00447,0.00000,0.00000,0.00000,0.00002,0.00000,0.00000
9.12000,0.12794,0.00207,0.99417,0.00376,0.00000,0.00000,0.00000,0.00000,0.00000,0.00000
9.15200,0.12794,0.00091,0.99606,0.00302,0.00000,0.00000,0.00000,0.00000,0.00000,0.00000
9.18400,0.12794,0.00123,0.99545,0.00332,0.00000,0.00000,0.00000,0.00000,0.00000,0.00000
9.21600,0.12794,0.00408,0.98907,0.00684,0.00000,0.00000,0.00000,0.00001,0.00000,0.00000
9.24800,0.12794,0.03395,0.94679,0.01780,0.00000,0.00000,0.00000,0.00146,0.00000,0.00000
9.28000,0.12794,0.02364,0.96910,0.00673,0.00000,0.00000,0.00000,0.00052,0.00000,0.00001
9.31200,0.12794,0.00720,0.99019,0.00259,0.00000,0.00000,0.00000,0.00001,0.00000,0.00001
9.34400,0.12794,0.00408,0.99517,0.00074,0.00000,0.00000,0.00000,0.00000,0.00000,0.00001
9.37600,0.12794,0.00179,0.99781,0.00039,0.00000,0.00000,0.00000,0.00000,0.00000,0.00001
9.40800,0.12794,0.00214,0.99732,0.00053,0.00000,0.00000,0.00000,0.00000,0.00000,0.00000
9.44000,0.12794,0.00275,0.99680,0.00044,0.00000,0.00000,0.00000,0.00000,0.00000,0.00001
9.47200,0.12794,0.00211,0.99726,0.00061,0.00001,0.00000,0.00000,0.00000,0.00000,0.00001
9.50400,0.12794,0.00111,0.99843,0.00042,0.00001,0.00000,0.00000,0.00000,0.00000,0.00003
9.53600,0.12794,0.00143,0.99801,0.00047,0.00003,0.00000,0.00000,0.00000,0.00000,0.00006
9.56800,0.12794,0.00153,0.99745,0.00092,0.00005,0.00000,0.00000,0.00000,0.00000,0.00005
9.60000,0.12794,0.00156,0.99740,0.00096,0.00005,0.00000,0.00000,0.00000,0.00000,0.00003
9.63200,0.12794,0.00111,0.99788,0.00096,0.00004,0.00000,0.00000,0.00000,0.00000,0.00001
9.66400,0.12794,0.00050,0.99849,0.00097,0.00004,0.00000,0.00000,0.00000,0.00000,0.00001
9.69600,0.12794,0.00166,0.99714,0.00110,0.00006,0.00000,0.00000,0.00000,0.00000,0.00004
9.72800,0.12794,0.00350,0.99518,0.00114,0.00004,0.00000,0.00000,0.00000,0.00000,0.00013
9.76000,0.12794,0.00274,0.99626,0.00085,0.00004,0.00000,0.00000,0.00001,0.00000,0.00008
9.79200,0.12794,0.00438,0.99439,0.00053,0.00005,0.00000,0.00000,0.00043,0.00000,0.00022
9.82400,0.12794,0.00104,0.99861,0.00027,0.00003,0.00000,0.00000,0.00002,0.00000,0.00004
9.85600,0.12794,0.00042,0.99938,0.00014,0.00004,0.00000,0.00000,0.00000,0.00000,0.00002
9.88800,0.12794,0.00054,0.99920,0.00015,0.00006,0.00000,0.00000,0.00000,0.00000,0.00004
9.92000,0.12794,0.00108,0.99841,0.00029,0.00014,0.00000,0.00000,0.00000,0.00000,0.00009
9.95200,0.12794,0.00242,0.99678,0.00036,0.00026,0.00000,0.00000,0.00000,0.00000,0.00018
9.98400,0.12794,0.00244,0.99626,0.00050,0.00049,0.00000,0.00000,0.00000,0.00000,0.00030
10.01600,0.12794,0.00626,0.99136,0.00056,0.00085,0.00000,0.00000,0.00000,0.00000,0.00096
10.04800,0.12794,0.00349,0.99491,0.00039,0.00058,0.00000,0.00000,0.00000,0.00000,0.00062
10.08000,0.12794,0.00164,0.99728,0.00027,0.00054,0.00000,0.00000,0.00000,0.00000,0.00026
10.11200,0.12794,0.00258,0.99644,0.00026,0.00043,0.00000,0.00000,0.00000,0.00000,0.00030
10.14400,0.12794,0.00173,0.99750,0.00026,0.00038,0.00000,0.00000,0.00001,0.00000,0.00013
10.17600,0.12794,0.00318,0.99601,0.00033,0.00028,0.00000,0.00000,0.00009,0.00001,0.00010
10.20800,0.12794,0.00256,0.99687,0.00025,0.00018,0.00000,0.00000,0.00006,0.00000,0.00008
10.24000,0.12794,0.00236,0.99718,0.00021,0.00014,0.00000,0.00000,0.00004,0.00000,0.00007
10.27200,0.12794,0.00105,0.99870,0.00012,0.00010,0.00000,0.00000,0.00001,0.00000,0.00002
10.30400,0.12794,0.00074,0.99907,0.00007,0.00009,0.00000,0.00000,0.00000,0.00000,0.00002
10.33600,0.12794,0.00138,0.99840,0.00011,0.00007,0.00000,0.00000,0.00001,0.00000,0.00003
10.36800,0.12794,0.00214,0.99763,0.00012,0.00005,0.00000,0.00000,0.00003,0.00000,0.00003
10.40000,0.12794,0.00488,0.99457,0.00016,0.00004,0.00000,0.00000,0.00027,0.00000,0.00007
10.43200,0.12794,0.00504,0.99430,0.00013,0.00006,0.00000,0.00000,0.00037,0.00000,0.00009
10.46400,0.12794,0.00581,0.99324,0.00014,0.00005,0.00000,0.00000,0.00064,0.00000,0.00012
10.49600,0.12794,0.00333,0.99618,0.00015,0.00007,0.00000,0.00000,0.00016,0.00000,0.00011
10.52800,0.12794,0.00342,0.99612,0.00018,0.00005,0.00000,0.00000,0.00018,0.00000,0.00005
10.56000,0.12794,0.01001,0.98774,0.00050,0.00002,0.00000,0.00000,0.00162,0.00000,0.00011
10.59200,0.12794,0.00735,0.99066,0.00072,0.00002,0.00000,0.00000,0.00121,0.00000,0.00003
10.62400,0.12794,0.00722,0.99045,0.00095,0.00003,0.00000,0.00000,0.00133,0.00000,0.00002
10.65600,0.12794,0.00905,0.98877,0.00109,0.00004,0.00000,0.00000,0.00098,0.00000,0.00006
10.68800,0.12794,0.00459,0.99406,0.00108,0.00003,0.00000,0.00000,0.00021,0.00000,0.00001
10.72000,0.12794,0.00484,0.99422,0.00079,0.00003,0.00000,0.00000,0.00008,0.00000,0.00003
10.75200,0.12794,0.00641,0.99240,0.00106,0.00003,0.00000,0.00000,0.00005,0.00000,0.00005
10.78400,0.12794,0.00620,0.99164,0.00211,0.00003,0.00000,0.00000,0.00001,0.00000,0.00002
10.81600,0.12794,0.00618,0.99176,0.00195,0.00007,0.00000,0.00000,0.00000,0.00000,0.00005
10.84800,0.12794,0.01247,0.98348,0.00397,0.00004,0.00000,0.00000,0.00001,0.00000,0.00003
10.88000,0.12794,0.02032,0.97408,0.00548,0.00003,0.00000,0.00000,0.00007,0.00000,0.00003
10.91200,0.12794,0.04544,0.94864,0.00497,0.00002,0.00000,0.00000,0.00082,0.00000,0.00010
10.94400,0.12794,0.08423,0.89869,0.01003,0.00002,0.00000,0.00001,0.00689,0.00001,0.00012
10.97600,0.12794,0.09307,0.89075,0.01034,0.00003,0.00001,0.00001,0.00551,0.00001,0.00028
11.00800,0.12794,0.08044,0.90415,0.01033,0.00004,0.00001,0.00001,0.00465,0.00001,0.00036
11.04000,0.12794,0.03062,0.96074,0.00761,0.00005,0.00000,0.00001,0.00085,0.00000,0.00010
11.07200,0.12794,0.01274,0.98513,0.00170,0.00006,0.00000,0.00000,0.00030,0.00000,0.00007
11.10400,0.12794,0.00473,0.99455,0.00050,0.00007,0.00000,0.00000,0.00011,0.00000,0.00004
11.13600,0.12794,0.00221,0.99740,0.00022,0.00008,0.00000,0.00000,0.00005,0.00000,0.00004
11.16800,0.12794,0.00208,0.99754,0.00016,0.00007,0.00000,0.00000,0.00008,0.00000,0.00006
11.20000,0.12794,0.00278,0.99675,0.00022,0.00007,0.00000,0.00000,0.00004,0.00000,0.00014
11.23200,0.12794,0.00349,0.99586,0.00043,0.00006,0.00000,0.00000,0.00002,0.00000,0.00013
11.26400,0.12794,0.00360,0.99588,0.00040,0.00003,0.00000,0.00000,0.00000,0.00000,0.00010
11.29600,0.12794,0.00464,0.99472,0.00058,0.00002,0.00000,0.00000,0.00000,0.00000,0.00005
11.32800,0.12794,0.00436,0.99461,0.00101,0.00001,0.00000,0.00000,0.00000,0.00000,0.00001
11.36000,0.12794,0.00340,0.99541,0.00119,0.00000,0.00000,0.00000,0.00000,0.00000,0.00000
11.39200,0.12794,0.00649,0.99110,0.00238,0.00000,0.00000,0.00000,0.00001,0.00000,0.00001
11.42400,0.12794,0.01331,0.98468,0.00191,0.00000,0.00000,0.00000,0.00006,0.00000,0.00003
11.45600,0.12794,0.00821,0.99128,0.00041,0.00001,0.00000,0.00000,0.00001,0.00000,0.00008
11.48800,0.12794,0.01327,0.98556,0.00027,0.00002,0.00000,0.00000,0.00004,0.00000,0.00085
11.52000,0.12794,0.01175,0.98091,0.00008,0.00008,0.00000,0.00000,0.00001,0.00000,0.00717
11.55200,0.12794,0.00860,0.98577,0.00007,0.00006,0.00000,0.00000,0.00001,0.00000,0.00549
11.58400,0.12794,0.01028,0.98410,0.00016,0.00006,0.00000,0.00000,0.00002,0.00000,0.00539
11.61600,0.12794,0.00611,0.99310,0.00012,0.00002,0.00000,0.00000,0.00003,0.00000,0.00062
11.64800,0.12794,0.00566,0.99391,0.00020,0.00000,0.00000,0.00000,0.00014,0.00000,0.00008
11.68000,0.12794,0.00592,0.99361,0.00024,0.00001,0.00000,0.00000,0.00018,0.00000,0.00004
11.71200,0.12794,0.01068,0.98732,0.00021,0.00002,0.00000,0.00000,0.00168,0.00000,0.00010
11.74400,0.12794,0.01086,0.98599,0.00019,0.00003,0.00000,0.00000,0.00267,0.00000,0.00026
11.77600,0.12794,0.00677,0.99047,0.00014,0.00002,0.00000,0.00000,0.00227,0.00000,0.00033
11.80800,0.12794,0.00251,0.99676,0.00005,0.00002,0.00000,0.00000,0.00031,0.00000,0.00036
11.84000,0.12794,0.00074,0.99910,0.00002,0.00001,0.00000,0.00000,0.00003,0.00000,0.00010
11.87200,0.12794,0.00083,0.99882,0.00001,0.00002,0.00000,0.00000,0.00001,0.00000,0.00031
11.90400,0.12794,0.00116,0.99794,0.00001,0.00005,0.00000,0.00000,0.00001,0.00000,0.00084
11.93600,0.12794,0.00151,0.99664,0.00001,0.00009,0.00000,0.00000,0.00002,0.00000,0.00174
11.96800,0.12794,0.00206,0.99492,0.00001,0.00035,0.00000,0.00000,0.00002,0.00000,0.00263
12.00000,0.12794,0.00131,0.99699,0.00001,0.00086,0.00000,0.00000,0.00001,0.00000,0.00082
12.03200,0.12794,0.00056,0.99672,0.00001,0.00250,0.00000,0.00000,0.00000,0.00000,0.00022
12.06400,0.12794,0.00040,0.99806,0.00001,0.00146,0.00000,0.00000,0.00000,0.00000,0.00007
12.09600,0.12794,0.00044,0.99916,0.00002,0.00036,0.00000,0.00000,0.00000,0.00000,0.00002
12.12800,0.12794,0.00037,0.99954,0.00002,0.00006,0.00000,0.00000,0.00000,0.00000,0.00001
12.16000,0.12794,0.00015,0.99982,0.00002,0.00001,0.00000,0.00000,0.00000,0.00000,0.00000
12.19200,0.12794,0.00005,0.99992,0.00002,0.00001,0.00000,0.00000,0.00000,0.00000,0.00000
12.22400,0.12794,0.00004,0.99994,0.00001,0.00001,0.00000,0.00000,0.00000,0.00000,0.00000
12.25600,0.12794,0.00006,0.99992,0.00001,0.00001,0.00000,0.00000,0.00000,0.00000,0.00000
12.28800,0.12794,0.00023,0.99974,0.00002,0.00001,0.00000,0.00000,0.00000,0.00000,0.00000
12.32000,0.12794,0.00037,0.99958,0.00002,0.00003,0.00000,0.00000,0.00000,0.00000,0.00000
12.35200,0.12794,0.00117,0.99872,0.00003,0.00006,0.00000,0.00000,0.00000,0.00000,0.00002
12.38400,0.12794,0.00078,0.99915,0.00004,0.00003,0.00000,0.00000,0.00000,0.00000,0.00000
12.41600,0.12794,0.00080,0.99911,0.00003,0.00005,0.00000,0.00000,0.00000,0.00000,0.00001
12.44800,0.12794,0.00180,0.99811,0.00005,0.00003,0.00000,0.00000,0.00000,0.00000,0.00001
12.48000,0.12794,0.00114,0.99879,0.00004,0.00003,0.00000,0.00000,0.00000,0.00000,0.00001
12.51200,0.12794,0.00261,0.99719,0.00004,0.00010,0.00000,0.00000,0.00000,0.00000,0.00006
12.54400,0.12794,0.00147,0.99838,0.00003,0.00010,0.00000,0.00000,0.00000,0.00000,0.00002
12.57600,0.12794,0.00166,0.99813,0.00002,0.00013,0.00000,0.00000,0.00000,0.00000,0.00006
12.60800,0.12794,0.00174,0.99812,0.00003,0.00007,0.00000,0.00000,0.00000,0.00000,0.00004
12.64000,0.12794,0.00085,0.99909,0.00003,0.00002,0.00000,0.00000,0.00000,0.00000,0.00001
12.67200,0.12794,0.00142,0.99847,0.00004,0.00004,0.00000,0.00000,0.00001,0.00000,0.00003
12.70400,0.12794,0.00127,0.99861,0.00004,0.00005,0.00000,0.00000,0.00001,0.00000,0.00002
12.73600,0.12794,0.00082,0.99907,0.00003,0.00006,0.00000,0.00000,0.00001,0.00000,0.00002
12.76800,0.12794,0.00070,0.99875,0.00002,0.00046,0.00000,0.00000,0.00000,0.00000,0.00006
12.80000,0.12794,0.00146,0.99718,0.00002,0.00095,0.00000,0.00000,0.00001,0.00000,0.00038
12.83200,0.12794,0.00213,0.99487,0.00002,0.00149,0.00000,0.00000,0.00001,0.00000,0.00148
12.86400,0.12794,0.00405,0.98561,0.00002,0.00164,0.00000,0.00000,0.00003,0.00000,0.00865
12.89600,0.12794,0.00537,0.97497,0.00002,0.00065,0.00000,0.00000,0.00007,0.00000,0.01892
12.92800,0.12794,0.00164,0.99597,0.00001,0.00010,0.00000,0.00000,0.00002,0.00000,0.00227
12.96000,0.12794,0.00223,0.99585,0.00002,0.00007,0.00000,0.00000,0.00007,0.00000,0.00176
12.99200,0.12794,0.00372,0.99476,0.00007,0.00004,0.00000,0.00000,0.00054,0.00000,0.00087
13.02400,0.12794,0.00455,0.99284,0.00013,0.00002,0.00000,0.00000,0.00190,0.00000,0.00057
13.05600,0.12794,0.01464,0.97106,0.00024,0.00007,0.00000,0.00000,0.01125,0.00000,0.00274
13.08800,0.12794,0.01123,0.98388,0.00016,0.00005,0.00000,0.00000,0.00339,0.00000,0.00129
13.12000,0.12794,0.00814,0.99032,0.00012,0.00007,0.00000,0.00000,0.00060,0.00000,0.00075
13.15200,0.12794,0.00634,0.99298,0.00012,0.00006,0.00000,0.00000,0.00017,0.00000,0.00033
13.18400,0.12794,0.00394,0.99574,0.00014,0.00001,0.00000,0.00000,0.00009,0.00000,0.00007
13.21600,0.12794,0.00252,0.99724,0.00009,0.00001,0.00000,0.00000,0.00003,0.00000,0.00011
13.24800,0.12794,0.00200,0.99768,0.00006,0.00001,0.00000,0.00000,0.00001,0.00000,0.00023
13.28000,0.12794,0.00369,0.99555,0.00009,0.00000,0.00000,0.00000,0.00009,0.00000,0.00057
13.31200,0.12794,0.00960,0.98611,0.00017,0.00002,0.00000,0.00000,0.00040,0.00000,0.00370
13.34400,0.12794,0.01157,0.98210,0.00029,0.00002,0.00000,0.00000,0.00054,0.00000,0.00549
13.37600,0.12794,0.02314,0.96532,0.00054,0.00004,0.00000,0.00000,0.00155,0.00000,0.00941
13.40800,0.12794,0.01863,0.97437,0.00058,0.00004,0.00000,0.00000,0.00084,0.00000,0.00554
13.44000,0.12794,0.00939,0.98853,0.00024,0.00002,0.00000,0.00000,0.00008,0.00000,0.00175
13.47200,0.12794,0.00915,0.98953,0.00014,0.00002,0.00000,0.00000,0.00002,0.00000,0.00114
13.50400,0.12794,0.00419,0.99511,0.00006,0.00001,0.00000,0.00000,0.00001,0.00000,0.00063
13.53600,0.12794,0.00666,0.99162,0.00006,0.00002,0.00000,0.00000,0.00001,0.00000,0.00164
13.56800,0.12794,0.02258,0.97252,0.00016,0.00002,0.00000,0.00000,0.00015,0.00000,0.00456
13.60000,0.12794,0.07512,0.91353,0.00054,0.00002,0.00000,0.00000,0.00362,0.00000,0.00717
13.63200,0.12794,0.14709,0.80144,0.00186,0.00001,0.00000,0.00000,0.04559,0.00000,0.00400
13.66400,0.12794,0.06657,0.92657,0.00204,0.00001,0.00000,0.00000,0.00416,0.00000,0.00065
13.69600,0.12794,0.03380,0.96282,0.00249,0.00000,0.00000,0.00000,0.00080,0.00000,0.00009
13.72800,0.12794,0.01583,0.98061,0.00346,0.00000,0.00000,0.00000,0.00010,0.00000,0.00001
13.76000,0.12794,0.00479,0.99239,0.00281,0.00000,0.00000,0.00000,0.00000,0.00000,0.00000
13.79200,0.12794,0.00361,0.99266,0.00373,0.00000,0.00000,0.00000,0.00000,0.00000,0.00000
13.82400,0.12794,0.00103,0.99730,0.00167,0.00000,0.00000,0.00000,0.00000,0.00000,0.00000
13.85600,0.12794,0.00158,0.99600,0.00242,0.00000,0.00000,0.00000,0.00000,0.00000,0.00000
13.88800,0.12794,0.01039,0.98538,0.00419,0.00000,0.00000,0.00000,0.00003,0.00000,0.00000
13.92000,0.12794,0.03092,0.96376,0.00471,0.00000,0.00000,0.00000,0.00061,0.00000,0.00001
13.95200,0.12794,0.05680,0.92171,0.00586,0.00000,0.00000,0.00000,0.01561,0.00000,0.00001
13.98400,0.12794,0.03026,0.96546,0.00185,0.00000,0.00000,0.00000,0.00240,0.00000,0.00003
14.01600,0.12794,0.00514,0.99427,0.00057,0.00000,0.00000,0.00000,0.00001,0.00000,0.00001
14.04800,0.12794,0.00257,0.99708,0.00034,0.00000,0.00000,0.00000,0.00000,0.00000,0.00001
14.08000,0.12794,0.00241,0.99715,0.00042,0.00001,0.00000,0.00000,0.00000,0.00000,0.00000
14.11200,0.12794,0.00149,0.99825,0.00026,0.00001,0.00000,0.00000,0.00000,0.00000,0.00000
14.14400,0.12794,0.00192,0.99771,0.00035,0.00001,0.00000,0.00000,0.00000,0.00000,0.00001
14.17600,0.12794,0.00178,0.99788,0.00028,0.00001,0.00000,0.00000,0.00000,0.00000,0.00004
14.20800,0.12794,0.00179,0.99779,0.00029,0.00002,0.00000,0.00000,0.00000,0.00000,0.00010
14.24000,0.12794,0.00303,0.99608,0.00072,0.00004,0.00000,0.00000,0.00002,0.00000,0.00011
14.27200,0.12794,0.00426,0.99472,0.00086,0.00005,0.00000,0.00000,0.00002,0.00000,0.00010
14.30400,0.12794,0.00236,0.99654,0.00100,0.00007,0.00000,0.00000,0.00001,0.00000,0.00003
14.33600,0.12794,0.00193,0.99703,0.00095,0.00005,0.00000,0.00000,0.00000,0.00000,0.00003
14.36800,0.12794,0.00086,0.99842,0.00070,0.00003,0.00000,0.00000,0.00000,0.00000,0.00000
14.40000,0.12794,0.00035,0.99904,0.00058,0.00003,0.00000,0.00000,0.00000,0.00000,0.00000
14.43200,0.12794,0.00151,0.99774,0.00072,0.00003,0.00000,0.00000,0.00000,0.00000,0.00001
14.46400,0.12794,0.00113,0.99819,0.00063,0.00004,0.00000,0.00000,0.00001,0.00000,0.00000
14.49600,0.12794,0.00307,0.99573,0.00065,0.00007,0.00000,0.00000,0.00044,0.00001,0.00003
14.52800,0.12794,0.00264,0.99611,0.00045,0.00005,0.00000,0.00000,0.00069,0.00000,0.00004
14.56000,0.12794,0.00099,0.99859,0.00032,0.00004,0.00000,0.00000,0.00004,0.00000,0.00002
14.59200,0.12794,0.00071,0.99889,0.00034,0.00003,0.00000,0.00000,0.00002,0.00000,0.00001
14.62400,0.12794,0.00058,0.99903,0.00035,0.00003,0.00000,0.00000,0.00000,0.00000,0.00001
14.65600,0.12794,0.00034,0.99924,0.00036,0.00005,0.00000,0.00000,0.00000,0.00000,0.00001
14.68800,0.12794,0.00028,0.99932,0.00027,0.00012,0.00000,0.00000,0.00000,0.00000,0.00001
14.72000,0.12794,0.00041,0.99925,0.00020,0.00013,0.00000,0.00000,0.00000,0.00000,0.00001
14.75200,0.12794,0.00038,0.99920,0.00013,0.00027,0.00000,0.00000,0.00000,0.00000,0.00002
14.78400,0.12794,0.00068,0.99894,0.00009,0.00025,0.00000,0.00000,0.00000,0.00000,0.00004
14.81600,0.12794,0.00058,0.99887,0.00006,0.00044,0.00000,0.00000,0.00000,0.00000,0.00005
14.84800,0.12794,0.00070,0.99881,0.00005,0.00036,0.00000,0.00000,0.00000,0.00000,0.00007
14.88000,0.12794,0.00086,0.99874,0.00005,0.00028,0.00000,0.00000,0.00001,0.00000,0.00006
14.91200,0.12794,0.00092,0.99881,0.00006,0.00016,0.00000,0.00000,0.00001,0.00000,0.00004
14.94400,0.12794,0.00116,0.99863,0.00008,0.00008,0.00000,0.00000,0.00001,0.00000,0.00004
14.97600,0.12794,0.00089,0.99891,0.00007,0.00010,0.00000,0.00000,0.00001,0.00000,0.00003
15.00800,0.12794,0.00109,0.99871,0.00008,0.00008,0.00000,0.00000,0.00001,0.00000,0.00003
15.04000,0.12794,0.00169,0.99804,0.00011,0.00007,0.00000,0.00000,0.00005,0.00000,0.00003
15.07200,0.12794,0.00260,0.99703,0.00012,0.00006,0.00000,0.00000,0.00015,0.00000,0.00004
15.10400,0.12794,0.00293,0.99658,0.00014,0.00007,0.00000,0.00000,0.00022,0.00000,0.00006
15.13600,0.12794,0.00337,0.99593,0.00013,0.00006,0.00000,0.00000,0.00043,0.00000,0.00007
15.16800,0.12794,0.00278,0.99673,0.00012,0.00010,0.00000,0.00000,0.00017,0.00000,0.00010
15.20000,0.12794,0.00457,0.99466,0.00021,0.00006,0.00000,0.00000,0.00038,0.00000,0.00011
15.23200,0.12794,0.00794,0.99011,0.00016,0.00011,0.00000,0.00000,0.00114,0.00000,0.00054
15.26400,0.12794,0.00795,0.99055,0.00035,0.00005,0.00000,0.00000,0.00080,0.00000,0.00029
15.29600,0.12794,0.01150,0.98601,0.00075,0.00002,0.00000,0.00000,0.00158,0.00000,0.00013
15.32800,0.12794,0.00923,0.98927,0.00065,0.00002,0.00000,0.00000,0.00070,0.00000,0.00012
15.36000,0.12794,0.00603,0.99156,0.00208,0.00001,0.00000,0.00000,0.00032,0.00000,0.00001
15.39200,0.12794,0.00416,0.99445,0.00131,0.00001,0.00000,0.00000,0.00006,0.00000,0.00001
15.42400,0.12794,0.00294,0.99558,0.00145,0.00001,0.00000,0.00000,0.00001,0.00000,0.00001
15.45600,0.12794,0.00271,0.99462,0.00264,0.00001,0.00000,0.00000,0.00000,0.00000,0.00000
15.48800,0.12794,0.00529,0.99152,0.00316,0.00002,0.00000,0.00000,0.00000,0.00000,0.00001
15.52000,0.12794,0.01257,0.97962,0.00775,0.00001,0.00000,0.00000,0.00004,0.00000,0.00001
15.55200,0.12794,0.02403,0.96748,0.00819,0.00002,0.00000,0.00000,0.00025,0.00000,0.00002
15.58400,0.12794,0.04853,0.94113,0.00859,0.00001,0.00000,0.00000,0.00171,0.00000,0.00003
15.61600,0.12794,0.06002,0.93066,0.00677,0.00001,0.00000,0.00000,0.00248,0.00000,0.00006
15.64800,0.12794,0.05421,0.93851,0.00561,0.00002,0.00000,0.00000,0.00153,0.00000,0.00012
15.68000,0.12794,0.06467,0.92749,0.00437,0.00002,0.00000,0.00000,0.00317,0.00000,0.00028
15.71200,0.12794,0.04839,0.94243,0.00431,0.00003,0.00000,0.00001,0.00457,0.00000,0.00026
15.74400,0.12794,0.03532,0.95382,0.00332,0.00002,0.00000,0.00001,0.00737,0.00000,0.00014
15.77600,0.12794,0.01389,0.98274,0.00130,0.00002,0.00000,0.00000,0.00199,0.00000,0.00006
15.80800,0.12794,0.00469,0.99415,0.00076,0.00002,0.00000,0.00000,0.00036,0.00000,0.00001
15.84000,0.12794,0.00252,0.99698,0.00035,0.00003,0.00000,0.00000,0.00010,0.00000,0.00002
15.87200,0.12794,0.00194,0.99763,0.00033,0.00005,0.00000,0.00000,0.00003,0.00000,0.00002
15.90400,0.12794,0.00202,0.99744,0.00046,0.00005,0.00000,0.00000,0.00001,0.00000,0.00002
15.93600,0.12794,0.00325,0.99602,0.00066,0.00003,0.00000,0.00000,0.00000,0.00000,0.00003
15.96800,0.12794,0.00625,0.99272,0.00096,0.00002,0.00000,0.00000,0.00001,0.00000,0.00004
16.00000,0.12794,0.00914,0.98947,0.00136,0.00000,0.00000,0.00000,0.00001,0.00000,0.00002
16.03200,0.12794,0.00837,0.98992,0.00170,0.00000,0.00000,0.00000,0.00000,0.00000,0.00001
16.06400,0.12794,0.01640,0.98088,0.00256,0.00000,0.00000,0.00000,0.00014,0.00000,0.00001
16.09600,0.12794,0.01638,0.98213,0.00132,0.00000,0.00000,0.00000,0.00014,0.00000,0.00003
16.12800,0.12794,0.03039,0.96821,0.00089,0.00001,0.00000,0.00000,0.00031,0.00000,0.00020
16.16000,0.12794,0.03105,0.96768,0.00029,0.00001,0.00000,0.00000,0.00031,0.00000,0.00066
16.19200,0.12794,0.00882,0.98978,0.00007,0.00002,0.00000,0.00000,0.00001,0.00000,0.00129
16.22400,0.12794,0.00514,0.99330,0.00004,0.00004,0.00000,0.00000,0.00001,0.00000,0.00147
16.25600,0.12794,0.00211,0.99742,0.00005,0.00001,0.00000,0.00000,0.00000,0.00000,0.00040
16.28800,0.12794,0.00185,0.99777,0.00005,0.00002,0.00000,0.00000,0.00001,0.00000,0.00031
16.32000,0.12794,0.00290,0.99669,0.00009,0.00001,0.00000,0.00000,0.00004,0.00000,0.00026
16.35200,0.12794,0.00726,0.99193,0.00026,0.00001,0.00000,0.00000,0.00040,0.00000,0.00014
16.38400,0.12794,0.01219,0.98580,0.00018,0.00005,0.00000,0.00000,0.00103,0.00000,0.00075
16.41600,0.12794,0.01920,0.97246,0.00021,0.00004,0.00000,0.00000,0.00727,0.00000,0.00081
16.44800,0.12794,0.01790,0.97272,0.00020,0.00004,0.00000,0.00000,0.00803,0.00000,0.00110
16.48000,0.12794,0.00558,0.99211,0.00007,0.00007,0.00000,0.00000,0.00084,0.00000,0.00133
16.51200,0.12794,0.00267,0.99643,0.00004,0.00003,0.00000,0.00000,0.00029,0.00000,0.00054
16.54400,0.12794,0.00169,0.99772,0.00003,0.00003,0.00000,0.00000,0.00010,0.00000,0.00044
16.57600,0.12794,0.00140,0.99799,0.00002,0.00004,0.00000,0.00000,0.00005,0.00000,0.00050
16.60800,0.12794,0.00211,0.99615,0.00002,0.00010,0.00000,0.00000,0.00004,0.00000,0.00158
16.64000,0.12794,0.00195,0.99428,0.00002,0.00067,0.00000,0.00000,0.00001,0.00000,0.00307
16.67200,0.12794,0.00314,0.98466,0.00002,0.00230,0.00000,0.00000,0.00003,0.00000,0.00985
16.70400,0.12794,0.00160,0.99377,0.00002,0.00196,0.00000,0.00000,0.00001,0.00000,0.00265
16.73600,0.12794,0.00117,0.99626,0.00002,0.00155,0.00000,0.00000,0.00000,0.00000,0.00099
16.76800,0.12794,0.00134,0.99792,0.00003,0.00036,0.00000,0.00000,0.00001,0.00000,0.00035
16.80000,0.12794,0.00105,0.99872,0.00003,0.00012,0.00000,0.00000,0.00001,0.00000,0.00006
16.83200,0.12794,0.00075,0.99915,0.00003,0.00005,0.00000,0.00000,0.00000,0.00000,0.00001
16.86400,0.12794,0.00025,0.99972,0.00002,0.00001,0.00000,0.00000,0.00000,0.00000,0.00000
16.89600,0.12794,0.00011,0.99987,0.00002,0.00001,0.00000,0.00000,0.00000,0.00000,0.00000
16.92800,0.12794,0.00005,0.99993,0.00001,0.00001,0.00000,0.00000,0.00000,0.00000,0.00000
16.96000,0.12794,0.00008,0.99989,0.00001,0.00001,0.00000,0.00000,0.00000,0.00000,0.00000
16.99200,0.12794,0.00028,0.99969,0.00002,0.00001,0.00000,0.00000,0.00000,0.00000,0.00000
17.02400,0.12794,0.00064,0.99931,0.00003,0.00001,0.00000,0.00000,0.00000,0.00000,0.00000
17.05600,0.12794,0.00143,0.99850,0.00005,0.00001,0.00000,0.00000,0.00001,0.00000,0.00001
17.08800,0.12794,0.00088,0.99906,0.00004,0.00001,0.00000,0.00000,0.00000,0.00000,0.00000
17.12000,0.12794,0.00041,0.99954,0.00003,0.00002,0.00000,0.00000,0.00000,0.00000,0.00000
17.15200,0.12794,0.00025,0.99970,0.00002,0.00003,0.00000,0.00000,0.00000,0.00000,0.00000
17.18400,0.12794,0.00067,0.99911,0.00002,0.00018,0.00000,0.00000,0.00000,0.00000,0.00002
17.21600,0.12794,0.00201,0.99769,0.00003,0.00018,0.00000,0.00000,0.00000,0.00000,0.00009
17.24800,0.12794,0.00141,0.99846,0.00005,0.00007,0.00000,0.00000,0.00000,0.00000,0.00002
17.28000,0.12794,0.00061,0.99931,0.00004,0.00003,0.00000,0.00000,0.00000,0.00000,0.00000
17.31200,0.12794,0.00015,0.99982,0.00002,0.00002,0.00000,0.00000,0.00000,0.00000,0.00000
17.34400,0.12794,0.00007,0.99988,0.00001,0.00003,0.00000,0.00000,0.00000,0.00000,0.00000
17.37600,0.12794,0.00021,0.99962,0.00001,0.00015,0.00000,0.00000,0.00000,0.00000,0.00000
17.40800,0.12794,0.00068,0.99859,0.00001,0.00066,0.00000,0.00000,0.00000,0.00000,0.00005
17.44000,0.12794,0.00113,0.99812,0.00002,0.00058,0.00000,0.00000,0.00001,0.00000,0.00015
17.47200,0.12794,0.00223,0.99603,0.00001,0.00077,0.00000,0.00000,0.00001,0.00000,0.00094
17.50400,0.12794,0.00209,0.99572,0.00001,0.00076,0.00000,0.00000,0.00001,0.00000,0.00141
17.53600,0.12794,0.00113,0.99783,0.00001,0.00017,0.00000,0.00000,0.00001,0.00000,0.00085
17.56800,0.12794,0.00167,0.99601,0.00001,0.00015,0.00000,0.00000,0.00001,0.00000,0.00216
17.60000,0.12794,0.00198,0.99661,0.00001,0.00005,0.00000,0.00000,0.00005,0.00000,0.00131
17.63200,0.12794,0.00249,0.99621,0.00002,0.00002,0.00000,0.00000,0.00018,0.00000,0.00109
17.66400,0.12794,0.00451,0.99297,0.00007,0.00002,0.00000,0.00000,0.00088,0.00000,0.00154
17.69600,0.12794,0.00801,0.97871,0.00021,0.00002,0.00000,0.00000,0.01186,0.00000,0.00118
17.72800,0.12794,0.01464,0.96331,0.00026,0.00006,0.00000,0.00001,0.01729,0.00000,0.00443
17.76000,0.12794,0.01601,0.97090,0.00026,0.00006,0.00000,0.00000,0.01078,0.00000,0.00198
17.79200,0.12794,0.01769,0.97593,0.00029,0.00004,0.00000,0.00000,0.00522,0.00000,0.00083
17.82400,0.12794,0.00856,0.99078,0.00016,0.00003,0.00000,0.00000,0.00019,0.00000,0.00028
17.85600,0.12794,0.00315,0.99661,0.00015,0.00001,0.00000,0.00000,0.00003,0.00000,0.00005
17.88800,0.12794,0.00230,0.99745,0.00012,0.00001,0.00000,0.00000,0.00001,0.00000,0.00011
17.92000,0.12794,0.00158,0.99814,0.00007,0.00001,0.00000,0.00000,0.00001,0.00000,0.00018
17.95200,0.12794,0.00173,0.99795,0.00010,0.00001,0.00000,0.00000,0.00005,0.00000,0.00016
17.98400,0.12794,0.00279,0.99642,0.00010,0.00001,0.00000,0.00000,0.00011,0.00000,0.00057
18.01600,0.12794,0.00619,0.99287,0.00010,0.00004,0.00000,0.00000,0.00023,0.00000,0.00056
18.04800,0.12794,0.00476,0.99497,0.00004,0.00004,0.00000,0.00000,0.00003,0.00000,0.00018
18.08000,0.12794,0.01019,0.98935,0.00004,0.00006,0.00000,0.00000,0.00004,0.00000,0.00031
18.11200,0.12794,0.01276,0.98680,0.00004,0.00005,0.00000,0.00000,0.00002,0.00000,0.00032
18.14400,0.12794,0.00748,0.99198,0.00004,0.00002,0.00000,0.00000,0.00001,0.00000,0.00047
18.17600,0.12794,0.01390,0.98369,0.00007,0.00002,0.00000,0.00000,0.00002,0.00000,0.00229
18.20800,0.12794,0.01628,0.98035,0.00012,0.00002,0.00000,0.00000,0.00003,0.00000,0.00320
18.24000,0.12794,0.03778,0.95838,0.00027,0.00002,0.00000,0.00000,0.00037,0.00000,0.00319
18.27200,0.12794,0.10401,0.88648,0.00057,0.00002,0.00000,0.00000,0.00289,0.00000,0.00603
18.30400,0.12794,0.12782,0.84654,0.00125,0.00001,0.00000,0.00000,0.01938,0.00000,0.00498
18.33600,0.12794,0.05238,0.94253,0.00148,0.00001,0.00000,0.00000,0.00234,0.00000,0.00126
18.36800,0.12794,0.02428,0.97302,0.00206,0.00001,0.00000,0.00000,0.00047,0.00000,0.00016
18.40000,0.12794,0.01488,0.98179,0.00320,0.00000,0.00000,0.00000,0.00010,0.00000,0.00001
18.43200,0.12794,0.00667,0.98957,0.00374,0.00000,0.00000,0.00000,0.00001,0.00000,0.00000
18.46400,0.12794,0.00626,0.98932,0.00441,0.00000,0.00000,0.00000,0.00000,0.00000,0.00000
18.49600,0.12794,0.00326,0.99398,0.00276,0.00000,0.00000,0.00000,0.00000,0.00000,0.00000
18.52800,0.12794,0.00400,0.99292,0.00307,0.00000,0.00000,0.00000,0.00000,0.00000,0.00000
18.56000,0.12794,0.00897,0.98730,0.00371,0.00000,0.00000,0.00000,0.00002,0.00000,0.00000
18.59200,0.12794,0.00929,0.98756,0.00313,0.00000,0.00000,0.00000,0.00002,0.00000,0.00000
18.62400,0.12794,0.00920,0.98860,0.00215,0.00000,0.00000,0.00000,0.00004,0.00000,0.00000
18.65600,0.12794,0.00433,0.99438,0.00128,0.00000,0.00000,0.00000,0.00000,0.00000,0.00000
18.68800,0.12794,0.00221,0.99710,0.00069,0.00000,0.00000,0.00000,0.00000,0.00000,0.00000
18.72000,0.12794,0.00490,0.99431,0.00078,0.00000,0.00000,0.00000,0.00000,0.00000,0.00001
18.75200,0.12794,0.00446,0.99476,0.00078,0.00000,0.00000,0.00000,0.00000,0.00000,0.00000
18.78400,0.12794,0.00341,0.99613,0.00044,0.00001,0.00000,0.00000,0.00000,0.00000,0.00001
18.81600,0.12794,0.00362,0.99606,0.00029,0.00001,0.00000,0.00000,0.00000,0.00000,0.00002
18.84800,0.12794,0.00249,0.99730,0.00016,0.00001,0.00000,0.00000,0.00000,0.00000,0.00005
18.88000,0.12794,0.00478,0.99473,0.00022,0.00002,0.00000,0.00000,0.00001,0.00000,0.00025
18.91200,0.12794,0.00681,0.99239,0.00037,0.00003,0.00000,0.00000,0.00004,0.00000,0.00035
18.94400,0.12794,0.00709,0.99193,0.00068,0.00004,0.00000,0.00000,0.00009,0.00000,0.00016
18.97600,0.12794,0.00425,0.99450,0.00112,0.00005,0.00000,0.00000,0.00002,0.00000,0.00005
19.00800,0.12794,0.00212,0.99698,0.00080,0.00006,0.00000,0.00000,0.00000,0.00000,0.00004
19.04000,0.12794,0.00165,0.99771,0.00056,0.00003,0.00000,0.00000,0.00000,0.00000,0.00005
19.07200,0.12794,0.00105,0.99859,0.00026,0.00002,0.00000,0.00000,0.00000,0.00000,0.00008
19.10400,0.12794,0.00116,0.99858,0.00015,0.00002,0.00000,0.00000,0.00000,0.00000,0.00009
19.13600,0.12794,0.00103,0.99874,0.00014,0.00001,0.00000,0.00000,0.00000,0.00000,0.00008
19.16800,0.12794,0.00121,0.99862,0.00009,0.00001,0.00000,0.00000,0.00002,0.00000,0.00005
19.20000,0.12794,0.00095,0.99888,0.00009,0.00002,0.00000,0.00000,0.00003,0.00000,0.00004
19.23200,0.12794,0.00044,0.99941,0.00009,0.00003,0.00000,0.00000,0.00000,0.00000,0.00002
19.26400,0.12794,0.00047,0.99935,0.00013,0.00003,0.00000,0.00000,0.00000,0.00000,0.00002
19.29600,0.12794,0.00043,0.99927,0.00023,0.00006,0.00000,0.00000,0.00000,0.00000,0.00002
19.32800,0.12794,0.00054,0.99906,0.00032,0.00006,0.00000,0.00000,0.00000,0.00000,0.00002
19.36000,0.12794,0.00100,0.99856,0.00034,0.00006,0.00000,0.00000,0.00001,0.00000,0.00003
19.39200,0.12794,0.00076,0.99887,0.00029,0.00006,0.00000,0.00000,0.00000,0.00000,0.00003
19.42400,0.12794,0.00068,0.99889,0.00028,0.00011,0.00000,0.00000,0.00000,0.00000,0.00003
19.45600,0.12794,0.00074,0.99885,0.00023,0.00013,0.00000,0.00000,0.00000,0.00000,0.00004
19.48800,0.12794,0.00052,0.99905,0.00019,0.00022,0.00000,0.00000,0.00000,0.00000,0.00003
19.52000,0.12794,0.00044,0.99923,0.00010,0.00021,0.00000,0.00000,0.00000,0.00000,0.00002
19.55200,0.12794,0.00051,0.99929,0.00008,0.00011,0.00000,0.00000,0.00000,0.00000,0.00001
19.58400,0.12794,0.00090,0.99890,0.00010,0.00008,0.00000,0.00000,0.00001,0.00000,0.00001
19.61600,0.12794,0.00077,0.99910,0.00006,0.00006,0.00000,0.00000,0.00001,0.00000,0.00001
19.64800,0.12794,0.00112,0.99873,0.00007,0.00005,0.00000,0.00000,0.00002,0.00000,0.00001
19.68000,0.12794,0.00135,0.99845,0.00008,0.00008,0.00000,0.00000,0.00003,0.00000,0.00002
19.71200,0.12794,0.00149,0.99829,0.00009,0.00007,0.00000,0.00000,0.00004,0.00000,0.00003
19.74400,0.12794,0.00314,0.99631,0.00010,0.00006,0.00000,0.00000,0.00031,0.00000,0.00008
19.77600,0.12794,0.00334,0.99591,0.00010,0.00009,0.00000,0.00000,0.00044,0.00000,0.00012
19.80800,0.12794,0.00498,0.99418,0.00009,0.00005,0.00000,0.00000,0.00050,0.00000,0.00018
19.84000,0.12794,0.00467,0.99470,0.00011,0.00007,0.00000,0.00000,0.00026,0.00000,0.00019
19.87200,0.12794,0.00513,0.99433,0.00017,0.00006,0.00000,0.00000,0.00011,0.00000,0.00020
19.90400,0.12794,0.00214,0.99754,0.00027,0.00002,0.00000,0.00000,0.00002,0.00000,0.00001
19.93600,0.12794,0.00143,0.99820,0.00031,0.00004,0.00000,0.00000,0.00001,0.00000,0.00000
19.96800,0.12794,0.00157,0.99807,0.00031,0.00003,0.00000,0.00000,0.00002,0.00000,0.00000
20.00000,0.12794,0.00175,0.99760,0.00059,0.00002,0.00000,0.00000,0.00004,0.00000,0.00000
20.03200,0.12794,0.00587,0.99281,0.00068,0.00002,0.00000,0.00000,0.00061,0.00000,0.00001
20.06400,0.12794,0.00513,0.99368,0.00094,0.00001,0.00000,0.00000,0.00023,0.00000,0.00001
20.09600,0.12794,0.00472,0.99297,0.00214,0.00001,0.00000,0.00000,0.00015,0.00000,0.00001
20.12800,0.12794,0.00476,0.99305,0.00213,0.00001,0.00000,0.00000,0.00004,0.00000,0.00001
20.16000,0.12794,0.00447,0.99318,0.00230,0.00003,0.00000,0.00000,0.00001,0.00000,0.00001
20.19200,0.12794,0.01054,0.98486,0.00449,0.00002,0.00000,0.00000,0.00006,0.00000,0.00002
20.22400,0.12794,0.01308,0.98332,0.00346,0.00002,0.00000,0.00000,0.00008,0.00000,0.00003
20.25600,0.12794,0.03989,0.95389,0.00513,0.00002,0.00000,0.00000,0.00098,0.00000,0.00008
20.28800,0.12794,0.08584,0.89658,0.00375,0.00002,0.00000,0.00001,0.01341,0.00001,0.00038
20.32000,0.12794,0.08243,0.90676,0.00234,0.00004,0.00000,0.00001,0.00751,0.00001,0.00090
20.35200,0.12794,0.13790,0.83725,0.00220,0.00003,0.00000,0.00001,0.02116,0.00001,0.00144
20.38400,0.12794,0.06553,0.92587,0.00160,0.00004,0.00000,0.00001,0.00585,0.00000,0.00108
20.41600,0.12794,0.03228,0.96429,0.00118,0.00004,0.00000,0.00000,0.00173,0.00000,0.00047
20.44800,0.12794,0.01338,0.98547,0.00060,0.00003,0.00000,0.00000,0.00034,0.00000,0.00018
20.48000,0.12794,0.00490,0.99455,0.00029,0.00006,0.00000,0.00000,0.00008,0.00000,0.00013
20.51200,0.12794,0.00456,0.99486,0.00020,0.00006,0.00000,0.00000,0.00015,0.00000,0.00016
20.54400,0.12794,0.00184,0.99782,0.00025,0.00004,0.00000,0.00000,0.00001,0.00000,0.00004
20.57600,0.12794,0.00174,0.99785,0.00032,0.00004,0.00000,0.00000,0.00000,0.00000,0.00004
20.60800,0.12794,0.00252,0.99696,0.00048,0.00002,0.00000,0.00000,0.00000,0.00000,0.00003
20.64000,0.12794,0.00306,0.99587,0.00103,0.00001,0.00000,0.00000,0.00000,0.00000,0.00002
20.67200,0.12794,0.00559,0.99299,0.00139,0.00001,0.00000,0.00000,0.00000,0.00000,0.00002
20.70400,0.12794,0.00556,0.99259,0.00183,0.00000,0.00000,0.00000,0.00000,0.00000,0.00000
20.73600,0.12794,0.00779,0.98919,0.00299,0.00000,0.00000,0.00000,0.00002,0.00000,0.00000
20.76800,0.12794,0.01149,0.98663,0.00179,0.00000,0.00000,0.00000,0.00007,0.00000,0.00001
20.80000,0.12794,0.02391,0.97464,0.00108,0.00000,0.00000,0.00000,0.00031,0.00000,0.00005
20.83200,0.12794,0.02787,0.97035,0.00054,0.00001,0.00000,0.00000,0.00062,0.00000,0.00061
20.86400,0.12794,0.02905,0.96847,0.00016,0.00003,0.00000,0.00000,0.00062,0.00000,0.00167
20.89600,0.12794,0.01287,0.98636,0.00009,0.00002,0.00000,0.00000,0.00022,0.00000,0.00044
20.92800,0.12794,0.00693,0.99252,0.00008,0.00002,0.00000,0.00000,0.00011,0.00000,0.00034
20.96000,0.12794,0.00420,0.99557,0.00007,0.00001,0.00000,0.00000,0.00004,0.00000,0.00012
20.99200,0.12794,0.00469,0.99498,0.00014,0.00001,0.00000,0.00000,0.00003,0.00000,0.00015
21.02400,0.12794,0.00912,0.99030,0.00028,0.00001,0.00000,0.00000,0.00012,0.00000,0.00017
21.05600,0.12794,0.00611,0.99340,0.00015,0.00005,0.00000,0.00000,0.00009,0.00000,0.00020
21.08800,0.12794,0.00983,0.98900,0.00014,0.00010,0.00000,0.00000,0.00046,0.00000,0.00047
21.12000,0.12794,0.00959,0.98826,0.00014,0.00011,0.00000,0.00000,0.00085,0.00000,0.00105
21.15200,0.12794,0.00292,0.99543,0.00004,0.00019,0.00000,0.00000,0.00010,0.00000,0.00132
21.18400,0.12794,0.00281,0.99501,0.00003,0.00023,0.00000,0.00000,0.00006,0.00000,0.00185
21.21600,0.12794,0.00413,0.99218,0.00003,0.00030,0.00000,0.00000,0.00006,0.00000,0.00330
21.24800,0.12794,0.00411,0.98933,0.00002,0.00079,0.00000,0.00000,0.00003,0.00000,0.00572
21.28000,0.12794,0.00881,0.97144,0.00002,0.00184,0.00000,0.00001,0.00005,0.00000,0.01784
21.31200,0.12794,0.00825,0.97380,0.00003,0.00383,0.00000,0.00001,0.00003,0.00000,0.01405
21.34400,0.12794,0.00252,0.99197,0.00002,0.00382,0.00000,0.00000,0.00001,0.00000,0.00166
21.37600,0.12794,0.00058,0.99706,0.00001,0.00220,0.00000,0.00000,0.00000,0.00000,0.00015
21.40800,0.12794,0.00078,0.99757,0.00002,0.00152,0.00000,0.00000,0.00000,0.00000,0.00011
21.44000,0.12794,0.00149,0.99795,0.00003,0.00039,0.00000,0.00000,0.00003,0.00000,0.00010
21.47200,0.12794,0.00239,0.99730,0.00004,0.00016,0.00000,0.00000,0.00004,0.00000,0.00007
21.50400,0.12794,0.00138,0.99849,0.00005,0.00006,0.00000,0.00000,0.00001,0.00000,0.00001
21.53600,0.12794,0.00026,0.99969,0.00004,0.00001,0.00000,0.00000,0.00000,0.00000,0.00000
21.56800,0.12794,0.00006,0.99992,0.00002,0.00001,0.00000,0.00000,0.00000,0.00000,0.00000
21.60000,0.12794,0.00002,0.99996,0.00001,0.00001,0.00000,0.00000,0.00000,0.00000,0.00000
21.63200,0.12794,0.00009,0.99988,0.00002,0.00001,0.00000,0.00000,0.00000,0.00000,0.00000
21.66400,0.12794,0.00013,0.99982,0.00002,0.00003,0.00000,0.00000,0.00000,0.00000,0.00000
21.69600,0.12794,0.00019,0.99974,0.00002,0.00005,0.00000,0.00000,0.00000,0.00000,0.00000
21.72800,0.12794,0.00024,0.99970,0.00003,0.00003,0.00000,0.00000,0.00000,0.00000,0.00000
21.76000,0.12794,0.00038,0.99955,0.00002,0.00005,0.00000,0.00000,0.00000,0.00000,0.00000
21.79200,0.12794,0.00084,0.99908,0.00003,0.00005,0.00000,0.00000,0.00000,0.00000,0.00000
21.82400,0.12794,0.00720,0.99228,0.00016,0.00021,0.00000,0.00000,0.00002,0.00000,0.00012
21.85600,0.12794,0.04456,0.94380,0.00034,0.00263,0.00000,0.00005,0.00152,0.00000,0.00711
21.88800,0.12794,0.04264,0.93099,0.00030,0.01084,0.00000,0.00009,0.00078,0.00000,0.01436
21.92000,0.12794,0.01264,0.98161,0.00029,0.00387,0.00000,0.00001,0.00001,0.00000,0.00158
21.95200,0.12794,0.00260,0.99640,0.00010,0.00082,0.00000,0.00000,0.00000,0.00000,0.00009
21.98400,0.12794,0.00074,0.99913,0.00004,0.00009,0.00000,0.00000,0.00000,0.00000,0.00001
22.01600,0.12794,0.00035,0.99960,0.00003,0.00002,0.00000,0.00000,0.00000,0.00000,0.00000
22.04800,0.12794,0.00076,0.99910,0.00002,0.00011,0.00000,0.00000,0.00000,0.00000,0.00001
22.08000,0.12794,0.00097,0.99877,0.00002,0.00020,0.00000,0.00000,0.00001,0.00000,0.00003
22.11200,0.12794,0.00136,0.99703,0.00002,0.00143,0.00000,0.00000,0.00001,0.00000,0.00015
22.14400,0.12794,0.00320,0.99053,0.00003,0.00492,0.00000,0.00001,0.00002,0.00000,0.00129
22.17600,0.12794,0.00461,0.98696,0.00003,0.00544,0.00000,0.00001,0.00002,0.00000,0.00293
22.20800,0.12794,0.00394,0.99095,0.00002,0.00259,0.00000,0.00000,0.00001,0.00000,0.00250
22.24000,0.12794,0.00375,0.99390,0.00002,0.00034,0.00000,0.00000,0.00001,0.00000,0.00198
22.27200,0.12794,0.00342,0.99510,0.00003,0.00008,0.00000,0.00000,0.00003,0.00000,0.00134
22.30400,0.12794,0.00341,0.99555,0.00004,0.00003,0.00000,0.00000,0.00011,0.00000,0.00086
22.33600,0.12794,0.00313,0.99611,0.00005,0.00002,0.00000,0.00000,0.00024,0.00000,0.00045
22.36800,0.12794,0.00425,0.99356,0.00007,0.00002,0.00000,0.00000,0.00163,0.00000,0.00047
22.40000,0.12794,0.00722,0.98896,0.00010,0.00002,0.00000,0.00000,0.00319,0.00000,0.00050
22.43200,0.12794,0.00593,0.99241,0.00011,0.00001,0.00000,0.00000,0.00136,0.00000,0.00018
22.46400,0.12794,0.01368,0.98153,0.00020,0.00002,0.00000,0.00000,0.00425,0.00000,0.00033
22.49600,0.12794,0.00779,0.99168,0.00018,0.00002,0.00000,0.00000,0.00021,0.00000,0.00013
22.52800,0.12794,0.00212,0.99770,0.00014,0.00000,0.00000,0.00000,0.00001,0.00000,0.00002
22.56000,0.12794,0.00093,0.99895,0.00008,0.00000,0.00000,0.00000,0.00000,0.00000,0.00002
22.59200,0.12794,0.00032,0.99963,0.00004,0.00000,0.00000,0.00000,0.00000,0.00000,0.00002
22.62400,0.12794,0.00029,0.99965,0.00003,0.00000,0.00000,0.00000,0.00000,0.00000,0.00002
22.65600,0.12794,0.00120,0.99861,0.00005,0.00000,0.00000,0.00000,0.00002,0.00000,0.00011
22.68800,0.12794,0.00563,0.99320,0.00008,0.00002,0.00000,0.00000,0.00010,0.00000,0.00097
22.72000,0.12794,0.03362,0.96243,0.00033,0.00004,0.00000,0.00000,0.00107,0.00000,0.00251
22.75200,0.12794,0.07771,0.91738,0.00065,0.00008,0.00000,0.00000,0.00180,0.00000,0.00238
22.78400,0.12794,0.05844,0.93838,0.00068,0.00007,0.00000,0.00000,0.00037,0.00000,0.00206
22.81600,0.12794,0.03115,0.96706,0.00062,0.00002,0.00000,0.00000,0.00026,0.00000,0.00089
22.84800,0.12794,0.01787,0.98016,0.00024,0.00001,0.00000,0.00000,0.00012,0.00000,0.00159
22.88000,0.12794,0.02834,0.96547,0.00031,0.00002,0.00000,0.00000,0.00033,0.00000,0.00552
22.91200,0.12794,0.12823,0.85476,0.00102,0.00002,0.00000,0.00000,0.01142,0.00000,0.00455
22.94400,0.12794,0.30949,0.51938,0.00205,0.00001,0.00001,0.00000,0.16574,0.00003,0.00329
22.97600,0.12794,0.17737,0.12307,0.00196,0.00000,0.00001,0.00000,0.69720,0.00007,0.00032
23.00800,0.12794,0.20937,0.52584,0.00654,0.00000,0.00001,0.00000,0.25805,0.00004,0.00016
23.04000,0.12794,0.08601,0.88611,0.00637,0.00000,0.00000,0.00000,0.02143,0.00001,0.00006
23.07200,0.12794,0.03718,0.95432,0.00587,0.00000,0.00000,0.00000,0.00262,0.00000,0.00001
23.10400,0.12794,0.01086,0.98549,0.00348,0.00000,0.00000,0.00000,0.00017,0.00000,0.00000
23.13600,0.12794,0.01417,0.97983,0.00589,0.00000,0.00000,0.00000,0.00010,0.00000,0.00000
23.16800,0.12794,0.00566,0.99009,0.00424,0.00000,0.00000,0.00000,0.00001,0.00000,0.00000
23.20000,0.12794,0.00481,0.99098,0.00419,0.00000,0.00000,0.00000,0.00001,0.00000,0.00000
23.23200,0.12794,0.01168,0.98182,0.00641,0.00000,0.00000,0.00000,0.00009,0.00000,0.00000
23.26400,0.12794,0.02489,0.96900,0.00530,0.00000,0.00000,0.00000,0.00080,0.00000,0.00001
23.29600,0.12794,0.04151,0.94934,0.00419,0.00000,0.00000,0.00000,0.00493,0.00000,0.00003
23.32800,0.12794,0.02289,0.97424,0.00239,0.00000,0.00000,0.00000,0.00043,0.00000,0.00004
23.36000,0.12794,0.00495,0.99434,0.00068,0.00000,0.00000,0.00000,0.00000,0.00000,0.00002
23.39200,0.12794,0.00239,0.99718,0.00041,0.00001,0.00000,0.00000,0.00000,0.00000,0.00002
23.42400,0.12794,0.00238,0.99718,0.00043,0.00001,0.00000,0.00000,0.00000,0.00000,0.00001
23.45600,0.12794,0.00200,0.99760,0.00036,0.00001,0.00000,0.00000,0.00000,0.00000,0.00002
23.48800,0.12794,0.00312,0.99646,0.00036,0.00001,0.00000,0.00000,0.00000,0.00000,0.00006
23.52000,0.12794,0.00211,0.99748,0.00034,0.00002,0.00000,0.00000,0.00000,0.00000,0.00006
23.55200,0.12794,0.00226,0.99719,0.00037,0.00003,0.00000,0.00000,0.00000,0.00000,0.00016
23.58400,0.12794,0.00388,0.99542,0.00054,0.00003,0.00000,0.00000,0.00001,0.00000,0.00011
23.61600,0.12794,0.00522,0.99359,0.00101,0.00005,0.00000,0.00000,0.00002,0.00000,0.00011
23.64800,0.12794,0.00331,0.99562,0.00096,0.00005,0.00000,0.00000,0.00001,0.00000,0.00005
23.68000,0.12794,0.00181,0.99705,0.00104,0.00007,0.00000,0.00000,0.00000,0.00000,0.00003
23.71200,0.12794,0.00150,0.99741,0.00096,0.00007,0.00000,0.00000,0.00000,0.00000,0.00006
23.74400,0.12794,0.00148,0.99761,0.00064,0.00007,0.00000,0.00000,0.00000,0.00000,0.00020
23.77600,0.12794,0.00181,0.99740,0.00055,0.00005,0.00000,0.00000,0.00000,0.00000,0.00019
23.80800,0.12794,0.00407,0.99522,0.00041,0.00002,0.00000,0.00000,0.00003,0.00000,0.00025
23.84000,0.12794,0.00343,0.99604,0.00026,0.00001,0.00000,0.00000,0.00013,0.00000,0.00013
23.87200,0.12794,0.00175,0.99799,0.00018,0.00001,0.00000,0.00000,0.00004,0.00000,0.00002
23.90400,0.12794,0.00120,0.99856,0.00015,0.00002,0.00000,0.00000,0.00004,0.00000,0.00002
23.93600,0.12794,0.00083,0.99892,0.00018,0.00002,0.00000,0.00000,0.00002,0.00000,0.00002
23.96800,0.12794,0.00102,0.99870,0.00021,0.00003,0.00000,0.00000,0.00001,0.00000,0.00003
24.00000,0.12794,0.00084,0.99880,0.00029,0.00004,0.00000,0.00000,0.00000,0.00000,0.00002
24.03200,0.12794,0.00105,0.99858,0.00026,0.00007,0.00000,0.00000,0.00000,0.00000,0.00003
24.06400,0.12794,0.00111,0.99854,0.00020,0.00008,0.00000,0.00000,0.00000,0.00000,0.00007
24.09600,0.12794,0.00107,0.99859,0.00014,0.00011,0.00000,0.00000,0.00000,0.00000,0.00008
24.12800,0.12794,0.00156,0.99802,0.00009,0.00016,0.00000,0.00000,0.00001,0.00000,0.00015
24.16000,0.12794,0.00192,0.99739,0.00009,0.00032,0.00000,0.00000,0.00002,0.00000,0.00027
24.19200,0.12794,0.00253,0.99659,0.00009,0.00037,0.00000,0.00000,0.00015,0.00000,0.00026
24.22400,0.12794,0.00227,0.99689,0.00011,0.00041,0.00000,0.00000,0.00012,0.00000,0.00019
24.25600,0.12794,0.00187,0.99757,0.00009,0.00027,0.00000,0.00000,0.00005,0.00000,0.00015
24.28800,0.12794,0.00108,0.99864,0.00009,0.00014,0.00000,0.00000,0.00001,0.00000,0.00004
24.32000,0.12794,0.00057,0.99928,0.00005,0.00009,0.00000,0.00000,0.00000,0.00000,0.00002
24.35200,0.12794,0.00054,0.99933,0.00005,0.00007,0.00000,0.00000,0.00000,0.00000,0.00001
24.38400,0.12794,0.00074,0.99914,0.00007,0.00004,0.00000,0.00000,0.00000,0.00000,0.00001
24.41600,0.12794,0.00159,0.99827,0.00007,0.00004,0.00000,0.00000,0.00001,0.00000,0.00002
24.44800,0.12794,0.00221,0.99756,0.00009,0.00007,0.00000,0.00000,0.00003,0.00000,0.00005
24.48000,0.12794,0.00441,0.99517,0.00011,0.00009,0.00000,0.00000,0.00008,0.00000,0.00015
24.51200,0.12794,0.00411,0.99545,0.00009,0.00011,0.00000,0.00000,0.00007,0.00000,0.00017
24.54400,0.12794,0.00408,0.99555,0.00011,0.00009,0.00000,0.00000,0.00005,0.00000,0.00011
24.57600,0.12794,0.00862,0.99059,0.00020,0.00005,0.00000,0.00000,0.00026,0.00000,0.00029
24.60800,0.12794,0.00525,0.99416,0.00035,0.00002,0.00000,0.00000,0.00016,0.00000,0.00006
24.64000,0.12794,0.00898,0.98978,0.00076,0.00001,0.00000,0.00000,0.00042,0.00000,0.00005
24.67200,0.12794,0.01305,0.98445,0.00108,0.00002,0.00000,0.00000,0.00130,0.00000,0.00010
24.70400,0.12794,0.00636,0.99183,0.00139,0.00001,0.00000,0.00000,0.00040,0.00000,0.00001
24.73600,0.12794,0.00746,0.99119,0.00093,0.00002,0.00000,0.00000,0.00037,0.00000,0.00003
24.76800,0.12794,0.00464,0.99418,0.00104,0.00003,0.00000,0.00000,0.00008,0.00000,0.00003
24.80000,0.12794,0.00343,0.99494,0.00159,0.00001,0.00000,0.00000,0.00002,0.00000,0.00001
24.83200,0.12794,0.00440,0.99375,0.00178,0.00004,0.00000,0.00000,0.00001,0.00000,0.00003
24.86400,0.12794,0.00969,0.98611,0.00409,0.00003,0.00000,0.00000,0.00003,0.00000,0.00004
24.89600,0.12794,0.02370,0.97018,0.00585,0.00002,0.00000,0.00000,0.00019,0.00000,0.00005
24.92800,0.12794,0.03548,0.96011,0.00397,0.00005,0.00000,0.00000,0.00021,0.00000,0.00018
24.96000,0.12794,0.05101,0.94388,0.00469,0.00003,0.00000,0.00000,0.00025,0.00000,0.00014
24.99200,0.12794,0.07773,0.91576,0.00588,0.00003,0.00000,0.00000,0.00039,0.00000,0.00021
25.02400,0.12794,0.27568,0.71075,0.01075,0.00041,0.00001,0.00005,0.00108,0.00002,0.00124
25.05600,0.12794,0.62009,0.34712,0.02410,0.00313,0.00009,0.00084,0.00276,0.00018,0.00169
25.08800,0.12794,0.89843,0.06335,0.01091,0.01006,0.00029,0.00614,0.00711,0.00070,0.00300
25.12000,0.12794,0.94152,0.01340,0.00401,0.02187,0.00030,0.01337,0.00152,0.00088,0.00315
25.15200,0.12794,0.97114,0.00506,0.00185,0.01030,0.00014,0.00871,0.00074,0.00032,0.00175
25.18400,0.12794,0.98892,0.00171,0.00078,0.00330,0.00004,0.00395,0.00026,0.00009,0.00094
25.21600,0.12794,0.99411,0.00099,0.00052,0.00145,0.00002,0.00219,0.00014,0.00006,0.00052
25.24800,0.12794,0.99114,0.00154,0.00066,0.00258,0.00003,0.00309,0.00018,0.00009,0.00069
25.28000,0.12794,0.98696,0.00216,0.00097,0.00428,0.00004,0.00425,0.00024,0.00014,0.00095
25.31200,0.12794,0.98137,0.00296,0.00133,0.00678,0.00007,0.00586,0.00033,0.00021,0.00108
25.34400,0.12794,0.97718,0.00342,0.00142,0.00840,0.00007,0.00742,0.00045,0.00021,0.00142
25.37600,0.12794,0.97794,0.00130,0.00098,0.00916,0.00004,0.00923,0.00022,0.00012,0.00100
25.40800,0.12794,0.98368,0.00097,0.00091,0.00600,0.00003,0.00749,0.00019,0.00012,0.00061
25.44000,0.12794,0.98315,0.00145,0.00144,0.00592,0.00005,0.00675,0.00030,0.00025,0.00069
25.47200,0.12794,0.98016,0.00227,0.00308,0.00616,0.00013,0.00612,0.00055,0.00084,0.00069
25.50400,0.12794,0.97525,0.00567,0.00582,0.00430,0.00024,0.00430,0.00125,0.00261,0.00056
25.53600,0.12794,0.96939,0.00762,0.00766,0.00460,0.00032,0.00425,0.00178,0.00365,0.00073
25.56800,0.12794,0.96871,0.00568,0.00698,0.00693,0.00026,0.00646,0.00149,0.00270,0.00079
25.60000,0.12794,0.97440,0.00447,0.00448,0.00648,0.00015,0.00666,0.00112,0.00137,0.00087
25.63200,0.12794,0.97147,0.00376,0.00370,0.00913,0.00016,0.00816,0.00096,0.00081,0.00185
25.66400,0.12794,0.95972,0.00849,0.00509,0.01256,0.00024,0.00833,0.00146,0.00129,0.00282
25.69600,0.12794,0.94500,0.01980,0.00813,0.01083,0.00035,0.00697,0.00327,0.00270,0.00295
25.72800,0.12794,0.91088,0.02965,0.01245,0.02255,0.00067,0.01074,0.00431,0.00427,0.00449
25.76000,0.12794,0.90079,0.04124,0.01678,0.01555,0.00073,0.00743,0.00582,0.00792,0.00373
25.79200,0.12794,0.92747,0.02287,0.01290,0.01577,0.00060,0.00784,0.00356,0.00526,0.00373
25.82400,0.12794,0.96402,0.00904,0.00640,0.00887,0.00032,0.00514,0.00134,0.00197,0.00290
25.85600,0.12794,0.98320,0.00335,0.00288,0.00396,0.00010,0.00376,0.00066,0.00064,0.00144
25.88800,0.12794,0.98534,0.00136,0.00166,0.00451,0.00005,0.00557,0.00037,0.00026,0.00089
25.92000,0.12794,0.99013,0.00052,0.00092,0.00248,0.00002,0.00516,0.00022,0.00011,0.00044
25.95200,0.12794,0.98878,0.00022,0.00061,0.00255,0.00001,0.00731,0.00016,0.00006,0.00031
25.98400,0.12794,0.97685,0.00035,0.00120,0.00705,0.00003,0.01373,0.00021,0.00012,0.00046
26.01600,0.12794,0.97316,0.00067,0.00208,0.00883,0.00005,0.01406,0.00033,0.00028,0.00055
26.04800,0.12794,0.96885,0.00194,0.00358,0.01174,0.00012,0.01166,0.00055,0.00072,0.00083
26.08000,0.12794,0.94541,0.00984,0.01008,0.01624,0.00039,0.01060,0.00214,0.00392,0.00138
26.11200,0.12794,0.92909,0.02411,0.01301,0.01229,0.00053,0.00744,0.00424,0.00798,0.00132
26.14400,0.12794,0.92230,0.02297,0.01220,0.01914,0.00057,0.01026,0.00433,0.00632,0.00191
26.17600,0.12794,0.88603,0.02261,0.01453,0.04200,0.00071,0.02083,0.00438,0.00664,0.00225
26.20800,0.12794,0.89637,0.01066,0.00750,0.05275,0.00040,0.02604,0.00188,0.00206,0.00235
26.24000,0.12794,0.93267,0.00388,0.00293,0.03618,0.00016,0.02095,0.00067,0.00053,0.00202
26.27200,0.12794,0.96438,0.00191,0.00171,0.01682,0.00008,0.01341,0.00034,0.00027,0.00109
26.30400,0.12794,0.97434,0.00160,0.00154,0.01033,0.00005,0.01048,0.00042,0.00024,0.00100
26.33600,0.12794,0.98482,0.00185,0.00186,0.00411,0.00006,0.00560,0.00058,0.00036,0.00075
26.36800,0.12794,0.97911,0.00357,0.00315,0.00523,0.00012,0.00575,0.00105,0.00075,0.00126
26.40000,0.12794,0.97780,0.00632,0.00363,0.00420,0.00016,0.00423,0.00133,0.00103,0.00129
26.43200,0.12794,0.98188,0.00699,0.00276,0.00298,0.00012,0.00282,0.00082,0.00079,0.00083
26.46400,0.12794,0.98216,0.00704,0.00183,0.00395,0.00008,0.00299,0.00057,0.00051,0.00086
26.49600,0.12794,0.98212,0.00560,0.00126,0.00564,0.00006,0.00383,0.00035,0.00028,0.00085
26.52800,0.12794,0.97590,0.00598,0.00145,0.00914,0.00008,0.00570,0.00042,0.00032,0.00102
26.56000,0.12794,0.97208,0.00556,0.00174,0.01045,0.00009,0.00798,0.00060,0.00035,0.00115
26.59200,0.12794,0.97160,0.00364,0.00233,0.01058,0.00011,0.00959,0.00067,0.00049,0.00099
26.62400,0.12794,0.97376,0.00282,0.00365,0.00743,0.00012,0.00951,0.00114,0.00089,0.00069
26.65600,0.12794,0.96619,0.00255,0.00545,0.00964,0.00016,0.01235,0.00147,0.00127,0.00094
26.68800,0.12794,0.96598,0.00199,0.00487,0.01110,0.00013,0.01296,0.00108,0.00114,0.00074
26.72000,0.12794,0.94843,0.00269,0.00482,0.02078,0.00015,0.01958,0.00128,0.00097,0.00131
26.75200,0.12794,0.94765,0.00303,0.00427,0.02281,0.00015,0.01898,0.00092,0.00081,0.00138
26.78400,0.12794,0.95786,0.00194,0.00267,0.01795,0.00009,0.01688,0.00070,0.00038,0.00152
26.81600,0.12794,0.95425,0.00255,0.00270,0.01991,0.00011,0.01727,0.00084,0.00041,0.00197
26.84800,0.12794,0.95271,0.00216,0.00272,0.02034,0.00009,0.01902,0.00080,0.00039,0.00177
26.88000,0.12794,0.94033,0.00181,0.00284,0.02626,0.00008,0.02622,0.00081,0.00043,0.00123
26.91200,0.12794,0.94355,0.00141,0.00209,0.02477,0.00006,0.02652,0.00052,0.00032,0.00077
26.94400,0.12794,0.94729,0.00059,0.00106,0.02294,0.00003,0.02704,0.00024,0.00011,0.00071
26.97600,0.12794,0.96366,0.00031,0.00059,0.01417,0.00002,0.02066,0.00013,0.00005,0.00040
27.00800,0.12794,0.97569,0.00018,0.00035,0.00850,0.00001,0.01486,0.00007,0.00002,0.00031
27.04000,0.12794,0.97891,0.00014,0.00034,0.00707,0.00001,0.01319,0.00006,0.00002,0.00027
27.07200,0.12794,0.98390,0.00020,0.00043,0.00475,0.00001,0.01036,0.00009,0.00003,0.00023
27.10400,0.12794,0.98412,0.00019,0.00047,0.00444,0.00001,0.01040,0.00010,0.00003,0.00024
27.13600,0.12794,0.98228,0.00022,0.00050,0.00517,0.00001,0.01140,0.00012,0.00004,0.00027
27.16800,0.12794,0.97988,0.00036,0.00074,0.00612,0.00002,0.01231,0.00019,0.00008,0.00030
27.20000,0.12794,0.97307,0.00034,0.00081,0.00911,0.00002,0.01601,0.00018,0.00008,0.00039
27.23200,0.12794,0.97784,0.00037,0.00094,0.00695,0.00002,0.01328,0.00020,0.00010,0.00030
27.26400,0.12794,0.98290,0.00027,0.00068,0.00500,0.00001,0.01064,0.00014,0.00006,0.00029
27.29600,0.12794,0.98303,0.00012,0.00040,0.00472,0.00001,0.01136,0.00007,0.00002,0.00026
27.32800,0.12794,0.98103,0.00005,0.00024,0.00527,0.00000,0.01310,0.00004,0.00001,0.00026
27.36000,0.12794,0.98008,0.00003,0.00018,0.00499,0.00000,0.01446,0.00003,0.00001,0.00022
27.39200,0.12794,0.97676,0.00003,0.00025,0.00568,0.00000,0.01701,0.00003,0.00001,0.00023
27.42400,0.12794,0.97834,0.00003,0.00039,0.00517,0.00001,0.01575,0.00004,0.00002,0.00025
27.45600,0.12794,0.97568,0.00007,0.00075,0.00646,0.00001,0.01653,0.00008,0.00006,0.00037
27.48800,0.12794,0.96965,0.00019,0.00138,0.00965,0.00003,0.01817,0.00019,0.00014,0.00061
27.52000,0.12794,0.95776,0.00031,0.00173,0.01582,0.00004,0.02302,0.00027,0.00019,0.00087
27.55200,0.12794,0.94795,0.00027,0.00112,0.02141,0.00003,0.02766,0.00022,0.00009,0.00126
27.58400,0.12794,0.94484,0.00016,0.00076,0.02202,0.00002,0.03108,0.00013,0.00005,0.00094
27.61600,0.12794,0.95091,0.00006,0.00037,0.01761,0.00001,0.03037,0.00005,0.00002,0.00061
27.64800,0.12794,0.96644,0.00003,0.00018,0.01016,0.00000,0.02269,0.00003,0.00001,0.00046
27.68000,0.12794,0.97196,0.00003,0.00020,0.00790,0.00000,0.01963,0.00003,0.00001,0.00024
27.71200,0.12794,0.98043,0.00006,0.00020,0.00518,0.00000,0.01387,0.00004,0.00001,0.00021
27.74400,0.12794,0.98419,0.00006,0.00020,0.00377,0.00000,0.01158,0.00004,0.00001,0.00016
27.77600,0.12794,0.98324,0.00004,0.00014,0.00410,0.00000,0.01228,0.00003,0.00001,0.00018
27.80800,0.12794,0.98416,0.00002,0.00009,0.00346,0.00000,0.01208,0.00001,0.00000,0.00018
27.84000,0.12794,0.98221,0.00001,0.00006,0.00363,0.00000,0.01392,0.00001,0.00000,0.00016
27.87200,0.12794,0.97944,0.00001,0.00006,0.00406,0.00000,0.01627,0.00001,0.00000,0.00016
27.90400,0.12794,0.98063,0.00001,0.00007,0.00329,0.00000,0.01588,0.00001,0.00000,0.00012
27.93600,0.12794,0.98049,0.00000,0.00007,0.00310,0.00000,0.01623,0.00001,0.00000,0.00010
27.96800,0.12794,0.98178,0.00000,0.00007,0.00258,0.00000,0.01547,0.00001,0.00000,0.00008
28.00000,0.12794,0.98460,0.00000,0.00008,0.00203,0.00000,0.01320,0.00001,0.00000,0.00009
28.03200,0.12794,0.98563,0.00000,0.00010,0.00196,0.00000,0.01217,0.00001,0.00000,0.00012
28.06400,0.12794,0.98818,0.00001,0.00013,0.00175,0.00000,0.00974,0.00001,0.00000,0.00017
28.09600,0.12794,0.98762,0.00002,0.00019,0.00220,0.00000,0.00970,0.00002,0.00001,0.00024
28.12800,0.12794,0.98228,0.00007,0.00046,0.00421,0.00001,0.01239,0.00007,0.00002,0.00048
28.16000,0.12794,0.97537,0.00037,0.00173,0.00660,0.00004,0.01460,0.00038,0.00016,0.00074
28.19200,0.12794,0.95312,0.00100,0.00468,0.01590,0.00011,0.02244,0.00085,0.00063,0.00127
28.22400,0.12794,0.93029,0.00218,0.01012,0.02376,0.00022,0.02829,0.00190,0.00183,0.00142
28.25600,0.12794,0.93543,0.00170,0.00678,0.02451,0.00017,0.02765,0.00124,0.00116,0.00137
28.28800,0.12794,0.94639,0.00083,0.00246,0.02343,0.00008,0.02493,0.00044,0.00033,0.00112
28.32000,0.12794,0.96137,0.00066,0.00155,0.01577,0.00005,0.01924,0.00033,0.00020,0.00083
28.35200,0.12794,0.96523,0.00073,0.00158,0.01367,0.00005,0.01730,0.00038,0.00023,0.00083
28.38400,0.12794,0.97564,0.00079,0.00147,0.00856,0.00004,0.01213,0.00039,0.00021,0.00077
28.41600,0.12794,0.96694,0.00170,0.00289,0.01189,0.00008,0.01439,0.00073,0.00059,0.00079
28.44800,0.12794,0.95090,0.00278,0.00396,0.01913,0.00013,0.01999,0.00105,0.00082,0.00124
28.48000,0.12794,0.94948,0.00153,0.00208,0.02188,0.00008,0.02261,0.00054,0.00028,0.00153
28.51200,0.12794,0.92435,0.00057,0.00123,0.03530,0.00005,0.03683,0.00023,0.00011,0.00133
28.54400,0.12794,0.92634,0.00019,0.00060,0.03155,0.00002,0.04001,0.00011,0.00003,0.00115
28.57600,0.12794,0.94982,0.00011,0.00051,0.01733,0.00001,0.03161,0.00009,0.00003,0.00048
28.60800,0.12794,0.95985,0.00011,0.00067,0.01179,0.00001,0.02717,0.00010,0.00005,0.00024
28.64000,0.12794,0.95719,0.00012,0.00063,0.01305,0.00001,0.02856,0.00010,0.00004,0.00030
28.67200,0.12794,0.96278,0.00015,0.00084,0.01002,0.00001,0.02578,0.00014,0.00007,0.00020
28.70400,0.12794,0.94489,0.00011,0.00054,0.01897,0.00001,0.03492,0.00009,0.00003,0.00044
28.73600,0.12794,0.92885,0.00019,0.00057,0.03087,0.00002,0.03852,0.00011,0.00003,0.00085
28.76800,0.12794,0.93747,0.00028,0.00062,0.02764,0.00002,0.03274,0.00014,0.00004,0.00105
28.80000,0.12794,0.94861,0.00025,0.00064,0.02114,0.00002,0.02840,0.00013,0.00004,0.00077
28.83200,0.12794,0.95842,0.00032,0.00095,0.01456,0.00002,0.02498,0.00018,0.00008,0.00048
28.86400,0.12794,0.95540,0.00034,0.00136,0.01424,0.00002,0.02795,0.00024,0.00014,0.00031
28.89600,0.12794,0.94637,0.00033,0.00179,0.01658,0.00002,0.03418,0.00026,0.00020,0.00026
28.92800,0.12794,0.94276,0.00017,0.00098,0.01920,0.00002,0.03626,0.00014,0.00007,0.00040
28.96000,0.12794,0.95045,0.00005,0.00035,0.01566,0.00001,0.03300,0.00005,0.00001,0.00042
28.99200,0.12794,0.96716,0.00001,0.00011,0.00835,0.00000,0.02402,0.00001,0.00000,0.00033
29.02400,0.12794,0.97258,0.00000,0.00005,0.00621,0.00000,0.02086,0.00001,0.00000,0.00028
29.05600,0.12794,0.98099,0.00000,0.00005,0.00325,0.00000,0.01557,0.00001,0.00000,0.00012
29.08800,0.12794,0.98150,0.00000,0.00006,0.00299,0.00000,0.01534,0.00001,0.00000,0.00010
29.12000,0.12794,0.98202,0.00000,0.00007,0.00276,0.00000,0.01505,0.00001,0.00000,0.00009
29.15200,0.12794,0.98466,0.00001,0.00010,0.00204,0.00000,0.01312,0.00001,0.00000,0.00006
29.18400,0.12794,0.97889,0.00001,0.00010,0.00372,0.00000,0.01715,0.00001,0.00000,0.00012
