Time (seconds), Duration (seconds),pred_unlabeled,pred_down,pred_bottom left,pred_bottom right,pred_left,pred_right,pred_top,pred_top left,pred_top right
0.00000,0.12794,0.99232,0.00000,0.00001,0.00034,0.00000,0.00731,0.00000,0.00000,0.00003
0.03200,0.12794,0.98778,0.00000,0.00003,0.00104,0.00000,0.01108,0.00000,0.00000,0.00006
0.06400,0.12794,0.98000,0.00001,0.00010,0.00344,0.00000,0.01625,0.00001,0.00000,0.00019
0.09600,0.12794,0.97584,0.00005,0.00037,0.00601,0.00001,0.01736,0.00004,0.00002,0.00031
0.12800,0.12794,0.95219,0.00034,0.00095,0.01865,0.00003,0.02681,0.00018,0.00009,0.00077
0.16000,0.12794,0.95910,0.00018,0.00073,0.01504,0.00002,0.02403,0.00011,0.00005,0.00074
0.19200,0.12794,0.97830,0.00018,0.00074,0.00638,0.00002,0.01363,0.00012,0.00006,0.00057
0.22400,0.12794,0.98038,0.00017,0.00066,0.00562,0.00002,0.01241,0.00012,0.00005,0.00057
0.25600,0.12794,0.98878,0.00015,0.00058,0.00272,0.00001,0.00723,0.00010,0.00004,0.00039
0.28800,0.12794,0.99066,0.00028,0.00065,0.00226,0.00001,0.00566,0.00014,0.00007,0.00027
0.32000,0.12794,0.98897,0.00025,0.00049,0.00311,0.00001,0.00681,0.00010,0.00005,0.00021
0.35200,0.12794,0.98519,0.00040,0.00062,0.00509,0.00001,0.00824,0.00013,0.00008,0.00024
0.38400,0.12794,0.98433,0.00080,0.00081,0.00573,0.00002,0.00776,0.00019,0.00012,0.00025
0.41600,0.12794,0.97850,0.00107,0.00085,0.00856,0.00003,0.01010,0.00025,0.00011,0.00053
0.44800,0.12794,0.97713,0.00188,0.00108,0.00920,0.00004,0.00958,0.00034,0.00014,0.00062
0.48000,0.12794,0.98784,0.00190,0.00086,0.00430,0.00003,0.00439,0.00021,0.00012,0.00036
0.51200,0.12794,0.98471,0.00213,0.00159,0.00484,0.00004,0.00570,0.00037,0.00029,0.00031
0.54400,0.12794,0.99021,0.00144,0.00131,0.00291,0.00003,0.00341,0.00020,0.00026,0.00022
0.57600,0.12794,0.99026,0.00173,0.00186,0.00249,0.00004,0.00259,0.00023,0.00047,0.00032
0.60800,0.12794,0.98838,0.00166,0.00173,0.00327,0.00005,0.00341,0.00031,0.00035,0.00083
0.64000,0.12794,0.99044,0.00192,0.00108,0.00255,0.00005,0.00240,0.00026,0.00020,0.00111
0.67200,0.12794,0.99104,0.00177,0.00106,0.00178,0.00005,0.00229,0.00040,0.00016,0.00145
0.70400,0.12794,0.99388,0.00134,0.00078,0.00082,0.00003,0.00157,0.00047,0.00012,0.00098
0.73600,0.12794,0.99288,0.00126,0.00096,0.00099,0.00004,0.00217,0.00061,0.00015,0.00092
0.76800,0.12794,0.99060,0.00142,0.00142,0.00154,0.00005,0.00295,0.00068,0.00024,0.00109
0.80000,0.12794,0.98409,0.00171,0.00169,0.00454,0.00006,0.00585,0.00058,0.00031,0.00118
0.83200,0.12794,0.95994,0.00143,0.00226,0.01733,0.00008,0.01693,0.00047,0.00039,0.00117
0.86400,0.12794,0.93718,0.00118,0.00284,0.02967,0.00008,0.02715,0.00042,0.00048,0.00099
0.89600,0.12794,0.92128,0.00074,0.00170,0.03888,0.00005,0.03571,0.00029,0.00020,0.00114
0.92800,0.12794,0.94148,0.00038,0.00100,0.02595,0.00003,0.02995,0.00019,0.00009,0.00093
0.96000,0.12794,0.96789,0.00028,0.00057,0.01223,0.00001,0.01825,0.00012,0.00004,0.00060
0.99200,0.12794,0.98325,0.00023,0.00032,0.00558,0.00001,0.01019,0.00009,0.00002,0.00031
1.02400,0.12794,0.99108,0.00019,0.00033,0.00231,0.00001,0.00583,0.00009,0.00003,0.00012
1.05600,0.12794,0.99215,0.00027,0.00048,0.00179,0.00001,0.00505,0.00011,0.00006,0.00008
1.08800,0.12794,0.98955,0.00025,0.00052,0.00249,0.00001,0.00688,0.00013,0.00006,0.00011
1.12000,0.12794,0.98723,0.00015,0.00046,0.00323,0.00001,0.00864,0.00009,0.00004,0.00016
1.15200,0.12794,0.98058,0.00010,0.00033,0.00520,0.00001,0.01342,0.00007,0.00002,0.00028
1.18400,0.12794,0.98036,0.00009,0.00031,0.00517,0.00001,0.01367,0.00007,0.00002,0.00030
1.21600,0.12794,0.98628,0.00011,0.00036,0.00333,0.00001,0.00958,0.00008,0.00003,0.00023
1.24800,0.12794,0.98852,0.00017,0.00040,0.00257,0.00001,0.00800,0.00011,0.00004,0.00017
1.28000,0.12794,0.99136,0.00021,0.00039,0.00193,0.00001,0.00581,0.00011,0.00004,0.00014
1.31200,0.12794,0.99151,0.00012,0.00025,0.00210,0.00001,0.00580,0.00006,0.00002,0.00014
1.34400,0.12794,0.99222,0.00007,0.00018,0.00172,0.00000,0.00560,0.00004,0.00001,0.00014
1.37600,0.12794,0.99112,0.00007,0.00022,0.00210,0.00000,0.00620,0.00005,0.00001,0.00025
1.40800,0.12794,0.99069,0.00009,0.00033,0.00222,0.00001,0.00626,0.00006,0.00002,0.00031
1.44000,0.12794,0.98882,0.00019,0.00059,0.00263,0.00001,0.00722,0.00014,0.00005,0.00034
1.47200,0.12794,0.98444,0.00022,0.00065,0.00439,0.00001,0.00966,0.00013,0.00006,0.00043
1.50400,0.12794,0.98699,0.00023,0.00060,0.00345,0.00001,0.00828,0.00012,0.00007,0.00025
1.53600,0.12794,0.98619,0.00012,0.00037,0.00339,0.00001,0.00960,0.00008,0.00003,0.00022
1.56800,0.12794,0.98595,0.00005,0.00023,0.00316,0.00000,0.01039,0.00004,0.00001,0.00017
1.60000,0.12794,0.98432,0.00003,0.00015,0.00343,0.00000,0.01186,0.00002,0.00001,0.00019
1.63200,0.12794,0.97927,0.00002,0.00010,0.00506,0.00000,0.01525,0.00002,0.00000,0.00027
1.66400,0.12794,0.97884,0.00003,0.00013,0.00552,0.00000,0.01521,0.00002,0.00000,0.00025
1.69600,0.12794,0.97644,0.00009,0.00023,0.00712,0.00000,0.01575,0.00005,0.00001,0.00030
1.72800,0.12794,0.97489,0.00021,0.00039,0.00910,0.00001,0.01494,0.00009,0.00003,0.00035
1.76000,0.12794,0.96697,0.00036,0.00077,0.01351,0.00002,0.01774,0.00015,0.00008,0.00040
1.79200,0.12794,0.96367,0.00054,0.00086,0.01710,0.00003,0.01689,0.00017,0.00010,0.00064
1.82400,0.12794,0.96217,0.00050,0.00096,0.01797,0.00003,0.01735,0.00018,0.00011,0.00073
1.85600,0.12794,0.97266,0.00038,0.00076,0.01199,0.00002,0.01344,0.00013,0.00008,0.00053
1.88800,0.12794,0.97614,0.00023,0.00058,0.00962,0.00001,0.01290,0.00008,0.00005,0.00038
1.92000,0.12794,0.97723,0.00024,0.00097,0.00792,0.00002,0.01311,0.00013,0.00011,0.00028
1.95200,0.12794,0.97866,0.00014,0.00079,0.00673,0.00001,0.01330,0.00009,0.00007,0.00021
1.98400,0.12794,0.96348,0.00011,0.00090,0.01224,0.00001,0.02281,0.00009,0.00008,0.00027
2.01600,0.12794,0.96568,0.00009,0.00070,0.01088,0.00001,0.02220,0.00009,0.00005,0.00030
2.04800,0.12794,0.96940,0.00003,0.00026,0.00814,0.00000,0.02191,0.00003,0.00001,0.00022
2.08000,0.12794,0.96915,0.00001,0.00014,0.00758,0.00000,0.02284,0.00001,0.00000,0.00026
2.11200,0.12794,0.96800,0.00002,0.00015,0.00835,0.00000,0.02311,0.00002,0.00000,0.00034
2.14400,0.12794,0.94965,0.00003,0.00029,0.01559,0.00000,0.03384,0.00004,0.00001,0.00055
2.17600,0.12794,0.92665,0.00010,0.00065,0.02768,0.00001,0.04397,0.00009,0.00003,0.00082
2.20800,0.12794,0.91302,0.00033,0.00164,0.03466,0.00003,0.04889,0.00032,0.00012,0.00101
2.24000,0.12794,0.92683,0.00033,0.00199,0.02546,0.00003,0.04409,0.00039,0.00015,0.00073
2.27200,0.12794,0.94713,0.00023,0.00166,0.01585,0.00002,0.03418,0.00031,0.00013,0.00049
2.30400,0.12794,0.95872,0.00033,0.00183,0.01198,0.00003,0.02597,0.00041,0.00015,0.00058
2.33600,0.12794,0.95374,0.00083,0.00344,0.01513,0.00006,0.02495,0.00072,0.00035,0.00079
2.36800,0.12794,0.95887,0.00056,0.00283,0.01343,0.00005,0.02254,0.00051,0.00025,0.00095
2.40000,0.12794,0.97063,0.00050,0.00259,0.00823,0.00005,0.01651,0.00046,0.00023,0.00079
2.43200,0.12794,0.97630,0.00032,0.00228,0.00593,0.00004,0.01415,0.00034,0.00022,0.00043
2.46400,0.12794,0.98339,0.00018,0.00168,0.00317,0.00002,0.01098,0.00022,0.00019,0.00017
2.49600,0.12794,0.98768,0.00016,0.00108,0.00227,0.00001,0.00837,0.00018,0.00011,0.00014
2.52800,0.12794,0.98508,0.00032,0.00155,0.00336,0.00003,0.00892,0.00030,0.00020,0.00024
2.56000,0.12794,0.97812,0.00149,0.00343,0.00602,0.00012,0.00852,0.00086,0.00066,0.00077
2.59200,0.12794,0.96450,0.00530,0.00668,0.00789,0.00040,0.00819,0.00284,0.00168,0.00252
2.62400,0.12794,0.87556,0.02926,0.03294,0.01257,0.00365,0.00840,0.01360,0.01819,0.00584
2.65600,0.12794,0.84154,0.04203,0.03767,0.01866,0.00434,0.01035,0.01490,0.02421,0.00630
2.68800,0.12794,0.86108,0.03333,0.02933,0.02688,0.00292,0.01673,0.01000,0.01509,0.00464
2.72000,0.12794,0.87976,0.01621,0.01265,0.05336,0.00109,0.02552,0.00335,0.00417,0.00390
2.75200,0.12794,0.94841,0.00383,0.00348,0.02279,0.00016,0.01800,0.00091,0.00064,0.00178
2.78400,0.12794,0.97582,0.00185,0.00220,0.00837,0.00007,0.00984,0.00055,0.00034,0.00097
2.81600,0.12794,0.98771,0.00040,0.00076,0.00361,0.00002,0.00662,0.00017,0.00007,0.00064
2.84800,0.12794,0.99321,0.00015,0.00046,0.00138,0.00001,0.00431,0.00010,0.00003,0.00034
2.88000,0.12794,0.98890,0.00022,0.00055,0.00290,0.00001,0.00693,0.00010,0.00004,0.00036
2.91200,0.12794,0.98978,0.00022,0.00043,0.00282,0.00001,0.00627,0.00008,0.00003,0.00035
2.94400,0.12794,0.99249,0.00036,0.00050,0.00211,0.00001,0.00415,0.00009,0.00005,0.00022
2.97600,0.12794,0.99243,0.00064,0.00063,0.00203,0.00002,0.00381,0.00015,0.00009,0.00021
3.00800,0.12794,0.99385,0.00064,0.00056,0.00152,0.00002,0.00296,0.00014,0.00009,0.00021
3.04000,0.12794,0.99351,0.00098,0.00054,0.00196,0.00002,0.00223,0.00012,0.00007,0.00058
3.07200,0.12794,0.99338,0.00144,0.00117,0.00114,0.00005,0.00132,0.00025,0.00019,0.00107
3.10400,0.12794,0.98918,0.00288,0.00285,0.00125,0.00013,0.00109,0.00043,0.00075,0.00143
3.13600,0.12794,0.98280,0.00437,0.00522,0.00183,0.00018,0.00140,0.00077,0.00138,0.00205
3.16800,0.12794,0.97268,0.00539,0.00953,0.00220,0.00040,0.00297,0.00212,0.00369,0.00101
3.20000,0.12794,0.97892,0.00316,0.00590,0.00333,0.00018,0.00489,0.00118,0.00165,0.00079
3.23200,0.12794,0.97866,0.00292,0.00650,0.00343,0.00022,0.00443,0.00099,0.00172,0.00113
3.26400,0.12794,0.98811,0.00222,0.00338,0.00167,0.00014,0.00224,0.00050,0.00084,0.00091
3.29600,0.12794,0.99016,0.00264,0.00265,0.00079,0.00012,0.00130,0.00070,0.00068,0.00096
3.32800,0.12794,0.99238,0.00209,0.00191,0.00053,0.00008,0.00101,0.00061,0.00042,0.00098
3.36000,0.12794,0.99291,0.00216,0.00115,0.00067,0.00005,0.00142,0.00062,0.00018,0.00085
3.39200,0.12794,0.98330,0.00387,0.00260,0.00232,0.00013,0.00395,0.00159,0.00052,0.00171
3.42400,0.12794,0.97407,0.00554,0.00386,0.00545,0.00019,0.00632,0.00163,0.00092,0.00204
3.45600,0.12794,0.97213,0.00772,0.00476,0.00610,0.00027,0.00468,0.00118,0.00129,0.00189
3.48800,0.12794,0.97734,0.00494,0.00575,0.00374,0.00025,0.00354,0.00116,0.00168,0.00161
3.52000,0.12794,0.98617,0.00161,0.00627,0.00102,0.00015,0.00168,0.00082,0.00171,0.00058
3.55200,0.12794,0.99094,0.00078,0.00412,0.00067,0.00009,0.00150,0.00058,0.00083,0.00048
3.58400,0.12794,0.99000,0.00072,0.00379,0.00069,0.00008,0.00232,0.00117,0.00075,0.00048
3.61600,0.12794,0.99139,0.00092,0.00231,0.00061,0.00006,0.00235,0.00138,0.00041,0.00057
3.64800,0.12794,0.99353,0.00105,0.00113,0.00043,0.00003,0.00193,0.00110,0.00019,0.00061
3.68000,0.12794,0.99391,0.00072,0.00105,0.00049,0.00002,0.00234,0.00087,0.00017,0.00043
3.71200,0.12794,0.99106,0.00073,0.00114,0.00123,0.00003,0.00426,0.00072,0.00016,0.00067
3.74400,0.12794,0.98880,0.00078,0.00138,0.00193,0.00004,0.00547,0.00066,0.00021,0.00073
3.77600,0.12794,0.98263,0.00099,0.00135,0.00446,0.00005,0.00856,0.00059,0.00018,0.00119
3.80800,0.12794,0.98390,0.00094,0.00120,0.00411,0.00004,0.00810,0.00053,0.00015,0.00102
3.84000,0.12794,0.98911,0.00090,0.00187,0.00151,0.00004,0.00457,0.00104,0.00030,0.00065
3.87200,0.12794,0.98881,0.00054,0.00303,0.00108,0.00006,0.00384,0.00141,0.00055,0.00069
3.90400,0.12794,0.98297,0.00090,0.00647,0.00120,0.00012,0.00350,0.00223,0.00187,0.00075
3.93600,0.12794,0.96208,0.00281,0.01523,0.00226,0.00037,0.00405,0.00542,0.00571,0.00206
3.96800,0.12794,0.93795,0.00841,0.01782,0.00934,0.00090,0.00795,0.00551,0.00699,0.00512
4.00000,0.12794,0.91729,0.01710,0.01380,0.02388,0.00088,0.01173,0.00378,0.00493,0.00660
4.03200,0.12794,0.87795,0.01805,0.01204,0.05638,0.00069,0.01982,0.00274,0.00299,0.00934
4.06400,0.12794,0.88993,0.00993,0.00576,0.06281,0.00033,0.02223,0.00138,0.00111,0.00651
4.09600,0.12794,0.93775,0.00392,0.00246,0.03328,0.00011,0.01796,0.00071,0.00032,0.00349
4.12800,0.12794,0.96347,0.00140,0.00112,0.01697,0.00004,0.01505,0.00038,0.00012,0.00145
4.16000,0.12794,0.97862,0.00044,0.00064,0.00832,0.00002,0.01128,0.00013,0.00006,0.00048
4.19200,0.12794,0.98535,0.00053,0.00072,0.00488,0.00002,0.00787,0.00017,0.00008,0.00037
4.22400,0.12794,0.98913,0.00050,0.00098,0.00311,0.00003,0.00545,0.00019,0.00014,0.00047
4.25600,0.12794,0.98907,0.00120,0.00159,0.00267,0.00006,0.00386,0.00036,0.00028,0.00091
4.28800,0.12794,0.98556,0.00377,0.00258,0.00182,0.00010,0.00269,0.00117,0.00052,0.00178
4.32000,0.12794,0.98407,0.00472,0.00390,0.00066,0.00014,0.00136,0.00237,0.00118,0.00159
4.35200,0.12794,0.98551,0.00423,0.00332,0.00039,0.00012,0.00086,0.00263,0.00096,0.00198
4.38400,0.12794,0.98169,0.00530,0.00437,0.00035,0.00018,0.00082,0.00376,0.00138,0.00215
4.41600,0.12794,0.98492,0.00395,0.00322,0.00021,0.00014,0.00056,0.00360,0.00106,0.00234
4.44800,0.12794,0.98906,0.00265,0.00233,0.00020,0.00011,0.00053,0.00211,0.00060,0.00242
4.48000,0.12794,0.98909,0.00252,0.00255,0.00018,0.00013,0.00048,0.00230,0.00075,0.00201
4.51200,0.12794,0.99311,0.00062,0.00120,0.00004,0.00003,0.00013,0.00117,0.00024,0.00345
4.54400,0.12794,0.99196,0.00042,0.00120,0.00003,0.00002,0.00008,0.00136,0.00023,0.00470
4.57600,0.12794,0.98931,0.00071,0.00216,0.00007,0.00003,0.00014,0.00205,0.00047,0.00506
4.60800,0.12794,0.98578,0.00156,0.00302,0.00025,0.00005,0.00036,0.00254,0.00072,0.00571
4.64000,0.12794,0.97220,0.00541,0.00740,0.00237,0.00024,0.00262,0.00397,0.00238,0.00341
4.67200,0.12794,0.94820,0.01505,0.00970,0.00681,0.00038,0.00694,0.00649,0.00412,0.00230
4.70400,0.12794,0.91468,0.03359,0.01141,0.00564,0.00055,0.00544,0.01806,0.00708,0.00355
4.73600,0.12794,0.86673,0.05509,0.01529,0.00269,0.00065,0.00259,0.03832,0.01535,0.00329
4.76800,0.12794,0.74726,0.13191,0.01955,0.00362,0.00104,0.00218,0.06496,0.02343,0.00606
4.80000,0.12794,0.62518,0.22000,0.02920,0.00518,0.00175,0.00217,0.06957,0.03777,0.00918
4.83200,0.12794,0.63945,0.22816,0.03721,0.01488,0.00259,0.00458,0.02907,0.03280,0.01126
4.86400,0.12794,0.66813,0.18191,0.03722,0.05157,0.00282,0.01271,0.01220,0.02286,0.01058
4.89600,0.12794,0.74431,0.09769,0.03031,0.07218,0.00219,0.02138,0.00855,0.01497,0.00841
4.92800,0.12794,0.78945,0.03997,0.02209,0.09719,0.00151,0.03109,0.00404,0.00781,0.00686
4.96000,0.12794,0.78571,0.02170,0.01664,0.12125,0.00111,0.03852,0.00305,0.00602,0.00599
4.99200,0.12794,0.77363,0.00850,0.00750,0.15082,0.00057,0.04810,0.00163,0.00165,0.00761
5.02400,0.12794,0.84570,0.00206,0.00387,0.09643,0.00019,0.04668,0.00061,0.00061,0.00384
5.05600,0.12794,0.88552,0.00062,0.00193,0.06302,0.00007,0.04655,0.00026,0.00022,0.00181
5.08800,0.12794,0.87810,0.00033,0.00124,0.06428,0.00004,0.05379,0.00018,0.00009,0.00195
5.12000,0.12794,0.89984,0.00043,0.00153,0.04960,0.00005,0.04651,0.00025,0.00014,0.00165
5.15200,0.12794,0.94640,0.00077,0.00162,0.02369,0.00007,0.02522,0.00035,0.00017,0.00171
5.18400,0.12794,0.97480,0.00091,0.00137,0.00830,0.00006,0.01247,0.00048,0.00016,0.00146
5.21600,0.12794,0.98598,0.00068,0.00099,0.00325,0.00003,0.00781,0.00041,0.00012,0.00072
5.24800,0.12794,0.98647,0.00024,0.00062,0.00292,0.00002,0.00887,0.00021,0.00005,0.00060
5.28000,0.12794,0.97692,0.00015,0.00050,0.00605,0.00001,0.01560,0.00014,0.00003,0.00060
5.31200,0.12794,0.96581,0.00014,0.00049,0.01165,0.00001,0.02119,0.00010,0.00003,0.00058
5.34400,0.12794,0.97707,0.00013,0.00046,0.00755,0.00001,0.01432,0.00008,0.00003,0.00035
5.37600,0.12794,0.98632,0.00012,0.00037,0.00419,0.00001,0.00869,0.00006,0.00003,0.00021
5.40800,0.12794,0.99239,0.00009,0.00025,0.00199,0.00000,0.00505,0.00004,0.00002,0.00016
5.44000,0.12794,0.99134,0.00005,0.00015,0.00217,0.00000,0.00608,0.00003,0.00001,0.00017
5.47200,0.12794,0.98454,0.00004,0.00012,0.00437,0.00000,0.01065,0.00002,0.00000,0.00024
5.50400,0.12794,0.97616,0.00004,0.00014,0.00708,0.00000,0.01624,0.00003,0.00000,0.00031
5.53600,0.12794,0.96074,0.00005,0.00021,0.01275,0.00000,0.02584,0.00004,0.00001,0.00035
5.56800,0.12794,0.96485,0.00004,0.00022,0.01048,0.00000,0.02412,0.00003,0.00001,0.00025
5.60000,0.12794,0.97144,0.00002,0.00018,0.00800,0.00000,0.02013,0.00002,0.00001,0.00020
5.63200,0.12794,0.96787,0.00002,0.00013,0.00987,0.00000,0.02185,0.00002,0.00000,0.00024
5.66400,0.12794,0.96021,0.00004,0.00018,0.01446,0.00000,0.02472,0.00003,0.00001,0.00036
5.69600,0.12794,0.96759,0.00015,0.00026,0.01315,0.00001,0.01831,0.00006,0.00001,0.00047
5.72800,0.12794,0.97773,0.00037,0.00034,0.00951,0.00001,0.01137,0.00009,0.00003,0.00056
5.76000,0.12794,0.98393,0.00077,0.00061,0.00626,0.00002,0.00777,0.00015,0.00007,0.00040
5.79200,0.12794,0.98870,0.00088,0.00051,0.00387,0.00002,0.00537,0.00016,0.00006,0.00042
5.82400,0.12794,0.98356,0.00062,0.00055,0.00628,0.00002,0.00824,0.00014,0.00006,0.00052
5.85600,0.12794,0.97705,0.00050,0.00070,0.00854,0.00003,0.01234,0.00016,0.00007,0.00060
5.88800,0.12794,0.98674,0.00037,0.00050,0.00386,0.00002,0.00774,0.00014,0.00004,0.00059
5.92000,0.12794,0.98741,0.00014,0.00035,0.00328,0.00001,0.00828,0.00008,0.00002,0.00043
5.95200,0.12794,0.99178,0.00008,0.00023,0.00169,0.00000,0.00585,0.00005,0.00001,0.00030
5.98400,0.12794,0.99277,0.00006,0.00019,0.00147,0.00000,0.00520,0.00004,0.00001,0.00026
6.01600,0.12794,0.99312,0.00004,0.00014,0.00156,0.00000,0.00490,0.00002,0.00001,0.00021
6.04800,0.12794,0.99428,0.00004,0.00013,0.00137,0.00000,0.00394,0.00002,0.00001,0.00022
6.08000,0.12794,0.99513,0.00005,0.00012,0.00123,0.00000,0.00327,0.00001,0.00001,0.00018
6.11200,0.12794,0.99638,0.00006,0.00010,0.00091,0.00000,0.00240,0.00001,0.00001,0.00014
6.14400,0.12794,0.99548,0.00005,0.00011,0.00107,0.00000,0.00313,0.00002,0.00001,0.00014
6.17600,0.12794,0.99564,0.00012,0.00023,0.00094,0.00000,0.00283,0.00005,0.00002,0.00016
6.20800,0.12794,0.99660,0.00023,0.00029,0.00058,0.00001,0.00196,0.00009,0.00003,0.00023
6.24000,0.12794,0.99668,0.00048,0.00047,0.00028,0.00001,0.00122,0.00032,0.00007,0.00046
6.27200,0.12794,0.99611,0.00099,0.00084,0.00016,0.00003,0.00061,0.00049,0.00017,0.00059
6.30400,0.12794,0.99650,0.00106,0.00079,0.00009,0.00002,0.00036,0.00050,0.00017,0.00051
6.33600,0.12794,0.99657,0.00099,0.00084,0.00015,0.00002,0.00049,0.00039,0.00018,0.00038
6.36800,0.12794,0.99659,0.00056,0.00060,0.00049,0.00002,0.00110,0.00015,0.00008,0.00041
6.40000,0.12794,0.99560,0.00054,0.00067,0.00073,0.00002,0.00186,0.00019,0.00009,0.00029
6.43200,0.12794,0.99362,0.00048,0.00064,0.00138,0.00002,0.00323,0.00018,0.00007,0.00037
6.46400,0.12794,0.98976,0.00049,0.00083,0.00261,0.00002,0.00536,0.00023,0.00009,0.00061
6.49600,0.12794,0.98818,0.00069,0.00125,0.00296,0.00003,0.00586,0.00033,0.00019,0.00050
6.52800,0.12794,0.98609,0.00055,0.00097,0.00389,0.00003,0.00749,0.00029,0.00012,0.00058
6.56000,0.12794,0.98137,0.00032,0.00072,0.00583,0.00002,0.01094,0.00019,0.00007,0.00054
6.59200,0.12794,0.98660,0.00026,0.00074,0.00321,0.00002,0.00858,0.00019,0.00008,0.00033
6.62400,0.12794,0.98212,0.00038,0.00098,0.00526,0.00002,0.01043,0.00022,0.00011,0.00048
6.65600,0.12794,0.98516,0.00041,0.00121,0.00372,0.00003,0.00829,0.00029,0.00014,0.00075
6.68800,0.12794,0.98883,0.00080,0.00200,0.00166,0.00006,0.00465,0.00077,0.00035,0.00088
6.72000,0.12794,0.99005,0.00133,0.00241,0.00117,0.00008,0.00275,0.00080,0.00059,0.00082
6.75200,0.12794,0.99429,0.00086,0.00135,0.00047,0.00004,0.00158,0.00056,0.00027,0.00056
6.78400,0.12794,0.99538,0.00064,0.00094,0.00052,0.00003,0.00164,0.00033,0.00016,0.00037
6.81600,0.12794,0.99478,0.00037,0.00059,0.00101,0.00001,0.00275,0.00013,0.00008,0.00027
6.84800,0.12794,0.99218,0.00016,0.00032,0.00186,0.00001,0.00500,0.00007,0.00002,0.00039
6.88000,0.12794,0.98826,0.00008,0.00028,0.00284,0.00001,0.00813,0.00005,0.00002,0.00034
6.91200,0.12794,0.97922,0.00005,0.00028,0.00569,0.00001,0.01426,0.00004,0.00001,0.00044
6.94400,0.12794,0.98183,0.00004,0.00022,0.00480,0.00000,0.01262,0.00003,0.00001,0.00046
6.97600,0.12794,0.98258,0.00004,0.00028,0.00436,0.00001,0.01238,0.00003,0.00001,0.00031
7.00800,0.12794,0.98387,0.00005,0.00028,0.00422,0.00001,0.01106,0.00004,0.00001,0.00047
7.04000,0.12794,0.98945,0.00008,0.00031,0.00242,0.00001,0.00718,0.00005,0.00002,0.00050
7.07200,0.12794,0.98781,0.00012,0.00044,0.00284,0.00001,0.00815,0.00008,0.00003,0.00052
7.10400,0.12794,0.98752,0.00012,0.00031,0.00304,0.00001,0.00817,0.00008,0.00002,0.00074
7.13600,0.12794,0.98263,0.00013,0.00038,0.00463,0.00001,0.01154,0.00009,0.00002,0.00057
7.16800,0.12794,0.96773,0.00013,0.00043,0.01038,0.00001,0.02060,0.00009,0.00003,0.00060
7.20000,0.12794,0.96421,0.00008,0.00028,0.01166,0.00001,0.02320,0.00005,0.00001,0.00051
7.23200,0.12794,0.96077,0.00007,0.00027,0.01307,0.00001,0.02537,0.00005,0.00001,0.00038
7.26400,0.12794,0.95980,0.00006,0.00024,0.01380,0.00001,0.02559,0.00004,0.00001,0.00046
7.29600,0.12794,0.96955,0.00005,0.00020,0.00909,0.00000,0.02073,0.00004,0.00001,0.00034
7.32800,0.12794,0.96113,0.00010,0.00050,0.01274,0.00001,0.02494,0.00005,0.00002,0.00051
7.36000,0.12794,0.83208,0.00073,0.05082,0.03182,0.00026,0.08322,0.00005,0.00014,0.00088
7.39200,0.12794,0.20780,0.00062,0.73212,0.00773,0.00092,0.05032,0.00001,0.00016,0.00032
7.42400,0.12794,0.00453,0.00008,0.99302,0.00040,0.00024,0.00167,0.00000,0.00002,0.00003
7.45600,0.12794,0.00009,0.00001,0.99974,0.00002,0.00004,0.00009,0.00000,0.00000,0.00000
7.48800,0.12794,0.00009,0.00002,0.99969,0.00004,0.00004,0.00012,0.00000,0.00000,0.00000
7.52000,0.12794,0.00017,0.00002,0.99921,0.00010,0.00007,0.00042,0.00000,0.00000,0.00000
7.55200,0.12794,0.00036,0.00001,0.99647,0.00014,0.00013,0.00289,0.00000,0.00000,0.00000
7.58400,0.12794,0.00111,0.00001,0.99254,0.00025,0.00007,0.00601,0.00000,0.00000,0.00000
7.61600,0.12794,0.00513,0.00001,0.98034,0.00045,0.00017,0.01388,0.00000,0.00001,0.00002
7.64800,0.12794,0.00348,0.00001,0.99050,0.00048,0.00006,0.00544,0.00000,0.00001,0.00002
7.68000,0.12794,0.00193,0.00002,0.99632,0.00042,0.00004,0.00123,0.00000,0.00001,0.00002
7.71200,0.12794,0.00044,0.00002,0.99905,0.00017,0.00003,0.00028,0.00000,0.00001,0.00001
7.74400,0.12794,0.00017,0.00003,0.99964,0.00008,0.00002,0.00006,0.00000,0.00000,0.00000
7.77600,0.12794,0.00005,0.00002,0.99987,0.00003,0.00001,0.00001,0.00000,0.00000,0.00000
7.80800,0.12794,0.00004,0.00002,0.99989,0.00002,0.00001,0.00000,0.00000,0.00000,0.00000
7.84000,0.12794,0.00003,0.00001,0.99995,0.00001,0.00000,0.00000,0.00000,0.00000,0.00000
7.87200,0.12794,0.00002,0.00000,0.99997,0.00000,0.00000,0.00000,0.00000,0.00000,0.00000
7.90400,0.12794,0.00002,0.00000,0.99997,0.00000,0.00000,0.00000,0.00000,0.00000,0.00000
7.93600,0.12794,0.00005,0.00000,0.99994,0.00000,0.00000,0.00000,0.00000,0.00000,0.00000
7.96800,0.12794,0.00005,0.00000,0.99992,0.00001,0.00000,0.00000,0.00000,0.00000,0.00001
8.00000,0.12794,0.00013,0.00001,0.99981,0.00001,0.00000,0.00000,0.00000,0.00000,0.00004
8.03200,0.12794,0.00012,0.00000,0.99984,0.00000,0.00000,0.00000,0.00000,0.00000,0.00003
8.06400,0.12794,0.00000,0.00000,1.00000,0.00000,0.00000,0.00000,0.00000,0.00000,0.00000
8.09600,0.12794,0.00000,0.00000,1.00000,0.00000,0.00000,0.00000,0.00000,0.00000,0.00000
8.12800,0.12794,0.00000,0.00000,1.00000,0.00000,0.00000,0.00000,0.00000,0.00000,0.00000
8.16000,0.12794,0.00000,0.00000,1.00000,0.00000,0.00000,0.00000,0.00000,0.00000,0.00000
8.19200,0.12794,0.00000,0.00000,1.00000,0.00000,0.00000,0.00000,0.00000,0.00000,0.00000
8.22400,0.12794,0.00000,0.00000,1.00000,0.00000,0.00000,0.00000,0.00000,0.00000,0.00000
8.25600,0.12794,0.00001,0.00000,0.99999,0.00000,0.00000,0.00000,0.00000,0.00000,0.00000
8.28800,0.12794,0.00000,0.00000,0.99999,0.00000,0.00000,0.00000,0.00000,0.00000,0.00000
8.32000,0.12794,0.00005,0.00000,0.99994,0.00000,0.00000,0.00000,0.00000,0.00000,0.00001
8.35200,0.12794,0.00000,0.00000,0.99999,0.00000,0.00000,0.00000,0.00000,0.00000,0.00000
8.38400,0.12794,0.00000,0.00000,1.00000,0.00000,0.00000,0.00000,0.00000,0.00000,0.00000
8.41600,0.12794,0.00000,0.00000,1.00000,0.00000,0.00000,0.00000,0.00000,0.00000,0.00000
8.44800,0.12794,0.00000,0.00000,1.00000,0.00000,0.00000,0.00000,0.00000,0.00000,0.00000
8.48000,0.12794,0.00000,0.00000,1.00000,0.00000,0.00000,0.00000,0.00000,0.00000,0.00000
8.51200,0.12794,0.00000,0.00000,1.00000,0.00000,0.00000,0.00000,0.00000,0.00000,0.00000
8.54400,0.12794,0.00000,0.00000,1.00000,0.00000,0.00000,0.00000,0.00000,0.00000,0.00000
8.57600,0.12794,0.00000,0.00000,1.00000,0.00000,0.00000,0.00000,0.00000,0.00000,0.00000
8.60800,0.12794,0.00000,0.00000,1.00000,0.00000,0.00000,0.00000,0.00000,0.00000,0.00000
8.64000,0.12794,0.00000,0.00000,1.00000,0.00000,0.00000,0.00000,0.00000,0.00000,0.00000
8.67200,0.12794,0.00000,0.00001,0.99998,0.00001,0.00000,0.00000,0.00000,0.00000,0.00000
8.70400,0.12794,0.00001,0.00001,0.99997,0.00001,0.00000,0.00000,0.00000,0.00000,0.00000
8.73600,0.12794,0.00003,0.00002,0.99990,0.00004,0.00000,0.00000,0.00000,0.00000,0.00000
8.76800,0.12794,0.00001,0.00002,0.99994,0.00004,0.00000,0.00000,0.00000,0.00000,0.00000
8.80000,0.12794,0.00000,0.00001,0.99997,0.00002,0.00000,0.00000,0.00000,0.00000,0.00000
8.83200,0.12794,0.00000,0.00001,0.99997,0.00001,0.00000,0.00000,0.00000,0.00000,0.00000
8.86400,0.12794,0.00000,0.00001,0.99997,0.00001,0.00000,0.00000,0.00000,0.00000,0.00000
8.89600,0.12794,0.00000,0.00001,0.99999,0.00000,0.00000,0.00000,0.00000,0.00000,0.00000
8.92800,0.12794,0.00000,0.00002,0.99997,0.00001,0.00000,0.00000,0.00000,0.00000,0.00000
8.96000,0.12794,0.00000,0.00003,0.99995,0.00002,0.00000,0.00000,0.00000,0.00000,0.00000
8.99200,0.12794,0.00002,0.00013,0.99979,0.00006,0.00000,0.00000,0.00000,0.00000,0.00000
9.02400,0.12794,0.00007,0.00040,0.99928,0.00021,0.00001,0.00000,0.00000,0.00001,0.00000
9.05600,0.12794,0.00002,0.00021,0.99965,0.00012,0.00000,0.00000,0.00000,0.00000,0.00000
9.08800,0.12794,0.00002,0.00017,0.99973,0.00008,0.00000,0.00000,0.00000,0.00000,0.00000
9.12000,0.12794,0.00002,0.00016,0.99975,0.00007,0.00000,0.00000,0.00000,0.00000,0.00000
9.15200,0.12794,0.00001,0.00012,0.99983,0.00004,0.00000,0.00000,0.00000,0.00000,0.00000
9.18400,0.12794,0.00001,0.00005,0.99992,0.00002,0.00000,0.00000,0.00000,0.00000,0.00000
9.21600,0.12794,0.00011,0.00008,0.99970,0.00006,0.00003,0.00001,0.00000,0.00002,0.00000
9.24800,0.12794,0.00004,0.00004,0.99986,0.00004,0.00001,0.00000,0.00000,0.00000,0.00000
9.28000,0.12794,0.00029,0.00004,0.99907,0.00007,0.00043,0.00003,0.00000,0.00006,0.00000
9.31200,0.12794,0.00018,0.00003,0.99948,0.00005,0.00020,0.00001,0.00000,0.00004,0.00000
9.34400,0.12794,0.00003,0.00001,0.99993,0.00001,0.00002,0.00000,0.00000,0.00000,0.00000
9.37600,0.12794,0.00002,0.00000,0.99997,0.00000,0.00001,0.00000,0.00000,0.00000,0.00000
9.40800,0.12794,0.00002,0.00000,0.99997,0.00000,0.00001,0.00000,0.00000,0.00000,0.00000
9.44000,0.12794,0.00002,0.00000,0.99995,0.00000,0.00002,0.00000,0.00000,0.00000,0.00000
9.47200,0.12794,0.00001,0.00000,0.99999,0.00000,0.00000,0.00000,0.00000,0.00000,0.00000
9.50400,0.12794,0.00003,0.00000,0.99993,0.00000,0.00003,0.00000,0.00000,0.00000,0.00000
9.53600,0.12794,0.00002,0.00000,0.99998,0.00000,0.00000,0.00000,0.00000,0.00000,0.00000
9.56800,0.12794,0.00002,0.00000,0.99997,0.00000,0.00001,0.00000,0.00000,0.00000,0.00000
9.60000,0.12794,0.00008,0.00000,0.99987,0.00000,0.00004,0.00000,0.00000,0.00001,0.00000
9.63200,0.12794,0.00001,0.00000,0.99998,0.00000,0.00000,0.00000,0.00000,0.00000,0.00000
9.66400,0.12794,0.00005,0.00000,0.99992,0.00000,0.00002,0.00000,0.00000,0.00001,0.00000
9.69600,0.12794,0.00029,0.00002,0.99945,0.00000,0.00016,0.00000,0.00000,0.00007,0.00001
9.72800,0.12794,0.00009,0.00001,0.99987,0.00000,0.00002,0.00000,0.00000,0.00001,0.00001
9.76000,0.12794,0.00019,0.00001,0.99970,0.00000,0.00008,0.00000,0.00000,0.00002,0.00001
9.79200,0.12794,0.00002,0.00000,0.99997,0.00000,0.00000,0.00000,0.00000,0.00000,0.00000
9.82400,0.12794,0.00005,0.00000,0.99993,0.00000,0.00002,0.00000,0.00000,0.00000,0.00000
9.85600,0.12794,0.00006,0.00000,0.99990,0.00000,0.00003,0.00000,0.00000,0.00000,0.00000
9.88800,0.12794,0.00002,0.00000,0.99996,0.00000,0.00001,0.00000,0.00000,0.00000,0.00000
9.92000,0.12794,0.00002,0.00000,0.99997,0.00000,0.00001,0.00000,0.00000,0.00000,0.00000
9.95200,0.12794,0.00000,0.00000,1.00000,0.00000,0.00000,0.00000,0.00000,0.00000,0.00000
9.98400,0.12794,0.00001,0.00000,0.99999,0.00000,0.00001,0.00000,0.00000,0.00000,0.00000
10.01600,0.12794,0.00003,0.00000,0.99992,0.00000,0.00004,0.00000,0.00000,0.00000,0.00000
10.04800,0.12794,0.00004,0.00000,0.99993,0.00000,0.00003,0.00000,0.00000,0.00000,0.00000
10.08000,0.12794,0.00015,0.00000,0.99968,0.00000,0.00015,0.00000,0.00000,0.00001,0.00000
10.11200,0.12794,0.00016,0.00000,0.99973,0.00000,0.00009,0.00000,0.00000,0.00001,0.00001
10.14400,0.12794,0.00016,0.00001,0.99975,0.00000,0.00006,0.00000,0.00000,0.00001,0.00001
10.17600,0.12794,0.00041,0.00001,0.99935,0.00000,0.00014,0.00000,0.00000,0.00002,0.00005
10.20800,0.12794,0.00024,0.00001,0.99969,0.00000,0.00001,0.00000,0.00000,0.00000,0.00004
10.24000,0.12794,0.00030,0.00001,0.99963,0.00000,0.00001,0.00000,0.00000,0.00000,0.00004
10.27200,0.12794,0.00036,0.00001,0.99956,0.00001,0.00000,0.00000,0.00000,0.00000,0.00006
10.30400,0.12794,0.00163,0.00002,0.99809,0.00004,0.00001,0.00001,0.00000,0.00001,0.00019
10.33600,0.12794,0.00097,0.00003,0.99879,0.00005,0.00001,0.00001,0.00000,0.00001,0.00014
10.36800,0.12794,0.00029,0.00003,0.99958,0.00003,0.00000,0.00000,0.00000,0.00000,0.00007
10.40000,0.12794,0.00017,0.00002,0.99976,0.00002,0.00000,0.00000,0.00000,0.00000,0.00003
10.43200,0.12794,0.00010,0.00001,0.99986,0.00001,0.00000,0.00000,0.00000,0.00000,0.00001
10.46400,0.12794,0.00018,0.00001,0.99975,0.00001,0.00003,0.00001,0.00000,0.00001,0.00001
10.49600,0.12794,0.00018,0.00000,0.99974,0.00000,0.00005,0.00001,0.00000,0.00000,0.00001
10.52800,0.12794,0.00005,0.00000,0.99994,0.00000,0.00001,0.00000,0.00000,0.00000,0.00000
10.56000,0.12794,0.00001,0.00000,0.99999,0.00000,0.00000,0.00000,0.00000,0.00000,0.00000
10.59200,0.12794,0.00000,0.00000,1.00000,0.00000,0.00000,0.00000,0.00000,0.00000,0.00000
10.62400,0.12794,0.00001,0.00000,0.99999,0.00000,0.00000,0.00000,0.00000,0.00000,0.00000
10.65600,0.12794,0.00002,0.00000,0.99997,0.00000,0.00000,0.00000,0.00000,0.00000,0.00000
10.68800,0.12794,0.00001,0.00000,0.99998,0.00000,0.00000,0.00000,0.00000,0.00000,0.00000
10.72000,0.12794,0.00001,0.00000,0.99999,0.00000,0.00000,0.00000,0.00000,0.00000,0.00000
10.75200,0.12794,0.00000,0.00000,0.99999,0.00000,0.00000,0.00000,0.00000,0.00000,0.00000
10.78400,0.12794,0.00002,0.00001,0.99997,0.00000,0.00000,0.00000,0.00000,0.00000,0.00000
10.81600,0.12794,0.00037,0.00007,0.99936,0.00003,0.00010,0.00001,0.00000,0.00005,0.00002
10.84800,0.12794,0.00120,0.00013,0.99766,0.00009,0.00063,0.00003,0.00000,0.00023,0.00004
10.88000,0.12794,0.00219,0.00017,0.99562,0.00015,0.00125,0.00005,0.00000,0.00052,0.00005
10.91200,0.12794,0.00103,0.00010,0.99736,0.00008,0.00108,0.00002,0.00000,0.00030,0.00002
10.94400,0.12794,0.00026,0.00007,0.99949,0.00005,0.00008,0.00001,0.00000,0.00004,0.00001
10.97600,0.12794,0.00022,0.00008,0.99939,0.00006,0.00018,0.00001,0.00000,0.00006,0.00001
11.00800,0.12794,0.00032,0.00011,0.99776,0.00009,0.00154,0.00002,0.00000,0.00016,0.00000
11.04000,0.12794,0.00023,0.00019,0.99862,0.00016,0.00069,0.00002,0.00000,0.00009,0.00000
11.07200,0.12794,0.00023,0.00021,0.99754,0.00022,0.00164,0.00004,0.00000,0.00012,0.00000
11.10400,0.12794,0.00010,0.00015,0.99931,0.00015,0.00024,0.00003,0.00000,0.00003,0.00000
11.13600,0.12794,0.00003,0.00007,0.99979,0.00006,0.00003,0.00001,0.00000,0.00001,0.00000
11.16800,0.12794,0.00003,0.00003,0.99986,0.00003,0.00003,0.00001,0.00000,0.00000,0.00000
11.20000,0.12794,0.00005,0.00002,0.99987,0.00002,0.00004,0.00001,0.00000,0.00000,0.00000
11.23200,0.12794,0.00007,0.00001,0.99983,0.00001,0.00004,0.00002,0.00000,0.00000,0.00000
11.26400,0.12794,0.00008,0.00001,0.99983,0.00001,0.00003,0.00003,0.00000,0.00000,0.00000
11.29600,0.12794,0.00010,0.00001,0.99980,0.00002,0.00003,0.00004,0.00000,0.00000,0.00000
11.32800,0.12794,0.00006,0.00001,0.99989,0.00002,0.00001,0.00002,0.00000,0.00000,0.00000
11.36000,0.12794,0.00018,0.00002,0.99962,0.00003,0.00008,0.00005,0.00000,0.00001,0.00001
11.39200,0.12794,0.00027,0.00002,0.99940,0.00004,0.00017,0.00006,0.00000,0.00002,0.00001
11.42400,0.12794,0.00038,0.00002,0.99901,0.00004,0.00044,0.00007,0.00000,0.00003,0.00001
11.45600,0.12794,0.00064,0.00002,0.99810,0.00005,0.00096,0.00016,0.00000,0.00005,0.00001
11.48800,0.12794,0.00028,0.00002,0.99946,0.00004,0.00011,0.00007,0.00000,0.00001,0.00001
11.52000,0.12794,0.00019,0.00001,0.99966,0.00002,0.00005,0.00006,0.00000,0.00001,0.00001
11.55200,0.12794,0.00027,0.00001,0.99955,0.00004,0.00002,0.00009,0.00000,0.00001,0.00001
11.58400,0.12794,0.00054,0.00001,0.99913,0.00006,0.00005,0.00019,0.00000,0.00001,0.00002
11.61600,0.12794,0.00182,0.00002,0.99698,0.00014,0.00013,0.00081,0.00000,0.00003,0.00006
11.64800,0.12794,0.00317,0.00002,0.99441,0.00022,0.00010,0.00194,0.00000,0.00002,0.00011
11.68000,0.12794,0.00461,0.00002,0.99237,0.00023,0.00013,0.00245,0.00000,0.00003,0.00017
11.71200,0.12794,0.00337,0.00001,0.99382,0.00023,0.00003,0.00240,0.00000,0.00001,0.00013
11.74400,0.12794,0.00270,0.00001,0.99505,0.00015,0.00001,0.00200,0.00000,0.00000,0.00009
11.77600,0.12794,0.00238,0.00000,0.99556,0.00022,0.00000,0.00171,0.00000,0.00000,0.00012
11.80800,0.12794,0.00139,0.00000,0.99708,0.00019,0.00000,0.00127,0.00000,0.00000,0.00007
11.84000,0.12794,0.00236,0.00000,0.99628,0.00014,0.00000,0.00115,0.00000,0.00000,0.00007
11.87200,0.12794,0.00383,0.00001,0.99411,0.00023,0.00001,0.00173,0.00000,0.00000,0.00008
11.90400,0.12794,0.00772,0.00001,0.98833,0.00035,0.00009,0.00342,0.00000,0.00002,0.00008
11.93600,0.12794,0.01374,0.00002,0.97891,0.00070,0.00036,0.00612,0.00000,0.00007,0.00008
11.96800,0.12794,0.01791,0.00003,0.96767,0.00260,0.00004,0.01159,0.00000,0.00003,0.00013
12.00000,0.12794,0.01723,0.00002,0.97066,0.00287,0.00002,0.00906,0.00000,0.00003,0.00011
12.03200,0.12794,0.01119,0.00002,0.98161,0.00191,0.00001,0.00516,0.00000,0.00002,0.00008
12.06400,0.12794,0.01968,0.00002,0.97178,0.00132,0.00004,0.00698,0.00000,0.00005,0.00013
12.09600,0.12794,0.01180,0.00001,0.98158,0.00068,0.00005,0.00577,0.00000,0.00003,0.00006
12.12800,0.12794,0.00734,0.00001,0.98661,0.00043,0.00004,0.00550,0.00000,0.00002,0.00004
12.16000,0.12794,0.01318,0.00002,0.97461,0.00054,0.00064,0.01088,0.00000,0.00007,0.00006
12.19200,0.12794,0.00678,0.00001,0.98780,0.00041,0.00010,0.00482,0.00000,0.00002,0.00005
12.22400,0.12794,0.00924,0.00001,0.98275,0.00026,0.00016,0.00748,0.00000,0.00002,0.00008
12.25600,0.12794,0.01680,0.00001,0.97337,0.00032,0.00017,0.00914,0.00000,0.00004,0.00016
12.28800,0.12794,0.00913,0.00000,0.98492,0.00025,0.00001,0.00554,0.00000,0.00001,0.00014
12.32000,0.12794,0.00917,0.00000,0.98465,0.00022,0.00004,0.00577,0.00000,0.00001,0.00013
12.35200,0.12794,0.00525,0.00001,0.99265,0.00017,0.00009,0.00173,0.00000,0.00002,0.00009
12.38400,0.12794,0.00151,0.00001,0.99779,0.00008,0.00016,0.00039,0.00000,0.00002,0.00003
12.41600,0.12794,0.00050,0.00002,0.99895,0.00005,0.00035,0.00008,0.00000,0.00003,0.00001
12.44800,0.12794,0.00041,0.00004,0.99916,0.00006,0.00023,0.00004,0.00000,0.00004,0.00001
12.48000,0.12794,0.00040,0.00007,0.99916,0.00007,0.00021,0.00002,0.00000,0.00005,0.00001
12.51200,0.12794,0.00033,0.00003,0.99943,0.00003,0.00012,0.00001,0.00000,0.00003,0.00001
12.54400,0.12794,0.00036,0.00002,0.99951,0.00001,0.00005,0.00001,0.00000,0.00002,0.00002
12.57600,0.12794,0.00044,0.00001,0.99940,0.00001,0.00008,0.00001,0.00000,0.00001,0.00003
12.60800,0.12794,0.00032,0.00001,0.99961,0.00001,0.00002,0.00000,0.00000,0.00000,0.00003
12.64000,0.12794,0.00036,0.00001,0.99956,0.00001,0.00001,0.00000,0.00000,0.00001,0.00004
12.67200,0.12794,0.00065,0.00002,0.99919,0.00001,0.00003,0.00000,0.00000,0.00002,0.00007
12.70400,0.12794,0.00009,0.00000,0.99988,0.00000,0.00000,0.00000,0.00000,0.00000,0.00001
12.73600,0.12794,0.00030,0.00001,0.99963,0.00000,0.00002,0.00000,0.00000,0.00001,0.00003
12.76800,0.12794,0.00016,0.00000,0.99981,0.00000,0.00001,0.00000,0.00000,0.00000,0.00001
12.80000,0.12794,0.00009,0.00000,0.99988,0.00000,0.00002,0.00000,0.00000,0.00000,0.00000
12.83200,0.12794,0.00064,0.00000,0.99882,0.00000,0.00048,0.00001,0.00000,0.00003,0.00001
12.86400,0.12794,0.00005,0.00000,0.99992,0.00000,0.00002,0.00000,0.00000,0.00000,0.00000
12.89600,0.12794,0.00021,0.00000,0.99956,0.00000,0.00020,0.00000,0.00000,0.00002,0.00001
12.92800,0.12794,0.00022,0.00001,0.99967,0.00000,0.00006,0.00000,0.00000,0.00002,0.00002
12.96000,0.12794,0.00002,0.00000,0.99998,0.00000,0.00000,0.00000,0.00000,0.00000,0.00000
12.99200,0.12794,0.00003,0.00000,0.99996,0.00000,0.00000,0.00000,0.00000,0.00000,0.00000
13.02400,0.12794,0.00001,0.00000,0.99999,0.00000,0.00000,0.00000,0.00000,0.00000,0.00000
13.05600,0.12794,0.00000,0.00000,1.00000,0.00000,0.00000,0.00000,0.00000,0.00000,0.00000
13.08800,0.12794,0.00000,0.00000,1.00000,0.00000,0.00000,0.00000,0.00000,0.00000,0.00000
13.12000,0.12794,0.00000,0.00000,1.00000,0.00000,0.00000,0.00000,0.00000,0.00000,0.00000
13.15200,0.12794,0.00000,0.00000,1.00000,0.00000,0.00000,0.00000,0.00000,0.00000,0.00000
13.18400,0.12794,0.00000,0.00000,1.00000,0.00000,0.00000,0.00000,0.00000,0.00000,0.00000
13.21600,0.12794,0.00000,0.00000,1.00000,0.00000,0.00000,0.00000,0.00000,0.00000,0.00000
13.24800,0.12794,0.00000,0.00000,1.00000,0.00000,0.00000,0.00000,0.00000,0.00000,0.00000
13.28000,0.12794,0.00000,0.00000,1.00000,0.00000,0.00000,0.00000,0.00000,0.00000,0.00000
13.31200,0.12794,0.00000,0.00000,0.99999,0.00000,0.00000,0.00000,0.00000,0.00000,0.00000
13.34400,0.12794,0.00002,0.00001,0.99995,0.00002,0.00000,0.00000,0.00000,0.00000,0.00000
13.37600,0.12794,0.00009,0.00001,0.99983,0.00003,0.00002,0.00001,0.00000,0.00000,0.00000
13.40800,0.12794,0.00004,0.00001,0.99992,0.00002,0.00000,0.00001,0.00000,0.00000,0.00000
13.44000,0.12794,0.00009,0.00003,0.99977,0.00006,0.00003,0.00001,0.00000,0.00001,0.00000
13.47200,0.12794,0.00002,0.00001,0.99993,0.00003,0.00000,0.00000,0.00000,0.00000,0.00000
13.50400,0.12794,0.00000,0.00001,0.99998,0.00001,0.00000,0.00000,0.00000,0.00000,0.00000
13.53600,0.12794,0.00001,0.00001,0.99996,0.00001,0.00000,0.00000,0.00000,0.00000,0.00000
13.56800,0.12794,0.00000,0.00000,0.99999,0.00000,0.00000,0.00000,0.00000,0.00000,0.00000
13.60000,0.12794,0.00000,0.00001,0.99998,0.00001,0.00000,0.00000,0.00000,0.00000,0.00000
13.63200,0.12794,0.00001,0.00003,0.99994,0.00002,0.00000,0.00000,0.00000,0.00000,0.00000
13.66400,0.12794,0.00001,0.00006,0.99990,0.00002,0.00000,0.00000,0.00000,0.00000,0.00000
13.69600,0.12794,0.00009,0.00022,0.99955,0.00009,0.00001,0.00000,0.00000,0.00003,0.00001
13.72800,0.12794,0.00006,0.00018,0.99966,0.00006,0.00001,0.00000,0.00000,0.00003,0.00000
13.76000,0.12794,0.00005,0.00013,0.99971,0.00005,0.00002,0.00000,0.00000,0.00002,0.00000
13.79200,0.12794,0.00003,0.00009,0.99980,0.00006,0.00001,0.00000,0.00000,0.00001,0.00000
13.82400,0.12794,0.00001,0.00005,0.99991,0.00003,0.00000,0.00000,0.00000,0.00000,0.00000
13.85600,0.12794,0.00000,0.00002,0.99996,0.00002,0.00000,0.00000,0.00000,0.00000,0.00000
13.88800,0.12794,0.00000,0.00002,0.99996,0.00002,0.00000,0.00000,0.00000,0.00000,0.00000
13.92000,0.12794,0.00002,0.00002,0.99993,0.00002,0.00001,0.00000,0.00000,0.00000,0.00000
13.95200,0.12794,0.00010,0.00002,0.99967,0.00003,0.00014,0.00001,0.00000,0.00003,0.00000
13.98400,0.12794,0.00043,0.00005,0.99830,0.00009,0.00092,0.00003,0.00000,0.00018,0.00001
14.01600,0.12794,0.00022,0.00002,0.99920,0.00002,0.00045,0.00001,0.00000,0.00007,0.00000
14.04800,0.12794,0.00006,0.00001,0.99987,0.00001,0.00003,0.00000,0.00000,0.00001,0.00000
14.08000,0.12794,0.00002,0.00000,0.99996,0.00000,0.00001,0.00000,0.00000,0.00000,0.00000
14.11200,0.12794,0.00004,0.00000,0.99994,0.00000,0.00001,0.00000,0.00000,0.00000,0.00000
14.14400,0.12794,0.00001,0.00000,0.99999,0.00000,0.00000,0.00000,0.00000,0.00000,0.00000
14.17600,0.12794,0.00010,0.00000,0.99984,0.00000,0.00004,0.00000,0.00000,0.00001,0.00000
14.20800,0.12794,0.00008,0.00000,0.99988,0.00000,0.00002,0.00000,0.00000,0.00000,0.00000
14.24000,0.12794,0.00008,0.00000,0.99985,0.00000,0.00006,0.00000,0.00000,0.00001,0.00000
14.27200,0.12794,0.00019,0.00000,0.99963,0.00000,0.00013,0.00000,0.00000,0.00003,0.00001
14.30400,0.12794,0.00003,0.00000,0.99996,0.00000,0.00001,0.00000,0.00000,0.00000,0.00000
14.33600,0.12794,0.00009,0.00001,0.99985,0.00000,0.00003,0.00000,0.00000,0.00002,0.00001
14.36800,0.12794,0.00009,0.00002,0.99985,0.00000,0.00002,0.00000,0.00000,0.00001,0.00001
14.40000,0.12794,0.00022,0.00002,0.99955,0.00000,0.00014,0.00000,0.00000,0.00006,0.00001
14.43200,0.12794,0.00015,0.00001,0.99975,0.00000,0.00006,0.00000,0.00000,0.00002,0.00001
14.46400,0.12794,0.00007,0.00000,0.99984,0.00000,0.00007,0.00000,0.00000,0.00001,0.00000
14.49600,0.12794,0.00022,0.00000,0.99945,0.00000,0.00029,0.00000,0.00000,0.00004,0.00000
14.52800,0.12794,0.00005,0.00000,0.99992,0.00000,0.00003,0.00000,0.00000,0.00000,0.00000
14.56000,0.12794,0.00010,0.00000,0.99970,0.00000,0.00018,0.00000,0.00000,0.00001,0.00000
14.59200,0.12794,0.00012,0.00000,0.99979,0.00000,0.00008,0.00000,0.00000,0.00001,0.00000
14.62400,0.12794,0.00013,0.00000,0.99972,0.00000,0.00013,0.00000,0.00000,0.00002,0.00000
14.65600,0.12794,0.00322,0.00000,0.98591,0.00000,0.01046,0.00002,0.00000,0.00037,0.00001
14.68800,0.12794,0.00261,0.00000,0.99010,0.00000,0.00702,0.00001,0.00000,0.00025,0.00001
14.72000,0.12794,0.00023,0.00000,0.99950,0.00000,0.00025,0.00000,0.00000,0.00001,0.00000
14.75200,0.12794,0.00017,0.00000,0.99974,0.00000,0.00009,0.00000,0.00000,0.00001,0.00000
14.78400,0.12794,0.00007,0.00000,0.99991,0.00000,0.00001,0.00000,0.00000,0.00000,0.00000
14.81600,0.12794,0.00014,0.00001,0.99982,0.00000,0.00001,0.00000,0.00000,0.00001,0.00002
14.84800,0.12794,0.00109,0.00002,0.99857,0.00001,0.00010,0.00000,0.00000,0.00005,0.00016
14.88000,0.12794,0.00076,0.00002,0.99904,0.00000,0.00003,0.00000,0.00000,0.00002,0.00012
14.91200,0.12794,0.00051,0.00002,0.99934,0.00001,0.00001,0.00000,0.00000,0.00001,0.00008
14.94400,0.12794,0.00147,0.00003,0.99818,0.00004,0.00006,0.00002,0.00000,0.00004,0.00015
14.97600,0.12794,0.00445,0.00006,0.99448,0.00013,0.00031,0.00006,0.00000,0.00016,0.00034
15.00800,0.12794,0.00483,0.00008,0.99390,0.00025,0.00025,0.00009,0.00000,0.00015,0.00045
15.04000,0.12794,0.00202,0.00003,0.99747,0.00008,0.00003,0.00003,0.00000,0.00003,0.00031
15.07200,0.12794,0.00061,0.00002,0.99921,0.00003,0.00001,0.00001,0.00000,0.00001,0.00010
15.10400,0.12794,0.00042,0.00002,0.99948,0.00002,0.00001,0.00000,0.00000,0.00001,0.00005
15.13600,0.12794,0.00052,0.00001,0.99930,0.00001,0.00011,0.00001,0.00000,0.00001,0.00003
15.16800,0.12794,0.00066,0.00000,0.99824,0.00001,0.00101,0.00003,0.00000,0.00003,0.00002
15.20000,0.12794,0.00023,0.00000,0.99952,0.00000,0.00022,0.00002,0.00000,0.00001,0.00001
15.23200,0.12794,0.00002,0.00000,0.99997,0.00000,0.00000,0.00000,0.00000,0.00000,0.00000
15.26400,0.12794,0.00001,0.00000,0.99998,0.00000,0.00000,0.00000,0.00000,0.00000,0.00000
15.29600,0.12794,0.00009,0.00000,0.99987,0.00000,0.00002,0.00001,0.00000,0.00000,0.00001
15.32800,0.12794,0.00056,0.00000,0.99880,0.00000,0.00057,0.00004,0.00000,0.00001,0.00001
15.36000,0.12794,0.00106,0.00001,0.99734,0.00001,0.00145,0.00004,0.00000,0.00005,0.00003
15.39200,0.12794,0.00053,0.00002,0.99822,0.00001,0.00113,0.00002,0.00000,0.00006,0.00001
15.42400,0.12794,0.00018,0.00002,0.99956,0.00001,0.00019,0.00000,0.00000,0.00003,0.00001
15.45600,0.12794,0.00043,0.00009,0.99923,0.00004,0.00011,0.00001,0.00000,0.00007,0.00002
15.48800,0.12794,0.00299,0.00033,0.99329,0.00022,0.00199,0.00003,0.00000,0.00105,0.00009
15.52000,0.12794,0.00872,0.00052,0.98461,0.00044,0.00332,0.00008,0.00001,0.00197,0.00033
15.55200,0.12794,0.01071,0.00051,0.98358,0.00051,0.00231,0.00011,0.00001,0.00176,0.00051
15.58400,0.12794,0.00325,0.00022,0.99456,0.00021,0.00109,0.00006,0.00000,0.00050,0.00011
15.61600,0.12794,0.00292,0.00012,0.99366,0.00013,0.00256,0.00012,0.00000,0.00038,0.00009
15.64800,0.12794,0.00506,0.00013,0.98115,0.00018,0.01197,0.00021,0.00000,0.00120,0.00009
15.68000,0.12794,0.00413,0.00013,0.96355,0.00017,0.03021,0.00025,0.00000,0.00149,0.00005
15.71200,0.12794,0.00444,0.00019,0.95152,0.00025,0.04151,0.00034,0.00000,0.00170,0.00005
15.74400,0.12794,0.00107,0.00016,0.99308,0.00019,0.00494,0.00007,0.00000,0.00046,0.00001
15.77600,0.12794,0.00030,0.00012,0.99829,0.00013,0.00103,0.00004,0.00000,0.00009,0.00000
15.80800,0.12794,0.00014,0.00012,0.99934,0.00012,0.00023,0.00002,0.00000,0.00003,0.00000
15.84000,0.12794,0.00009,0.00007,0.99961,0.00008,0.00012,0.00002,0.00000,0.00002,0.00000
15.87200,0.12794,0.00016,0.00007,0.99931,0.00008,0.00030,0.00004,0.00000,0.00003,0.00000
15.90400,0.12794,0.00009,0.00003,0.99973,0.00005,0.00007,0.00003,0.00000,0.00001,0.00000
15.93600,0.12794,0.00018,0.00003,0.99946,0.00004,0.00022,0.00006,0.00000,0.00001,0.00000
15.96800,0.12794,0.00011,0.00001,0.99974,0.00002,0.00006,0.00004,0.00000,0.00000,0.00000
16.00000,0.12794,0.00012,0.00001,0.99975,0.00002,0.00005,0.00004,0.00000,0.00000,0.00000
16.03200,0.12794,0.00025,0.00001,0.99935,0.00002,0.00026,0.00009,0.00000,0.00001,0.00001
16.06400,0.12794,0.00055,0.00001,0.99796,0.00002,0.00130,0.00013,0.00000,0.00003,0.00001
16.09600,0.12794,0.00187,0.00001,0.98446,0.00003,0.01307,0.00037,0.00000,0.00016,0.00002
16.12800,0.12794,0.00114,0.00001,0.99313,0.00002,0.00532,0.00029,0.00000,0.00008,0.00001
16.16000,0.12794,0.00123,0.00001,0.99423,0.00002,0.00419,0.00022,0.00000,0.00009,0.00002
16.19200,0.12794,0.00029,0.00001,0.99926,0.00001,0.00031,0.00010,0.00000,0.00001,0.00000
16.22400,0.12794,0.00030,0.00001,0.99937,0.00001,0.00021,0.00009,0.00000,0.00001,0.00001
16.25600,0.12794,0.00068,0.00001,0.99864,0.00002,0.00039,0.00024,0.00000,0.00002,0.00001
16.28800,0.12794,0.00120,0.00002,0.99781,0.00005,0.00036,0.00052,0.00000,0.00002,0.00003
16.32000,0.12794,0.00404,0.00003,0.99259,0.00016,0.00086,0.00218,0.00000,0.00006,0.00009
16.35200,0.12794,0.00552,0.00002,0.99016,0.00021,0.00047,0.00344,0.00000,0.00005,0.00013
16.38400,0.12794,0.00568,0.00002,0.98961,0.00022,0.00019,0.00411,0.00000,0.00002,0.00015
16.41600,0.12794,0.00585,0.00001,0.98966,0.00027,0.00009,0.00392,0.00000,0.00002,0.00018
16.44800,0.12794,0.00634,0.00002,0.98964,0.00033,0.00021,0.00329,0.00000,0.00004,0.00014
16.48000,0.12794,0.00949,0.00004,0.98457,0.00036,0.00143,0.00384,0.00000,0.00016,0.00011
16.51200,0.12794,0.01768,0.00004,0.97423,0.00048,0.00202,0.00509,0.00000,0.00027,0.00019
16.54400,0.12794,0.02421,0.00004,0.96220,0.00084,0.00278,0.00950,0.00000,0.00032,0.00012
16.57600,0.12794,0.03352,0.00004,0.95299,0.00099,0.00107,0.01089,0.00000,0.00024,0.00026
16.60800,0.12794,0.02566,0.00003,0.96426,0.00099,0.00021,0.00846,0.00000,0.00010,0.00028
16.64000,0.12794,0.02032,0.00004,0.96908,0.00149,0.00015,0.00865,0.00000,0.00009,0.00017
16.67200,0.12794,0.03052,0.00004,0.96078,0.00119,0.00023,0.00668,0.00000,0.00018,0.00039
16.70400,0.12794,0.03018,0.00004,0.95950,0.00191,0.00009,0.00785,0.00000,0.00011,0.00032
16.73600,0.12794,0.02601,0.00003,0.96121,0.00183,0.00007,0.01057,0.00000,0.00006,0.00022
16.76800,0.12794,0.02999,0.00004,0.95909,0.00135,0.00037,0.00878,0.00000,0.00020,0.00019
16.80000,0.12794,0.01639,0.00002,0.97583,0.00073,0.00018,0.00667,0.00000,0.00008,0.00009
16.83200,0.12794,0.01343,0.00002,0.97742,0.00055,0.00052,0.00788,0.00000,0.00011,0.00006
16.86400,0.12794,0.01168,0.00002,0.98148,0.00052,0.00033,0.00580,0.00000,0.00009,0.00008
16.89600,0.12794,0.00757,0.00001,0.98557,0.00031,0.00009,0.00637,0.00000,0.00002,0.00006
16.92800,0.12794,0.00736,0.00001,0.98575,0.00036,0.00010,0.00634,0.00000,0.00003,0.00005
16.96000,0.12794,0.00793,0.00001,0.98621,0.00035,0.00008,0.00530,0.00000,0.00003,0.00010
16.99200,0.12794,0.01049,0.00002,0.98308,0.00032,0.00023,0.00567,0.00000,0.00005,0.00015
17.02400,0.12794,0.00565,0.00002,0.99125,0.00021,0.00044,0.00226,0.00000,0.00006,0.00011
17.05600,0.12794,0.00239,0.00003,0.99617,0.00012,0.00045,0.00073,0.00000,0.00005,0.00007
17.08800,0.12794,0.00191,0.00006,0.99595,0.00014,0.00139,0.00038,0.00000,0.00012,0.00006
17.12000,0.12794,0.00239,0.00014,0.99089,0.00021,0.00562,0.00025,0.00000,0.00046,0.00004
17.15200,0.12794,0.00308,0.00021,0.98557,0.00025,0.00966,0.00016,0.00000,0.00102,0.00005
17.18400,0.12794,0.00363,0.00010,0.98402,0.00011,0.01114,0.00013,0.00000,0.00080,0.00007
17.21600,0.12794,0.00095,0.00002,0.99779,0.00002,0.00109,0.00003,0.00000,0.00009,0.00002
17.24800,0.12794,0.00064,0.00001,0.99904,0.00001,0.00024,0.00001,0.00000,0.00002,0.00002
17.28000,0.12794,0.00074,0.00001,0.99905,0.00001,0.00014,0.00001,0.00000,0.00001,0.00003
17.31200,0.12794,0.00063,0.00001,0.99926,0.00001,0.00004,0.00001,0.00000,0.00001,0.00005
17.34400,0.12794,0.00092,0.00001,0.99889,0.00001,0.00007,0.00000,0.00000,0.00002,0.00008
17.37600,0.12794,0.00072,0.00001,0.99911,0.00000,0.00008,0.00000,0.00000,0.00002,0.00005
17.40800,0.12794,0.00059,0.00000,0.99921,0.00000,0.00014,0.00000,0.00000,0.00003,0.00002
17.44000,0.12794,0.00022,0.00000,0.99969,0.00000,0.00007,0.00000,0.00000,0.00002,0.00000
17.47200,0.12794,0.00019,0.00000,0.99958,0.00000,0.00020,0.00000,0.00000,0.00002,0.00000
17.50400,0.12794,0.00033,0.00000,0.99916,0.00000,0.00041,0.00000,0.00000,0.00009,0.00000
17.53600,0.12794,0.00009,0.00000,0.99986,0.00000,0.00003,0.00000,0.00000,0.00001,0.00000
17.56800,0.12794,0.00083,0.00002,0.99786,0.00000,0.00099,0.00000,0.00000,0.00028,0.00002
17.60000,0.12794,0.00052,0.00004,0.99904,0.00001,0.00022,0.00000,0.00000,0.00015,0.00003
17.63200,0.12794,0.00012,0.00002,0.99979,0.00000,0.00003,0.00000,0.00000,0.00002,0.00001
17.66400,0.12794,0.00040,0.00001,0.99845,0.00000,0.00095,0.00000,0.00000,0.00018,0.00001
17.69600,0.12794,0.00019,0.00000,0.99929,0.00000,0.00045,0.00000,0.00000,0.00005,0.00000
17.72800,0.12794,0.00010,0.00000,0.99932,0.00000,0.00055,0.00000,0.00000,0.00003,0.00000
17.76000,0.12794,0.00003,0.00000,0.99975,0.00000,0.00020,0.00000,0.00000,0.00001,0.00000
17.79200,0.12794,0.00001,0.00000,0.99997,0.00000,0.00002,0.00000,0.00000,0.00000,0.00000
17.82400,0.12794,0.00001,0.00000,0.99997,0.00000,0.00001,0.00000,0.00000,0.00000,0.00000
17.85600,0.12794,0.00001,0.00000,0.99999,0.00000,0.00000,0.00000,0.00000,0.00000,0.00000
17.88800,0.12794,0.00001,0.00000,0.99999,0.00000,0.00000,0.00000,0.00000,0.00000,0.00000
17.92000,0.12794,0.00000,0.00000,1.00000,0.00000,0.00000,0.00000,0.00000,0.00000,0.00000
17.95200,0.12794,0.00000,0.00000,1.00000,0.00000,0.00000,0.00000,0.00000,0.00000,0.00000
17.98400,0.12794,0.00000,0.00000,0.99999,0.00000,0.00000,0.00000,0.00000,0.00000,0.00000
18.01600,0.12794,0.00000,0.00001,0.99997,0.00002,0.00000,0.00000,0.00000,0.00000,0.00000
18.04800,0.12794,0.00002,0.00003,0.99988,0.00006,0.00000,0.00001,0.00000,0.00000,0.00000
18.08000,0.12794,0.00005,0.00004,0.99975,0.00012,0.00001,0.00002,0.00000,0.00000,0.00000
18.11200,0.12794,0.00002,0.00004,0.99984,0.00008,0.00001,0.00001,0.00000,0.00000,0.00000
18.14400,0.12794,0.00001,0.00002,0.99994,0.00003,0.00000,0.00000,0.00000,0.00000,0.00000
18.17600,0.12794,0.00001,0.00002,0.99994,0.00002,0.00000,0.00000,0.00000,0.00000,0.00000
18.20800,0.12794,0.00002,0.00002,0.99992,0.00002,0.00001,0.00000,0.00000,0.00000,0.00000
18.24000,0.12794,0.00001,0.00001,0.99998,0.00001,0.00000,0.00000,0.00000,0.00000,0.00000
18.27200,0.12794,0.00002,0.00002,0.99994,0.00001,0.00000,0.00000,0.00000,0.00000,0.00000
18.30400,0.12794,0.00004,0.00005,0.99988,0.00003,0.00000,0.00000,0.00000,0.00000,0.00000
18.33600,0.12794,0.00011,0.00012,0.99966,0.00006,0.00002,0.00000,0.00000,0.00002,0.00001
18.36800,0.12794,0.00082,0.00039,0.99759,0.00023,0.00055,0.00003,0.00000,0.00037,0.00003
18.40000,0.12794,0.00016,0.00025,0.99929,0.00016,0.00006,0.00001,0.00000,0.00007,0.00001
18.43200,0.12794,0.00007,0.00012,0.99968,0.00008,0.00001,0.00000,0.00000,0.00002,0.00000
18.46400,0.12794,0.00003,0.00013,0.99974,0.00008,0.00001,0.00000,0.00000,0.00001,0.00000
18.49600,0.12794,0.00002,0.00011,0.99982,0.00005,0.00000,0.00000,0.00000,0.00000,0.00000
18.52800,0.12794,0.00004,0.00012,0.99975,0.00006,0.00001,0.00000,0.00000,0.00001,0.00000
18.56000,0.12794,0.00004,0.00011,0.99974,0.00009,0.00001,0.00000,0.00000,0.00001,0.00000
18.59200,0.12794,0.00005,0.00004,0.99985,0.00004,0.00001,0.00000,0.00000,0.00001,0.00000
18.62400,0.12794,0.00007,0.00003,0.99983,0.00006,0.00001,0.00001,0.00000,0.00000,0.00000
18.65600,0.12794,0.00001,0.00001,0.99997,0.00002,0.00000,0.00000,0.00000,0.00000,0.00000
18.68800,0.12794,0.00000,0.00000,0.99999,0.00000,0.00000,0.00000,0.00000,0.00000,0.00000
18.72000,0.12794,0.00000,0.00000,0.99999,0.00000,0.00000,0.00000,0.00000,0.00000,0.00000
18.75200,0.12794,0.00000,0.00000,0.99999,0.00000,0.00000,0.00000,0.00000,0.00000,0.00000
18.78400,0.12794,0.00001,0.00000,0.99998,0.00000,0.00000,0.00000,0.00000,0.00000,0.00000
18.81600,0.12794,0.00001,0.00000,0.99998,0.00000,0.00001,0.00000,0.00000,0.00000,0.00000
18.84800,0.12794,0.00000,0.00000,1.00000,0.00000,0.00000,0.00000,0.00000,0.00000,0.00000
18.88000,0.12794,0.00001,0.00000,0.99999,0.00000,0.00000,0.00000,0.00000,0.00000,0.00000
18.91200,0.12794,0.00003,0.00000,0.99995,0.00000,0.00002,0.00000,0.00000,0.00000,0.00000
18.94400,0.12794,0.00006,0.00000,0.99990,0.00000,0.00002,0.00000,0.00000,0.00001,0.00000
18.97600,0.12794,0.00005,0.00000,0.99993,0.00000,0.00001,0.00000,0.00000,0.00000,0.00000
19.00800,0.12794,0.00008,0.00000,0.99987,0.00000,0.00003,0.00000,0.00000,0.00001,0.00000
19.04000,0.12794,0.00007,0.00001,0.99990,0.00000,0.00001,0.00000,0.00000,0.00001,0.00000
19.07200,0.12794,0.00017,0.00001,0.99975,0.00000,0.00004,0.00000,0.00000,0.00002,0.00001
19.10400,0.12794,0.00013,0.00001,0.99980,0.00000,0.00003,0.00000,0.00000,0.00002,0.00001
19.13600,0.12794,0.00007,0.00000,0.99990,0.00000,0.00001,0.00000,0.00000,0.00001,0.00000
19.16800,0.12794,0.00012,0.00001,0.99982,0.00000,0.00003,0.00000,0.00000,0.00001,0.00000
19.20000,0.12794,0.00005,0.00000,0.99991,0.00000,0.00002,0.00000,0.00000,0.00001,0.00000
19.23200,0.12794,0.00013,0.00000,0.99978,0.00000,0.00006,0.00000,0.00000,0.00002,0.00000
19.26400,0.12794,0.00002,0.00000,0.99998,0.00000,0.00000,0.00000,0.00000,0.00000,0.00000
19.29600,0.12794,0.00004,0.00000,0.99995,0.00000,0.00001,0.00000,0.00000,0.00000,0.00000
19.32800,0.12794,0.00024,0.00000,0.99968,0.00000,0.00006,0.00000,0.00000,0.00001,0.00000
19.36000,0.12794,0.00039,0.00000,0.99926,0.00000,0.00033,0.00000,0.00000,0.00002,0.00000
19.39200,0.12794,0.00038,0.00000,0.99922,0.00000,0.00039,0.00000,0.00000,0.00002,0.00000
19.42400,0.12794,0.00009,0.00000,0.99988,0.00000,0.00003,0.00000,0.00000,0.00000,0.00000
19.45600,0.12794,0.00004,0.00000,0.99995,0.00000,0.00001,0.00000,0.00000,0.00000,0.00000
19.48800,0.12794,0.00008,0.00000,0.99989,0.00000,0.00001,0.00000,0.00000,0.00000,0.00001
19.52000,0.12794,0.00029,0.00001,0.99962,0.00000,0.00002,0.00000,0.00000,0.00001,0.00005
19.55200,0.12794,0.00030,0.00001,0.99962,0.00000,0.00001,0.00000,0.00000,0.00000,0.00006
19.58400,0.12794,0.00019,0.00001,0.99976,0.00000,0.00000,0.00000,0.00000,0.00000,0.00003
19.61600,0.12794,0.00059,0.00001,0.99929,0.00001,0.00002,0.00001,0.00000,0.00001,0.00006
19.64800,0.12794,0.00134,0.00002,0.99841,0.00004,0.00003,0.00001,0.00000,0.00002,0.00014
19.68000,0.12794,0.00319,0.00005,0.99618,0.00010,0.00013,0.00003,0.00000,0.00007,0.00025
19.71200,0.12794,0.00510,0.00006,0.99394,0.00012,0.00020,0.00005,0.00000,0.00010,0.00044
19.74400,0.12794,0.00092,0.00002,0.99889,0.00003,0.00002,0.00001,0.00000,0.00001,0.00010
19.77600,0.12794,0.00079,0.00002,0.99900,0.00002,0.00010,0.00001,0.00000,0.00002,0.00005
19.80800,0.12794,0.00041,0.00001,0.99945,0.00001,0.00008,0.00001,0.00000,0.00002,0.00002
19.84000,0.12794,0.00021,0.00001,0.99973,0.00000,0.00002,0.00000,0.00000,0.00001,0.00001
19.87200,0.12794,0.00013,0.00000,0.99984,0.00000,0.00001,0.00000,0.00000,0.00000,0.00001
19.90400,0.12794,0.00004,0.00000,0.99995,0.00000,0.00000,0.00000,0.00000,0.00000,0.00001
19.93600,0.12794,0.00008,0.00000,0.99991,0.00000,0.00000,0.00000,0.00000,0.00000,0.00001
19.96800,0.12794,0.00016,0.00000,0.99979,0.00000,0.00002,0.00001,0.00000,0.00000,0.00001
20.00000,0.12794,0.00082,0.00000,0.99796,0.00000,0.00113,0.00004,0.00000,0.00002,0.00002
20.03200,0.12794,0.00067,0.00001,0.99839,0.00001,0.00086,0.00002,0.00000,0.00003,0.00002
20.06400,0.12794,0.00036,0.00001,0.99906,0.00001,0.00049,0.00001,0.00000,0.00004,0.00001
20.09600,0.12794,0.00025,0.00002,0.99962,0.00001,0.00007,0.00000,0.00000,0.00002,0.00001
20.12800,0.12794,0.00017,0.00004,0.99973,0.00002,0.00002,0.00000,0.00000,0.00001,0.00001
20.16000,0.12794,0.00073,0.00012,0.99863,0.00008,0.00024,0.00001,0.00000,0.00015,0.00003
20.19200,0.12794,0.00152,0.00024,0.99719,0.00016,0.00050,0.00002,0.00000,0.00031,0.00006
20.22400,0.12794,0.00153,0.00022,0.99639,0.00015,0.00118,0.00003,0.00000,0.00046,0.00004
20.25600,0.12794,0.00410,0.00027,0.98810,0.00020,0.00575,0.00008,0.00000,0.00142,0.00009
20.28800,0.12794,0.00305,0.00027,0.98857,0.00018,0.00597,0.00003,0.00000,0.00188,0.00005
20.32000,0.12794,0.00302,0.00033,0.98090,0.00028,0.01329,0.00007,0.00000,0.00208,0.00003
20.35200,0.12794,0.00359,0.00038,0.93978,0.00038,0.05190,0.00012,0.00000,0.00382,0.00002
20.38400,0.12794,0.00110,0.00037,0.97166,0.00037,0.02511,0.00009,0.00000,0.00129,0.00001
20.41600,0.12794,0.00049,0.00024,0.98795,0.00029,0.01061,0.00015,0.00000,0.00026,0.00000
20.44800,0.12794,0.00019,0.00014,0.99743,0.00015,0.00195,0.00005,0.00000,0.00008,0.00000
20.48000,0.12794,0.00015,0.00010,0.99887,0.00011,0.00068,0.00004,0.00000,0.00004,0.00000
20.51200,0.12794,0.00015,0.00009,0.99925,0.00010,0.00033,0.00004,0.00000,0.00003,0.00000
20.54400,0.12794,0.00029,0.00007,0.99871,0.00008,0.00075,0.00005,0.00000,0.00005,0.00001
20.57600,0.12794,0.00031,0.00004,0.99912,0.00006,0.00038,0.00006,0.00000,0.00003,0.00001
20.60800,0.12794,0.00044,0.00003,0.99891,0.00004,0.00046,0.00008,0.00000,0.00003,0.00002
20.64000,0.12794,0.00049,0.00002,0.99910,0.00003,0.00024,0.00008,0.00000,0.00002,0.00003
20.67200,0.12794,0.00032,0.00001,0.99943,0.00002,0.00012,0.00006,0.00000,0.00001,0.00002
20.70400,0.12794,0.00057,0.00002,0.99875,0.00003,0.00048,0.00010,0.00000,0.00003,0.00002
20.73600,0.12794,0.00041,0.00001,0.99869,0.00002,0.00077,0.00006,0.00000,0.00003,0.00001
20.76800,0.12794,0.00031,0.00001,0.99837,0.00001,0.00123,0.00004,0.00000,0.00003,0.00001
20.80000,0.12794,0.00034,0.00001,0.99722,0.00001,0.00235,0.00004,0.00000,0.00004,0.00000
20.83200,0.12794,0.00021,0.00000,0.99889,0.00000,0.00085,0.00003,0.00000,0.00002,0.00000
20.86400,0.12794,0.00015,0.00000,0.99963,0.00001,0.00017,0.00003,0.00000,0.00001,0.00000
20.89600,0.12794,0.00024,0.00001,0.99952,0.00001,0.00015,0.00006,0.00000,0.00001,0.00001
20.92800,0.12794,0.00028,0.00001,0.99950,0.00002,0.00008,0.00011,0.00000,0.00001,0.00001
20.96000,0.12794,0.00175,0.00002,0.99659,0.00004,0.00100,0.00052,0.00000,0.00006,0.00003
20.99200,0.12794,0.00274,0.00002,0.99537,0.00008,0.00085,0.00084,0.00000,0.00007,0.00004
21.02400,0.12794,0.00647,0.00002,0.98944,0.00013,0.00150,0.00225,0.00000,0.00010,0.00008
21.05600,0.12794,0.01187,0.00002,0.98254,0.00024,0.00077,0.00425,0.00000,0.00009,0.00021
21.08800,0.12794,0.00883,0.00002,0.98571,0.00049,0.00009,0.00462,0.00000,0.00003,0.00023
21.12000,0.12794,0.01714,0.00002,0.97485,0.00045,0.00014,0.00694,0.00000,0.00004,0.00042
21.15200,0.12794,0.01305,0.00001,0.98005,0.00030,0.00001,0.00617,0.00000,0.00001,0.00041
21.18400,0.12794,0.01667,0.00001,0.97775,0.00022,0.00017,0.00482,0.00000,0.00004,0.00031
21.21600,0.12794,0.01292,0.00001,0.98267,0.00014,0.00030,0.00375,0.00000,0.00006,0.00014
21.24800,0.12794,0.00973,0.00001,0.98746,0.00013,0.00021,0.00229,0.00000,0.00005,0.00012
21.28000,0.12794,0.00662,0.00002,0.99131,0.00018,0.00036,0.00138,0.00000,0.00009,0.00006
21.31200,0.12794,0.00439,0.00001,0.99394,0.00016,0.00004,0.00139,0.00000,0.00002,0.00005
21.34400,0.12794,0.00548,0.00001,0.99250,0.00025,0.00002,0.00165,0.00000,0.00001,0.00008
21.37600,0.12794,0.00592,0.00001,0.99094,0.00060,0.00001,0.00244,0.00000,0.00001,0.00007
21.40800,0.12794,0.01865,0.00002,0.97534,0.00095,0.00007,0.00471,0.00000,0.00005,0.00021
21.44000,0.12794,0.01900,0.00002,0.97415,0.00104,0.00006,0.00549,0.00000,0.00006,0.00018
21.47200,0.12794,0.01305,0.00001,0.98035,0.00075,0.00004,0.00565,0.00000,0.00003,0.00012
21.50400,0.12794,0.01069,0.00001,0.98561,0.00027,0.00013,0.00314,0.00000,0.00005,0.00010
21.53600,0.12794,0.00356,0.00001,0.99426,0.00026,0.00002,0.00185,0.00000,0.00001,0.00003
21.56800,0.12794,0.00407,0.00001,0.99317,0.00027,0.00002,0.00241,0.00000,0.00001,0.00004
21.60000,0.12794,0.00651,0.00001,0.99007,0.00026,0.00005,0.00301,0.00000,0.00002,0.00007
21.63200,0.12794,0.00926,0.00002,0.98272,0.00077,0.00012,0.00698,0.00000,0.00005,0.00008
21.66400,0.12794,0.01110,0.00002,0.98123,0.00046,0.00025,0.00675,0.00000,0.00006,0.00013
21.69600,0.12794,0.00390,0.00002,0.99382,0.00020,0.00046,0.00149,0.00000,0.00006,0.00005
21.72800,0.12794,0.00144,0.00003,0.99726,0.00011,0.00065,0.00043,0.00000,0.00005,0.00002
21.76000,0.12794,0.00101,0.00002,0.99809,0.00005,0.00059,0.00020,0.00000,0.00003,0.00003
21.79200,0.12794,0.00140,0.00003,0.99705,0.00005,0.00123,0.00009,0.00000,0.00010,0.00004
21.82400,0.12794,0.00209,0.00004,0.99624,0.00005,0.00127,0.00007,0.00000,0.00016,0.00007
21.85600,0.12794,0.00258,0.00003,0.99532,0.00003,0.00171,0.00006,0.00000,0.00017,0.00010
21.88800,0.12794,0.00098,0.00001,0.99867,0.00001,0.00024,0.00001,0.00000,0.00004,0.00004
21.92000,0.12794,0.00112,0.00001,0.99848,0.00001,0.00028,0.00002,0.00000,0.00003,0.00005
21.95200,0.12794,0.00177,0.00001,0.99780,0.00002,0.00023,0.00003,0.00000,0.00003,0.00012
21.98400,0.12794,0.00312,0.00003,0.99624,0.00003,0.00020,0.00003,0.00000,0.00005,0.00029
22.01600,0.12794,0.01926,0.00005,0.97620,0.00011,0.00234,0.00034,0.00000,0.00024,0.00146
22.04800,0.12794,0.01106,0.00002,0.98672,0.00004,0.00083,0.00025,0.00000,0.00006,0.00101
22.08000,0.12794,0.00371,0.00001,0.99564,0.00002,0.00026,0.00017,0.00000,0.00002,0.00017
22.11200,0.12794,0.00221,0.00001,0.99734,0.00002,0.00018,0.00013,0.00000,0.00001,0.00010
22.14400,0.12794,0.00108,0.00001,0.99872,0.00001,0.00008,0.00004,0.00000,0.00001,0.00005
22.17600,0.12794,0.00381,0.00002,0.99517,0.00003,0.00061,0.00007,0.00000,0.00015,0.00014
22.20800,0.12794,0.00576,0.00009,0.99239,0.00003,0.00075,0.00004,0.00000,0.00037,0.00056
22.24000,0.12794,0.01945,0.00022,0.97047,0.00004,0.00488,0.00005,0.00008,0.00373,0.00108
22.27200,0.12794,0.02376,0.00022,0.94257,0.00003,0.01966,0.00003,0.00020,0.01295,0.00058
22.30400,0.12794,0.00430,0.00014,0.99060,0.00001,0.00278,0.00001,0.00004,0.00194,0.00020
22.33600,0.12794,0.01192,0.00006,0.90653,0.00000,0.06806,0.00001,0.00013,0.01317,0.00011
22.36800,0.12794,0.02120,0.00005,0.85561,0.00001,0.10538,0.00001,0.00015,0.01739,0.00021
22.40000,0.12794,0.02920,0.00005,0.87235,0.00001,0.08563,0.00002,0.00015,0.01211,0.00048
22.43200,0.12794,0.06367,0.00003,0.71871,0.00001,0.20100,0.00005,0.00027,0.01544,0.00083
22.46400,0.12794,0.08972,0.00011,0.83569,0.00004,0.05825,0.00015,0.00037,0.01160,0.00408
22.49600,0.12794,0.07416,0.00034,0.89395,0.00016,0.01577,0.00024,0.00018,0.00533,0.00987
22.52800,0.12794,0.01363,0.00033,0.98059,0.00018,0.00050,0.00007,0.00001,0.00050,0.00418
22.56000,0.12794,0.00315,0.00032,0.99370,0.00022,0.00001,0.00002,0.00000,0.00004,0.00254
22.59200,0.12794,0.00206,0.00028,0.99620,0.00014,0.00001,0.00001,0.00000,0.00004,0.00127
22.62400,0.12794,0.00027,0.00006,0.99951,0.00003,0.00000,0.00000,0.00000,0.00000,0.00012
22.65600,0.12794,0.00085,0.00015,0.99856,0.00011,0.00000,0.00001,0.00000,0.00002,0.00030
22.68800,0.12794,0.00979,0.00063,0.98607,0.00049,0.00043,0.00008,0.00000,0.00094,0.00156
22.72000,0.12794,0.01576,0.00052,0.97816,0.00068,0.00114,0.00031,0.00000,0.00099,0.00242
22.75200,0.12794,0.02757,0.00164,0.95863,0.00189,0.00328,0.00053,0.00001,0.00299,0.00346
22.78400,0.12794,0.01337,0.00175,0.97356,0.00177,0.00442,0.00027,0.00000,0.00407,0.00080
22.81600,0.12794,0.00196,0.00099,0.99496,0.00114,0.00027,0.00006,0.00000,0.00048,0.00014
22.84800,0.12794,0.00142,0.00212,0.99365,0.00195,0.00014,0.00004,0.00000,0.00060,0.00010
22.88000,0.12794,0.00489,0.00240,0.98593,0.00253,0.00105,0.00011,0.00000,0.00280,0.00028
22.91200,0.12794,0.01042,0.00219,0.97783,0.00246,0.00185,0.00022,0.00000,0.00424,0.00078
22.94400,0.12794,0.04930,0.00400,0.89959,0.00387,0.01475,0.00075,0.00007,0.02318,0.00449
22.97600,0.12794,0.06859,0.00289,0.85638,0.00337,0.03529,0.00151,0.00011,0.02669,0.00517
23.00800,0.12794,0.04701,0.00287,0.89741,0.00383,0.02483,0.00131,0.00005,0.02009,0.00258
23.04000,0.12794,0.01308,0.00185,0.97349,0.00268,0.00406,0.00052,0.00000,0.00348,0.00083
23.07200,0.12794,0.00258,0.00115,0.99255,0.00157,0.00101,0.00016,0.00000,0.00089,0.00009
23.10400,0.12794,0.00089,0.00132,0.99525,0.00147,0.00041,0.00005,0.00000,0.00058,0.00002
23.13600,0.12794,0.00109,0.00119,0.99454,0.00156,0.00080,0.00007,0.00000,0.00073,0.00002
23.16800,0.12794,0.01123,0.00263,0.94428,0.00310,0.02463,0.00036,0.00001,0.01361,0.00014
23.20000,0.12794,0.02022,0.00289,0.95033,0.00445,0.00992,0.00046,0.00001,0.01126,0.00047
23.23200,0.12794,0.01615,0.00181,0.97410,0.00294,0.00106,0.00030,0.00000,0.00245,0.00118
23.26400,0.12794,0.01291,0.00194,0.97880,0.00237,0.00020,0.00014,0.00000,0.00105,0.00258
23.29600,0.12794,0.00716,0.00072,0.98733,0.00133,0.00003,0.00013,0.00000,0.00016,0.00312
23.32800,0.12794,0.00646,0.00028,0.99066,0.00060,0.00012,0.00020,0.00000,0.00017,0.00150
23.36000,0.12794,0.00819,0.00015,0.98940,0.00025,0.00035,0.00015,0.00000,0.00024,0.00127
23.39200,0.12794,0.00895,0.00015,0.98836,0.00016,0.00028,0.00009,0.00000,0.00022,0.00178
23.42400,0.12794,0.00831,0.00025,0.98876,0.00010,0.00024,0.00003,0.00000,0.00030,0.00202
23.45600,0.12794,0.00766,0.00023,0.98936,0.00005,0.00037,0.00001,0.00001,0.00053,0.00179
23.48800,0.12794,0.00823,0.00010,0.98730,0.00002,0.00255,0.00001,0.00002,0.00103,0.00074
23.52000,0.12794,0.01117,0.00003,0.94808,0.00001,0.03668,0.00001,0.00005,0.00377,0.00020
23.55200,0.12794,0.01404,0.00001,0.74433,0.00000,0.23109,0.00002,0.00009,0.01035,0.00007
23.58400,0.12794,0.01811,0.00001,0.47872,0.00000,0.48552,0.00001,0.00018,0.01738,0.00006
23.61600,0.12794,0.02861,0.00003,0.62112,0.00000,0.32190,0.00002,0.00051,0.02764,0.00018
23.64800,0.12794,0.00723,0.00004,0.94792,0.00000,0.03881,0.00001,0.00011,0.00577,0.00011
23.68000,0.12794,0.00595,0.00004,0.94252,0.00000,0.04385,0.00001,0.00007,0.00751,0.00006
23.71200,0.12794,0.00762,0.00005,0.93775,0.00001,0.04710,0.00001,0.00006,0.00734,0.00008
23.74400,0.12794,0.00611,0.00007,0.97740,0.00001,0.01272,0.00001,0.00003,0.00354,0.00011
23.77600,0.12794,0.00810,0.00007,0.98466,0.00001,0.00470,0.00001,0.00001,0.00226,0.00018
23.80800,0.12794,0.00407,0.00007,0.99431,0.00002,0.00083,0.00001,0.00000,0.00043,0.00026
23.84000,0.12794,0.00700,0.00008,0.99064,0.00003,0.00111,0.00003,0.00001,0.00087,0.00024
23.87200,0.12794,0.00550,0.00003,0.99232,0.00003,0.00146,0.00006,0.00000,0.00050,0.00010
23.90400,0.12794,0.00766,0.00002,0.98854,0.00002,0.00312,0.00011,0.00000,0.00043,0.00010
23.93600,0.12794,0.00704,0.00000,0.99084,0.00001,0.00170,0.00018,0.00000,0.00014,0.00008
23.96800,0.12794,0.00195,0.00000,0.99754,0.00001,0.00034,0.00010,0.00000,0.00002,0.00005
24.00000,0.12794,0.01538,0.00000,0.98189,0.00002,0.00198,0.00035,0.00000,0.00016,0.00022
24.03200,0.12794,0.02061,0.00001,0.97482,0.00003,0.00362,0.00043,0.00000,0.00023,0.00026
24.06400,0.12794,0.00400,0.00001,0.99547,0.00001,0.00034,0.00004,0.00000,0.00005,0.00008
24.09600,0.12794,0.00535,0.00001,0.99387,0.00002,0.00044,0.00006,0.00000,0.00008,0.00018
24.12800,0.12794,0.00155,0.00001,0.99810,0.00001,0.00015,0.00002,0.00000,0.00002,0.00014
24.16000,0.12794,0.00321,0.00002,0.99596,0.00002,0.00030,0.00005,0.00000,0.00005,0.00038
24.19200,0.12794,0.00968,0.00006,0.98663,0.00004,0.00196,0.00016,0.00001,0.00026,0.00120
24.22400,0.12794,0.00249,0.00002,0.99675,0.00001,0.00028,0.00002,0.00000,0.00006,0.00036
24.25600,0.12794,0.00301,0.00004,0.99617,0.00003,0.00022,0.00003,0.00000,0.00006,0.00044
24.28800,0.12794,0.00175,0.00005,0.99770,0.00003,0.00007,0.00001,0.00000,0.00003,0.00036
24.32000,0.12794,0.00707,0.00023,0.99075,0.00026,0.00022,0.00006,0.00000,0.00017,0.00124
24.35200,0.12794,0.00920,0.00057,0.98728,0.00078,0.00022,0.00007,0.00000,0.00026,0.00162
24.38400,0.12794,0.00659,0.00047,0.99066,0.00069,0.00008,0.00004,0.00000,0.00015,0.00132
24.41600,0.12794,0.00105,0.00010,0.99854,0.00011,0.00001,0.00001,0.00000,0.00002,0.00017
24.44800,0.12794,0.00033,0.00002,0.99958,0.00001,0.00001,0.00000,0.00000,0.00000,0.00004
24.48000,0.12794,0.00092,0.00002,0.99887,0.00002,0.00002,0.00001,0.00000,0.00001,0.00012
24.51200,0.12794,0.00026,0.00000,0.99969,0.00000,0.00001,0.00000,0.00000,0.00000,0.00003
24.54400,0.12794,0.00058,0.00000,0.99927,0.00001,0.00006,0.00002,0.00000,0.00001,0.00005
24.57600,0.12794,0.00030,0.00000,0.99963,0.00000,0.00002,0.00002,0.00000,0.00000,0.00003
24.60800,0.12794,0.00014,0.00000,0.99980,0.00000,0.00003,0.00001,0.00000,0.00000,0.00001
24.64000,0.12794,0.00060,0.00000,0.99884,0.00000,0.00048,0.00005,0.00000,0.00001,0.00002
24.67200,0.12794,0.00061,0.00000,0.99864,0.00000,0.00066,0.00006,0.00000,0.00001,0.00002
24.70400,0.12794,0.00012,0.00000,0.99981,0.00000,0.00006,0.00001,0.00000,0.00000,0.00000
24.73600,0.12794,0.00002,0.00000,0.99997,0.00000,0.00000,0.00000,0.00000,0.00000,0.00000
24.76800,0.12794,0.00001,0.00000,0.99999,0.00000,0.00000,0.00000,0.00000,0.00000,0.00000
24.80000,0.12794,0.00001,0.00000,0.99999,0.00000,0.00000,0.00000,0.00000,0.00000,0.00000
24.83200,0.12794,0.00008,0.00002,0.99985,0.00001,0.00003,0.00000,0.00000,0.00001,0.00000
24.86400,0.12794,0.00039,0.00005,0.99890,0.00002,0.00049,0.00001,0.00000,0.00014,0.00001
24.89600,0.12794,0.00111,0.00008,0.99588,0.00004,0.00239,0.00002,0.00000,0.00047,0.00002
24.92800,0.12794,0.00135,0.00007,0.99615,0.00005,0.00198,0.00003,0.00000,0.00034,0.00003
24.96000,0.12794,0.00021,0.00002,0.99942,0.00001,0.00030,0.00001,0.00000,0.00003,0.00000
24.99200,0.12794,0.00007,0.00001,0.99987,0.00001,0.00003,0.00000,0.00000,0.00001,0.00000
25.02400,0.12794,0.00004,0.00001,0.99991,0.00001,0.00003,0.00000,0.00000,0.00000,0.00000
25.05600,0.12794,0.00006,0.00001,0.99984,0.00001,0.00006,0.00000,0.00000,0.00001,0.00000
25.08800,0.12794,0.00020,0.00004,0.99954,0.00004,0.00014,0.00001,0.00000,0.00003,0.00001
25.12000,0.12794,0.00023,0.00006,0.99937,0.00006,0.00023,0.00002,0.00000,0.00003,0.00001
25.15200,0.12794,0.00023,0.00006,0.99936,0.00007,0.00021,0.00003,0.00000,0.00003,0.00001
25.18400,0.12794,0.00012,0.00004,0.99965,0.00007,0.00009,0.00002,0.00000,0.00001,0.00000
25.21600,0.12794,0.00018,0.00005,0.99927,0.00008,0.00034,0.00004,0.00000,0.00003,0.00000
25.24800,0.12794,0.00024,0.00004,0.99915,0.00008,0.00038,0.00007,0.00000,0.00003,0.00001
25.28000,0.12794,0.00018,0.00003,0.99950,0.00006,0.00015,0.00006,0.00000,0.00001,0.00001
25.31200,0.12794,0.00010,0.00002,0.99976,0.00003,0.00003,0.00004,0.00000,0.00000,0.00000
25.34400,0.12794,0.00003,0.00001,0.99992,0.00002,0.00001,0.00002,0.00000,0.00000,0.00000
25.37600,0.12794,0.00005,0.00001,0.99989,0.00002,0.00001,0.00003,0.00000,0.00000,0.00000
25.40800,0.12794,0.00004,0.00001,0.99990,0.00002,0.00001,0.00003,0.00000,0.00000,0.00000
25.44000,0.12794,0.00006,0.00001,0.99986,0.00001,0.00002,0.00003,0.00000,0.00000,0.00000
25.47200,0.12794,0.00018,0.00001,0.99959,0.00003,0.00010,0.00007,0.00000,0.00001,0.00000
25.50400,0.12794,0.00017,0.00001,0.99967,0.00003,0.00006,0.00006,0.00000,0.00001,0.00000
25.53600,0.12794,0.00016,0.00001,0.99971,0.00003,0.00003,0.00006,0.00000,0.00000,0.00000
25.56800,0.12794,0.00024,0.00001,0.99960,0.00005,0.00001,0.00008,0.00000,0.00000,0.00001
25.60000,0.12794,0.00034,0.00001,0.99937,0.00008,0.00001,0.00018,0.00000,0.00000,0.00001
25.63200,0.12794,0.00078,0.00002,0.99868,0.00014,0.00001,0.00033,0.00000,0.00000,0.00004
25.66400,0.12794,0.00150,0.00002,0.99744,0.00021,0.00001,0.00073,0.00000,0.00001,0.00007
25.69600,0.12794,0.00181,0.00002,0.99677,0.00025,0.00001,0.00107,0.00000,0.00000,0.00008
25.72800,0.12794,0.00129,0.00001,0.99768,0.00018,0.00000,0.00076,0.00000,0.00000,0.00008
25.76000,0.12794,0.00161,0.00001,0.99709,0.00020,0.00000,0.00103,0.00000,0.00000,0.00006
25.79200,0.12794,0.00187,0.00000,0.99685,0.00015,0.00000,0.00103,0.00000,0.00000,0.00010
25.82400,0.12794,0.00285,0.00001,0.99370,0.00047,0.00000,0.00289,0.00000,0.00000,0.00008
25.85600,0.12794,0.00746,0.00000,0.98553,0.00057,0.00000,0.00625,0.00000,0.00000,0.00018
25.88800,0.12794,0.00801,0.00000,0.98330,0.00067,0.00000,0.00784,0.00000,0.00000,0.00018
25.92000,0.12794,0.01217,0.00001,0.97636,0.00102,0.00001,0.01028,0.00000,0.00001,0.00015
25.95200,0.12794,0.00684,0.00000,0.98929,0.00031,0.00000,0.00345,0.00000,0.00000,0.00010
25.98400,0.12794,0.00420,0.00000,0.99289,0.00043,0.00000,0.00244,0.00000,0.00000,0.00004
26.01600,0.12794,0.00382,0.00001,0.99342,0.00055,0.00000,0.00217,0.00000,0.00000,0.00003
26.04800,0.12794,0.00180,0.00001,0.99657,0.00055,0.00000,0.00106,0.00000,0.00000,0.00002
26.08000,0.12794,0.00431,0.00001,0.99251,0.00093,0.00000,0.00221,0.00000,0.00000,0.00003
26.11200,0.12794,0.00430,0.00001,0.99272,0.00069,0.00000,0.00224,0.00000,0.00001,0.00003
26.14400,0.12794,0.00327,0.00001,0.99434,0.00054,0.00000,0.00181,0.00000,0.00000,0.00003
26.17600,0.12794,0.00883,0.00001,0.98506,0.00069,0.00002,0.00530,0.00000,0.00001,0.00008
26.20800,0.12794,0.00408,0.00001,0.99227,0.00045,0.00001,0.00315,0.00000,0.00001,0.00004
26.24000,0.12794,0.00344,0.00000,0.99373,0.00026,0.00001,0.00252,0.00000,0.00000,0.00003
26.27200,0.12794,0.00386,0.00001,0.99346,0.00018,0.00003,0.00241,0.00000,0.00001,0.00003
26.30400,0.12794,0.00163,0.00000,0.99714,0.00009,0.00000,0.00111,0.00000,0.00000,0.00002
26.33600,0.12794,0.00224,0.00000,0.99632,0.00011,0.00001,0.00128,0.00000,0.00000,0.00003
26.36800,0.12794,0.00166,0.00001,0.99736,0.00011,0.00003,0.00080,0.00000,0.00001,0.00002
26.40000,0.12794,0.00101,0.00002,0.99832,0.00013,0.00006,0.00043,0.00000,0.00001,0.00002
26.43200,0.12794,0.00056,0.00003,0.99895,0.00010,0.00019,0.00013,0.00000,0.00002,0.00001
26.46400,0.12794,0.00048,0.00004,0.99869,0.00006,0.00061,0.00005,0.00000,0.00006,0.00001
26.49600,0.12794,0.00076,0.00005,0.99760,0.00006,0.00132,0.00003,0.00000,0.00017,0.00001
26.52800,0.12794,0.00101,0.00001,0.99731,0.00002,0.00151,0.00003,0.00000,0.00010,0.00001
26.56000,0.12794,0.01363,0.00009,0.97933,0.00012,0.00514,0.00025,0.00001,0.00135,0.00009
26.59200,0.12794,0.18074,0.00063,0.80353,0.00098,0.00637,0.00307,0.00014,0.00395,0.00060
26.62400,0.12794,0.72670,0.00246,0.24217,0.00515,0.00266,0.01358,0.00081,0.00453,0.00192
26.65600,0.12794,0.92579,0.01097,0.02401,0.01086,0.00083,0.01218,0.00598,0.00748,0.00190
26.68800,0.12794,0.94890,0.01236,0.01132,0.00753,0.00053,0.00814,0.00517,0.00319,0.00286
26.72000,0.12794,0.94961,0.01434,0.01039,0.00677,0.00067,0.00650,0.00450,0.00313,0.00410
26.75200,0.12794,0.96971,0.00691,0.00705,0.00385,0.00039,0.00516,0.00272,0.00197,0.00224
26.78400,0.12794,0.97732,0.00618,0.00357,0.00455,0.00019,0.00456,0.00113,0.00085,0.00165
26.81600,0.12794,0.96969,0.00499,0.00302,0.01179,0.00016,0.00781,0.00054,0.00069,0.00131
26.84800,0.12794,0.96486,0.00337,0.00226,0.01662,0.00011,0.01066,0.00039,0.00040,0.00132
26.88000,0.12794,0.95389,0.00325,0.00177,0.02592,0.00009,0.01286,0.00032,0.00030,0.00161
26.91200,0.12794,0.93779,0.00147,0.00156,0.03544,0.00008,0.02117,0.00028,0.00021,0.00200
26.94400,0.12794,0.95721,0.00085,0.00198,0.01964,0.00011,0.01728,0.00031,0.00025,0.00237
26.97600,0.12794,0.96537,0.00086,0.00215,0.01460,0.00011,0.01445,0.00035,0.00032,0.00180
27.00800,0.12794,0.95700,0.00068,0.00217,0.01895,0.00010,0.01858,0.00032,0.00029,0.00192
27.04000,0.12794,0.95050,0.00050,0.00187,0.02251,0.00007,0.02263,0.00024,0.00021,0.00147
27.07200,0.12794,0.93356,0.00041,0.00084,0.03317,0.00003,0.03056,0.00016,0.00006,0.00122
27.10400,0.12794,0.92033,0.00018,0.00056,0.03961,0.00002,0.03822,0.00008,0.00003,0.00097
27.13600,0.12794,0.93694,0.00008,0.00034,0.02875,0.00001,0.03312,0.00004,0.00002,0.00070
27.16800,0.12794,0.97176,0.00013,0.00028,0.01264,0.00001,0.01456,0.00004,0.00002,0.00056
27.20000,0.12794,0.97464,0.00017,0.00030,0.01156,0.00001,0.01270,0.00004,0.00002,0.00056
27.23200,0.12794,0.97783,0.00018,0.00025,0.01006,0.00001,0.01088,0.00004,0.00001,0.00074
27.26400,0.12794,0.98085,0.00035,0.00039,0.00828,0.00001,0.00946,0.00007,0.00003,0.00056
27.29600,0.12794,0.96581,0.00018,0.00038,0.01397,0.00001,0.01893,0.00007,0.00002,0.00064
27.32800,0.12794,0.94843,0.00025,0.00361,0.02364,0.00001,0.02262,0.00002,0.00003,0.00138
27.36000,0.12794,0.89128,0.00086,0.06603,0.02401,0.00010,0.01315,0.00002,0.00018,0.00438
27.39200,0.12794,0.38733,0.00077,0.58739,0.00944,0.00022,0.00432,0.00001,0.00020,0.01032
27.42400,0.12794,0.02137,0.00010,0.97628,0.00029,0.00019,0.00019,0.00000,0.00007,0.00151
27.45600,0.12794,0.01296,0.00005,0.98503,0.00009,0.00042,0.00013,0.00000,0.00010,0.00122
27.48800,0.12794,0.01582,0.00002,0.98259,0.00009,0.00009,0.00012,0.00000,0.00002,0.00125
27.52000,0.12794,0.08354,0.00004,0.90498,0.00068,0.00002,0.00038,0.00000,0.00002,0.01034
27.55200,0.12794,0.04896,0.00005,0.93818,0.00114,0.00000,0.00031,0.00000,0.00000,0.01135
27.58400,0.12794,0.05441,0.00008,0.93099,0.00113,0.00001,0.00030,0.00000,0.00001,0.01307
27.61600,0.12794,0.01423,0.00010,0.97923,0.00052,0.00001,0.00015,0.00000,0.00001,0.00575
27.64800,0.12794,0.00296,0.00008,0.99614,0.00005,0.00005,0.00004,0.00000,0.00004,0.00063
27.68000,0.12794,0.00760,0.00021,0.98954,0.00006,0.00084,0.00004,0.00001,0.00065,0.00105
27.71200,0.12794,0.00723,0.00019,0.99001,0.00003,0.00076,0.00002,0.00003,0.00142,0.00032
27.74400,0.12794,0.11762,0.00182,0.84531,0.00031,0.01089,0.00035,0.00202,0.02036,0.00131
27.77600,0.12794,0.58438,0.00669,0.35397,0.00141,0.00877,0.00175,0.00541,0.03603,0.00158
27.80800,0.12794,0.95042,0.00475,0.03022,0.00097,0.00089,0.00191,0.00341,0.00675,0.00067
27.84000,0.12794,0.98582,0.00558,0.00224,0.00151,0.00009,0.00246,0.00119,0.00067,0.00044
27.87200,0.12794,0.99350,0.00177,0.00073,0.00111,0.00003,0.00205,0.00035,0.00015,0.00029
27.90400,0.12794,0.99490,0.00057,0.00035,0.00122,0.00001,0.00254,0.00013,0.00004,0.00024
27.93600,0.12794,0.98975,0.00017,0.00021,0.00340,0.00001,0.00612,0.00005,0.00001,0.00028
27.96800,0.12794,0.97995,0.00005,0.00012,0.00714,0.00000,0.01231,0.00002,0.00000,0.00041
28.00000,0.12794,0.96435,0.00004,0.00013,0.01363,0.00000,0.02131,0.00002,0.00000,0.00050
28.03200,0.12794,0.94534,0.00003,0.00016,0.02188,0.00000,0.03201,0.00002,0.00000,0.00054
28.06400,0.12794,0.94261,0.00004,0.00071,0.01926,0.00002,0.03653,0.00003,0.00002,0.00078
28.09600,0.12794,0.98364,0.00001,0.00589,0.00162,0.00018,0.00783,0.00007,0.00020,0.00055
28.12800,0.12794,0.96706,0.00001,0.02905,0.00017,0.00041,0.00146,0.00023,0.00129,0.00034
28.16000,0.12794,0.90527,0.00002,0.08539,0.00007,0.00098,0.00066,0.00080,0.00643,0.00038
28.19200,0.12794,0.91792,0.00006,0.06490,0.00005,0.00069,0.00033,0.00195,0.01379,0.00030
28.22400,0.12794,0.95836,0.00044,0.02792,0.00028,0.00039,0.00098,0.00275,0.00831,0.00057
28.25600,0.12794,0.97979,0.00111,0.00815,0.00196,0.00027,0.00382,0.00157,0.00207,0.00127
28.28800,0.12794,0.97430,0.00095,0.00380,0.00762,0.00018,0.00995,0.00072,0.00070,0.00177
28.32000,0.12794,0.95079,0.00081,0.00272,0.01993,0.00011,0.02278,0.00055,0.00031,0.00201
28.35200,0.12794,0.87979,0.00054,0.00128,0.06585,0.00005,0.05026,0.00022,0.00010,0.00190
28.38400,0.12794,0.87458,0.00067,0.00124,0.07308,0.00005,0.04824,0.00022,0.00012,0.00180
28.41600,0.12794,0.93542,0.00091,0.00169,0.03213,0.00006,0.02761,0.00037,0.00019,0.00162
28.44800,0.12794,0.96504,0.00202,0.00198,0.01562,0.00009,0.01261,0.00053,0.00030,0.00180
