Time (seconds), Duration (seconds),pred_unlabeled,pred_down,pred_bottom left,pred_bottom right,pred_left,pred_right,pred_top,pred_top left,pred_top right
0.00000,0.12794,0.99232,0.00000,0.00001,0.00034,0.00000,0.00731,0.00000,0.00000,0.00003
0.03200,0.12794,0.98659,0.00000,0.00009,0.00173,0.00000,0.01147,0.00000,0.00000,0.00011
0.06400,0.12794,0.98298,0.00006,0.00132,0.00406,0.00002,0.01118,0.00007,0.00011,0.00021
0.09600,0.12794,0.94353,0.00317,0.01103,0.02069,0.00030,0.01630,0.00106,0.00306,0.00085
0.12800,0.12794,0.63356,0.06905,0.10706,0.04728,0.00402,0.01349,0.00992,0.11403,0.00160
0.16000,0.12794,0.60219,0.10240,0.11746,0.03749,0.00423,0.01033,0.01055,0.11396,0.00139
0.19200,0.12794,0.56441,0.15005,0.11959,0.04666,0.00522,0.01060,0.01115,0.08969,0.00262
0.22400,0.12794,0.56410,0.09696,0.14789,0.02016,0.00394,0.00632,0.01082,0.14840,0.00141
0.25600,0.12794,0.59816,0.16787,0.09478,0.01102,0.00342,0.00339,0.01146,0.10884,0.00107
0.28800,0.12794,0.70269,0.15764,0.05858,0.01253,0.00272,0.00314,0.00621,0.05475,0.00174
0.32000,0.12794,0.76939,0.13132,0.04006,0.00956,0.00191,0.00259,0.00465,0.03932,0.00121
0.35200,0.12794,0.71169,0.20043,0.03387,0.01606,0.00265,0.00305,0.00441,0.02566,0.00218
0.38400,0.12794,0.66780,0.19739,0.04867,0.02987,0.00403,0.00598,0.00707,0.03535,0.00385
0.41600,0.12794,0.64050,0.20652,0.05354,0.02992,0.00406,0.00681,0.00945,0.04660,0.00260
0.44800,0.12794,0.56935,0.25260,0.04706,0.07125,0.00488,0.01056,0.00695,0.03314,0.00421
0.48000,0.12794,0.48420,0.30743,0.07306,0.04654,0.00481,0.00816,0.00784,0.06585,0.00211
0.51200,0.12794,0.59479,0.19927,0.07625,0.05479,0.00398,0.00976,0.00652,0.05257,0.00207
0.54400,0.12794,0.54365,0.18048,0.11325,0.05173,0.00486,0.01087,0.00870,0.08463,0.00183
0.57600,0.12794,0.59927,0.12051,0.10538,0.07220,0.00423,0.01703,0.00871,0.07044,0.00223
0.60800,0.12794,0.65249,0.07819,0.08331,0.10108,0.00387,0.02463,0.00830,0.04488,0.00326
0.64000,0.12794,0.62983,0.09200,0.05686,0.14663,0.00331,0.03100,0.00634,0.03069,0.00335
0.67200,0.12794,0.62636,0.06816,0.03837,0.19962,0.00259,0.03873,0.00397,0.01814,0.00407
0.70400,0.12794,0.64759,0.08010,0.05457,0.13870,0.00342,0.03335,0.00621,0.03276,0.00330
0.73600,0.12794,0.73393,0.06757,0.02745,0.12083,0.00216,0.02662,0.00373,0.01433,0.00337
0.76800,0.12794,0.78009,0.07302,0.03230,0.06510,0.00235,0.01822,0.00516,0.02086,0.00292
0.80000,0.12794,0.85704,0.05852,0.01898,0.03497,0.00136,0.01183,0.00470,0.00988,0.00272
0.83200,0.12794,0.91905,0.03637,0.00882,0.01904,0.00060,0.00761,0.00271,0.00369,0.00211
0.86400,0.12794,0.87110,0.05513,0.01500,0.03279,0.00101,0.01187,0.00429,0.00641,0.00241
0.89600,0.12794,0.86627,0.04645,0.01463,0.04638,0.00090,0.01459,0.00327,0.00479,0.00272
0.92800,0.12794,0.83494,0.04690,0.03432,0.04738,0.00151,0.01452,0.00506,0.01235,0.00303
0.96000,0.12794,0.80014,0.04413,0.05236,0.05083,0.00209,0.01677,0.00796,0.02238,0.00334
0.99200,0.12794,0.84150,0.04157,0.04304,0.02632,0.00174,0.01107,0.01050,0.02030,0.00396
1.02400,0.12794,0.86554,0.03680,0.03443,0.01908,0.00142,0.00910,0.01099,0.01954,0.00312
1.05600,0.12794,0.81314,0.08702,0.02989,0.01923,0.00157,0.00801,0.01510,0.02295,0.00307
1.08800,0.12794,0.78311,0.10037,0.03617,0.01730,0.00214,0.00611,0.01521,0.03669,0.00292
1.12000,0.12794,0.74694,0.10393,0.04969,0.02475,0.00294,0.00646,0.01027,0.05193,0.00308
1.15200,0.12794,0.71469,0.13436,0.04942,0.02929,0.00320,0.00665,0.01071,0.04845,0.00324
1.18400,0.12794,0.73972,0.11652,0.04494,0.03643,0.00321,0.00885,0.00875,0.03882,0.00275
1.21600,0.12794,0.71808,0.13576,0.03338,0.06515,0.00236,0.01475,0.00769,0.01827,0.00456
1.24800,0.12794,0.79135,0.09990,0.01920,0.05363,0.00109,0.01605,0.00719,0.00816,0.00345
1.28000,0.12794,0.77006,0.08233,0.01751,0.08728,0.00115,0.02438,0.00645,0.00558,0.00527
1.31200,0.12794,0.80766,0.07162,0.01942,0.05969,0.00122,0.02096,0.00786,0.00730,0.00427
1.34400,0.12794,0.83339,0.07447,0.02038,0.03728,0.00139,0.01359,0.00726,0.01001,0.00223
1.37600,0.12794,0.73503,0.13528,0.04296,0.03307,0.00329,0.01020,0.01141,0.02659,0.00216
1.40800,0.12794,0.61580,0.19194,0.08384,0.01259,0.00372,0.00529,0.01824,0.06744,0.00113
1.44000,0.12794,0.47563,0.33751,0.08479,0.01184,0.00327,0.00418,0.02086,0.06065,0.00126
1.47200,0.12794,0.36487,0.41225,0.10719,0.00955,0.00337,0.00368,0.02733,0.07047,0.00130
1.50400,0.12794,0.39674,0.34895,0.10616,0.00458,0.00317,0.00248,0.03845,0.09865,0.00083
1.53600,0.12794,0.44121,0.28102,0.08627,0.00281,0.00367,0.00159,0.04074,0.14211,0.00058
1.56800,0.12794,0.38125,0.28195,0.10057,0.00165,0.00338,0.00113,0.04738,0.18229,0.00038
1.60000,0.12794,0.51568,0.21125,0.08532,0.00315,0.00335,0.00220,0.04142,0.13703,0.00059
1.63200,0.12794,0.61078,0.20284,0.06444,0.00762,0.00244,0.00487,0.03071,0.07536,0.00092
1.66400,0.12794,0.67495,0.21663,0.03581,0.01266,0.00160,0.00785,0.02430,0.02467,0.00153
1.69600,0.12794,0.73994,0.17118,0.02491,0.01435,0.00161,0.00864,0.02033,0.01698,0.00206
1.72800,0.12794,0.76231,0.16311,0.01984,0.01077,0.00127,0.00654,0.02157,0.01192,0.00266
1.76000,0.12794,0.60531,0.30458,0.02267,0.01141,0.00162,0.00546,0.02916,0.01594,0.00384
1.79200,0.12794,0.52805,0.35303,0.03823,0.01337,0.00252,0.00529,0.02618,0.02960,0.00373
1.82400,0.12794,0.50969,0.36171,0.04372,0.01353,0.00216,0.00563,0.02696,0.03369,0.00290
1.85600,0.12794,0.48863,0.38582,0.04357,0.01928,0.00208,0.00711,0.02184,0.02934,0.00231
1.88800,0.12794,0.50062,0.37140,0.04760,0.01874,0.00205,0.00692,0.01906,0.03199,0.00161
1.92000,0.12794,0.65542,0.22759,0.03950,0.01085,0.00162,0.00525,0.02635,0.03105,0.00236
1.95200,0.12794,0.71729,0.14551,0.03585,0.00596,0.00234,0.00335,0.04771,0.03831,0.00368
1.98400,0.12794,0.81489,0.08407,0.02639,0.00170,0.00165,0.00100,0.03154,0.03390,0.00486
2.01600,0.12794,0.93051,0.02580,0.00993,0.00036,0.00063,0.00025,0.01413,0.01031,0.00808
2.04800,0.12794,0.95522,0.02013,0.00474,0.00027,0.00033,0.00017,0.00540,0.00290,0.01086
2.08000,0.12794,0.96907,0.01371,0.00181,0.00024,0.00010,0.00010,0.00085,0.00056,0.01355
2.11200,0.12794,0.96964,0.01565,0.00177,0.00046,0.00012,0.00018,0.00067,0.00050,0.01100
2.14400,0.12794,0.95720,0.02866,0.00290,0.00206,0.00022,0.00064,0.00078,0.00080,0.00673
2.17600,0.12794,0.93630,0.04559,0.00481,0.00474,0.00030,0.00163,0.00156,0.00200,0.00307
2.20800,0.12794,0.90925,0.05708,0.00773,0.01272,0.00051,0.00424,0.00258,0.00379,0.00208
2.24000,0.12794,0.87352,0.07303,0.01234,0.02033,0.00072,0.00719,0.00434,0.00662,0.00191
2.27200,0.12794,0.85003,0.08312,0.01360,0.02647,0.00089,0.00959,0.00629,0.00703,0.00299
2.30400,0.12794,0.81211,0.11487,0.01824,0.02693,0.00111,0.00762,0.00600,0.00868,0.00444
2.33600,0.12794,0.90370,0.05645,0.01076,0.01307,0.00058,0.00407,0.00254,0.00416,0.00466
2.36800,0.12794,0.92893,0.04716,0.00776,0.00503,0.00043,0.00171,0.00185,0.00301,0.00411
2.40000,0.12794,0.92235,0.05911,0.00661,0.00280,0.00032,0.00090,0.00174,0.00270,0.00347
2.43200,0.12794,0.91035,0.07238,0.00610,0.00285,0.00038,0.00087,0.00167,0.00265,0.00274
2.46400,0.12794,0.80992,0.16552,0.00941,0.00419,0.00063,0.00093,0.00247,0.00451,0.00243
2.49600,0.12794,0.64597,0.31638,0.01470,0.00666,0.00083,0.00137,0.00391,0.00870,0.00149
2.52800,0.12794,0.75695,0.20579,0.01400,0.00808,0.00080,0.00202,0.00324,0.00787,0.00125
2.56000,0.12794,0.77762,0.18826,0.01284,0.00594,0.00067,0.00180,0.00426,0.00764,0.00098
2.59200,0.12794,0.76475,0.19261,0.01356,0.00802,0.00073,0.00305,0.00790,0.00782,0.00155
2.62400,0.12794,0.88197,0.08792,0.00790,0.00975,0.00050,0.00354,0.00340,0.00348,0.00154
2.65600,0.12794,0.89628,0.07103,0.00969,0.00857,0.00056,0.00371,0.00413,0.00459,0.00144
2.68800,0.12794,0.93823,0.03382,0.00741,0.00858,0.00057,0.00422,0.00245,0.00307,0.00164
2.72000,0.12794,0.94312,0.02811,0.00924,0.00706,0.00064,0.00380,0.00226,0.00485,0.00093
2.75200,0.12794,0.92303,0.03699,0.01312,0.00918,0.00083,0.00486,0.00360,0.00683,0.00157
2.78400,0.12794,0.86445,0.07208,0.01704,0.02359,0.00138,0.00661,0.00380,0.00743,0.00362
2.81600,0.12794,0.79993,0.12993,0.01979,0.02686,0.00118,0.00580,0.00419,0.00889,0.00343
2.84800,0.12794,0.77343,0.15297,0.01827,0.03162,0.00116,0.00584,0.00411,0.00901,0.00360
2.88000,0.12794,0.81780,0.12796,0.01660,0.01378,0.00094,0.00399,0.00542,0.01081,0.00270
2.91200,0.12794,0.84191,0.11375,0.01465,0.00443,0.00084,0.00198,0.00602,0.01511,0.00131
2.94400,0.12794,0.88410,0.06912,0.01509,0.00353,0.00095,0.00211,0.00704,0.01642,0.00165
2.97600,0.12794,0.90736,0.04197,0.00991,0.00057,0.00051,0.00073,0.02916,0.00853,0.00126
3.00800,0.12794,0.72573,0.02062,0.00742,0.00004,0.00031,0.00010,0.23042,0.01520,0.00015
3.04000,0.12794,0.22930,0.00278,0.00181,0.00000,0.00005,0.00001,0.75772,0.00833,0.00001
3.07200,0.12794,0.02502,0.00041,0.00019,0.00000,0.00000,0.00000,0.97331,0.00107,0.00000
3.10400,0.12794,0.00967,0.00014,0.00011,0.00000,0.00000,0.00000,0.98835,0.00174,0.00000
3.13600,0.12794,0.00750,0.00014,0.00010,0.00000,0.00000,0.00000,0.99107,0.00120,0.00000
3.16800,0.12794,0.00891,0.00027,0.00014,0.00000,0.00000,0.00000,0.98931,0.00137,0.00000
3.20000,0.12794,0.01142,0.00041,0.00021,0.00000,0.00000,0.00000,0.98496,0.00300,0.00000
3.23200,0.12794,0.01397,0.00108,0.00032,0.00000,0.00000,0.00000,0.98159,0.00304,0.00000
3.26400,0.12794,0.03178,0.00564,0.00108,0.00000,0.00001,0.00000,0.95565,0.00583,0.00000
3.29600,0.12794,0.04381,0.01771,0.00214,0.00000,0.00004,0.00001,0.92840,0.00788,0.00001
3.32800,0.12794,0.04962,0.03244,0.00325,0.00000,0.00007,0.00001,0.90550,0.00911,0.00001
3.36000,0.12794,0.04975,0.05131,0.00358,0.00000,0.00007,0.00002,0.89108,0.00416,0.00002
3.39200,0.12794,0.03316,0.02611,0.00241,0.00000,0.00004,0.00001,0.93584,0.00242,0.00002
3.42400,0.12794,0.03900,0.02329,0.00202,0.00000,0.00003,0.00001,0.93410,0.00152,0.00003
3.45600,0.12794,0.02755,0.01699,0.00108,0.00000,0.00001,0.00000,0.95380,0.00054,0.00002
3.48800,0.12794,0.04984,0.03178,0.00169,0.00000,0.00003,0.00001,0.91599,0.00058,0.00008
3.52000,0.12794,0.10370,0.08750,0.00304,0.00001,0.00005,0.00002,0.80460,0.00076,0.00033
3.55200,0.12794,0.12411,0.10131,0.00414,0.00001,0.00006,0.00002,0.76898,0.00102,0.00035
3.58400,0.12794,0.16429,0.16800,0.00738,0.00002,0.00012,0.00003,0.65818,0.00104,0.00093
3.61600,0.12794,0.17532,0.14352,0.00856,0.00001,0.00013,0.00003,0.67005,0.00165,0.00073
3.64800,0.12794,0.15339,0.11874,0.00723,0.00001,0.00009,0.00002,0.71874,0.00107,0.00072
3.68000,0.12794,0.15339,0.19820,0.01094,0.00001,0.00009,0.00002,0.63593,0.00084,0.00058
3.71200,0.12794,0.14243,0.15784,0.01295,0.00001,0.00009,0.00002,0.68486,0.00151,0.00030
3.74400,0.12794,0.10296,0.07689,0.01369,0.00000,0.00007,0.00001,0.80425,0.00203,0.00009
3.77600,0.12794,0.08522,0.04752,0.02345,0.00000,0.00011,0.00001,0.83709,0.00657,0.00003
3.80800,0.12794,0.04958,0.01594,0.01364,0.00000,0.00007,0.00001,0.91363,0.00712,0.00001
3.84000,0.12794,0.06016,0.01858,0.04634,0.00000,0.00012,0.00001,0.84567,0.02912,0.00000
3.87200,0.12794,0.06819,0.01543,0.13570,0.00000,0.00024,0.00002,0.67656,0.10386,0.00000
3.90400,0.12794,0.05277,0.01152,0.20815,0.00000,0.00017,0.00002,0.64721,0.08016,0.00000
3.93600,0.12794,0.04591,0.01133,0.28540,0.00000,0.00014,0.00002,0.56920,0.08800,0.00000
3.96800,0.12794,0.03695,0.00770,0.13201,0.00000,0.00008,0.00001,0.78840,0.03485,0.00000
4.00000,0.12794,0.02426,0.01108,0.05050,0.00000,0.00003,0.00001,0.90691,0.00721,0.00000
4.03200,0.12794,0.02510,0.01629,0.03227,0.00000,0.00003,0.00001,0.92430,0.00200,0.00000
4.06400,0.12794,0.02881,0.02611,0.02801,0.00000,0.00003,0.00001,0.91651,0.00054,0.00000
4.09600,0.12794,0.02511,0.02248,0.01722,0.00000,0.00001,0.00001,0.93509,0.00007,0.00000
4.12800,0.12794,0.02035,0.01381,0.01313,0.00000,0.00001,0.00000,0.95269,0.00001,0.00000
4.16000,0.12794,0.01477,0.00404,0.00508,0.00000,0.00000,0.00000,0.97611,0.00000,0.00000
4.19200,0.12794,0.00880,0.00114,0.00204,0.00000,0.00000,0.00000,0.98802,0.00000,0.00000
4.22400,0.12794,0.00900,0.00096,0.00118,0.00000,0.00000,0.00000,0.98887,0.00000,0.00000
4.25600,0.12794,0.00841,0.00067,0.00070,0.00000,0.00000,0.00000,0.99021,0.00000,0.00000
4.28800,0.12794,0.01045,0.00076,0.00105,0.00000,0.00000,0.00000,0.98774,0.00000,0.00000
4.32000,0.12794,0.01205,0.00083,0.00123,0.00000,0.00000,0.00000,0.98587,0.00001,0.00000
4.35200,0.12794,0.01305,0.00130,0.00238,0.00000,0.00000,0.00000,0.98325,0.00001,0.00000
4.38400,0.12794,0.01955,0.00192,0.00497,0.00000,0.00001,0.00000,0.97348,0.00007,0.00000
4.41600,0.12794,0.02671,0.00537,0.00566,0.00000,0.00001,0.00000,0.96209,0.00015,0.00000
4.44800,0.12794,0.04416,0.01912,0.00701,0.00000,0.00003,0.00001,0.92925,0.00041,0.00001
4.48000,0.12794,0.05434,0.01853,0.00292,0.00000,0.00002,0.00001,0.92379,0.00032,0.00007
4.51200,0.12794,0.04779,0.01834,0.00071,0.00000,0.00001,0.00000,0.93300,0.00004,0.00012
4.54400,0.12794,0.04135,0.01383,0.00031,0.00000,0.00000,0.00000,0.94436,0.00001,0.00012
4.57600,0.12794,0.08320,0.03160,0.00041,0.00000,0.00000,0.00000,0.88450,0.00001,0.00028
4.60800,0.12794,0.12297,0.04012,0.00091,0.00000,0.00001,0.00001,0.83575,0.00002,0.00021
4.64000,0.12794,0.12034,0.02204,0.00164,0.00000,0.00001,0.00001,0.85573,0.00008,0.00014
4.67200,0.12794,0.17151,0.02097,0.00310,0.00000,0.00004,0.00001,0.80368,0.00044,0.00026
4.70400,0.12794,0.06436,0.00198,0.00154,0.00000,0.00003,0.00000,0.92993,0.00211,0.00004
4.73600,0.12794,0.02685,0.00031,0.00055,0.00000,0.00001,0.00000,0.96899,0.00328,0.00001
4.76800,0.12794,0.02355,0.00027,0.00035,0.00000,0.00001,0.00000,0.97324,0.00257,0.00000
4.80000,0.12794,0.01032,0.00005,0.00018,0.00000,0.00000,0.00000,0.98621,0.00324,0.00000
4.83200,0.12794,0.01488,0.00006,0.00030,0.00000,0.00000,0.00000,0.97996,0.00481,0.00000
4.86400,0.12794,0.00716,0.00004,0.00016,0.00000,0.00000,0.00000,0.99154,0.00109,0.00000
4.89600,0.12794,0.02355,0.00034,0.00076,0.00000,0.00000,0.00000,0.97160,0.00374,0.00000
4.92800,0.12794,0.02821,0.00054,0.00091,0.00000,0.00000,0.00000,0.96545,0.00489,0.00000
4.96000,0.12794,0.01435,0.00034,0.00032,0.00000,0.00000,0.00000,0.98347,0.00152,0.00000
4.99200,0.12794,0.02117,0.00038,0.00056,0.00000,0.00000,0.00000,0.97318,0.00469,0.00000
5.02400,0.12794,0.00330,0.00002,0.00007,0.00000,0.00000,0.00000,0.99573,0.00088,0.00000
5.05600,0.12794,0.00176,0.00001,0.00003,0.00000,0.00000,0.00000,0.99805,0.00015,0.00000
5.08800,0.12794,0.00204,0.00002,0.00003,0.00000,0.00000,0.00000,0.99782,0.00009,0.00000
5.12000,0.12794,0.00179,0.00003,0.00002,0.00000,0.00000,0.00000,0.99814,0.00002,0.00000
5.15200,0.12794,0.00299,0.00008,0.00003,0.00000,0.00000,0.00000,0.99689,0.00001,0.00000
5.18400,0.12794,0.00614,0.00023,0.00006,0.00000,0.00000,0.00000,0.99354,0.00002,0.00000
5.21600,0.12794,0.00477,0.00013,0.00005,0.00000,0.00000,0.00000,0.99502,0.00003,0.00000
5.24800,0.12794,0.00391,0.00008,0.00005,0.00000,0.00000,0.00000,0.99594,0.00002,0.00000
5.28000,0.12794,0.00247,0.00003,0.00003,0.00000,0.00000,0.00000,0.99745,0.00001,0.00000
5.31200,0.12794,0.00120,0.00001,0.00002,0.00000,0.00000,0.00000,0.99877,0.00000,0.00000
5.34400,0.12794,0.00105,0.00001,0.00001,0.00000,0.00000,0.00000,0.99893,0.00000,0.00000
5.37600,0.12794,0.00179,0.00001,0.00001,0.00000,0.00000,0.00000,0.99818,0.00000,0.00000
5.40800,0.12794,0.00507,0.00010,0.00003,0.00000,0.00000,0.00000,0.99480,0.00000,0.00000
5.44000,0.12794,0.01954,0.00140,0.00010,0.00000,0.00000,0.00000,0.97895,0.00001,0.00000
5.47200,0.12794,0.06553,0.01525,0.00030,0.00000,0.00000,0.00000,0.91888,0.00001,0.00004
5.50400,0.12794,0.10723,0.05416,0.00061,0.00000,0.00000,0.00000,0.83793,0.00001,0.00006
5.53600,0.12794,0.08796,0.07011,0.00062,0.00000,0.00000,0.00000,0.84125,0.00000,0.00005
5.56800,0.12794,0.07962,0.04725,0.00053,0.00000,0.00000,0.00000,0.87255,0.00000,0.00005
5.60000,0.12794,0.11069,0.05623,0.00075,0.00000,0.00000,0.00000,0.83224,0.00000,0.00009
5.63200,0.12794,0.07564,0.02133,0.00044,0.00000,0.00000,0.00000,0.90253,0.00001,0.00005
5.66400,0.12794,0.04717,0.00541,0.00034,0.00000,0.00000,0.00000,0.94704,0.00002,0.00002
5.69600,0.12794,0.02662,0.00260,0.00023,0.00000,0.00000,0.00000,0.97052,0.00002,0.00001
5.72800,0.12794,0.00852,0.00067,0.00009,0.00000,0.00000,0.00000,0.99070,0.00001,0.00000
5.76000,0.12794,0.00684,0.00045,0.00009,0.00000,0.00000,0.00000,0.99261,0.00002,0.00000
5.79200,0.12794,0.01119,0.00085,0.00011,0.00000,0.00000,0.00000,0.98783,0.00002,0.00000
5.82400,0.12794,0.00932,0.00049,0.00009,0.00000,0.00000,0.00000,0.99009,0.00001,0.00000
5.85600,0.12794,0.01353,0.00100,0.00012,0.00000,0.00000,0.00000,0.98532,0.00002,0.00000
5.88800,0.12794,0.04377,0.01156,0.00030,0.00000,0.00000,0.00000,0.94431,0.00002,0.00003
5.92000,0.12794,0.10532,0.06836,0.00062,0.00000,0.00000,0.00000,0.82560,0.00001,0.00008
5.95200,0.12794,0.10239,0.07037,0.00041,0.00000,0.00000,0.00000,0.82677,0.00001,0.00005
5.98400,0.12794,0.03833,0.01468,0.00017,0.00000,0.00000,0.00000,0.94681,0.00001,0.00000
6.01600,0.12794,0.00747,0.00059,0.00004,0.00000,0.00000,0.00000,0.99189,0.00000,0.00000
6.04800,0.12794,0.00151,0.00003,0.00001,0.00000,0.00000,0.00000,0.99844,0.00001,0.00000
6.08000,0.12794,0.00084,0.00001,0.00001,0.00000,0.00000,0.00000,0.99913,0.00001,0.00000
6.11200,0.12794,0.00088,0.00001,0.00001,0.00000,0.00000,0.00000,0.99909,0.00002,0.00000
6.14400,0.12794,0.00124,0.00001,0.00002,0.00000,0.00000,0.00000,0.99871,0.00002,0.00000
6.17600,0.12794,0.00142,0.00002,0.00002,0.00000,0.00000,0.00000,0.99853,0.00001,0.00000
6.20800,0.12794,0.00168,0.00003,0.00002,0.00000,0.00000,0.00000,0.99826,0.00001,0.00000
6.24000,0.12794,0.00152,0.00004,0.00002,0.00000,0.00000,0.00000,0.99842,0.00001,0.00000
6.27200,0.12794,0.00203,0.00010,0.00002,0.00000,0.00000,0.00000,0.99784,0.00001,0.00000
6.30400,0.12794,0.00275,0.00014,0.00004,0.00000,0.00000,0.00000,0.99705,0.00002,0.00000
6.33600,0.12794,0.00598,0.00046,0.00011,0.00000,0.00000,0.00000,0.99340,0.00004,0.00000
6.36800,0.12794,0.01005,0.00060,0.00024,0.00000,0.00000,0.00000,0.98895,0.00015,0.00000
6.40000,0.12794,0.00812,0.00026,0.00023,0.00000,0.00000,0.00000,0.99087,0.00052,0.00000
6.43200,0.12794,0.00927,0.00028,0.00029,0.00000,0.00000,0.00000,0.98894,0.00121,0.00000
6.46400,0.12794,0.01477,0.00061,0.00047,0.00000,0.00000,0.00000,0.98181,0.00234,0.00000
6.49600,0.12794,0.01648,0.00066,0.00041,0.00000,0.00000,0.00000,0.97987,0.00258,0.00000
6.52800,0.12794,0.03885,0.00192,0.00075,0.00000,0.00000,0.00000,0.95527,0.00319,0.00000
6.56000,0.12794,0.06078,0.00404,0.00100,0.00000,0.00001,0.00000,0.93071,0.00346,0.00001
6.59200,0.12794,0.02500,0.00086,0.00035,0.00000,0.00000,0.00000,0.97218,0.00160,0.00000
6.62400,0.12794,0.01549,0.00042,0.00024,0.00000,0.00000,0.00000,0.98284,0.00100,0.00000
6.65600,0.12794,0.01147,0.00062,0.00047,0.00000,0.00000,0.00000,0.98710,0.00034,0.00000
6.68800,0.12794,0.01420,0.00085,0.00069,0.00000,0.00000,0.00000,0.98406,0.00020,0.00000
6.72000,0.12794,0.03863,0.00390,0.00165,0.00000,0.00000,0.00000,0.95548,0.00032,0.00002
6.75200,0.12794,0.07272,0.01216,0.00239,0.00000,0.00001,0.00001,0.91239,0.00022,0.00011
6.78400,0.12794,0.09396,0.00853,0.00091,0.00000,0.00000,0.00000,0.89631,0.00021,0.00007
6.81600,0.12794,0.12324,0.01124,0.00057,0.00000,0.00000,0.00000,0.86467,0.00015,0.00013
6.84800,0.12794,0.06751,0.00376,0.00023,0.00000,0.00000,0.00000,0.92840,0.00005,0.00004
6.88000,0.12794,0.06226,0.00389,0.00021,0.00000,0.00000,0.00000,0.93354,0.00006,0.00003
6.91200,0.12794,0.04676,0.00267,0.00017,0.00000,0.00000,0.00000,0.95026,0.00012,0.00002
6.94400,0.12794,0.01342,0.00031,0.00006,0.00000,0.00000,0.00000,0.98612,0.00008,0.00000
6.97600,0.12794,0.02511,0.00072,0.00012,0.00000,0.00000,0.00000,0.97395,0.00010,0.00001
7.00800,0.12794,0.01628,0.00032,0.00008,0.00000,0.00000,0.00000,0.98326,0.00005,0.00000
7.04000,0.12794,0.01987,0.00043,0.00008,0.00000,0.00000,0.00000,0.97959,0.00002,0.00000
7.07200,0.12794,0.02509,0.00063,0.00011,0.00000,0.00000,0.00000,0.97415,0.00002,0.00000
7.10400,0.12794,0.02958,0.00080,0.00011,0.00000,0.00000,0.00000,0.96949,0.00002,0.00000
7.13600,0.12794,0.05960,0.00286,0.00022,0.00000,0.00000,0.00000,0.93730,0.00002,0.00000
7.16800,0.12794,0.03523,0.00100,0.00012,0.00000,0.00000,0.00000,0.96362,0.00002,0.00000
7.20000,0.12794,0.03702,0.00094,0.00012,0.00000,0.00000,0.00000,0.96190,0.00001,0.00000
7.23200,0.12794,0.01943,0.00032,0.00006,0.00000,0.00000,0.00000,0.98018,0.00001,0.00000
7.26400,0.12794,0.01065,0.00011,0.00004,0.00000,0.00000,0.00000,0.98920,0.00000,0.00000
7.29600,0.12794,0.01298,0.00020,0.00005,0.00000,0.00000,0.00000,0.98677,0.00000,0.00000
7.32800,0.12794,0.02244,0.00064,0.00009,0.00000,0.00000,0.00000,0.97683,0.00000,0.00000
7.36000,0.12794,0.02772,0.00130,0.00011,0.00000,0.00000,0.00000,0.97087,0.00000,0.00001
7.39200,0.12794,0.05459,0.00633,0.00023,0.00000,0.00000,0.00000,0.93883,0.00000,0.00002
7.42400,0.12794,0.05290,0.00865,0.00024,0.00000,0.00000,0.00000,0.93815,0.00000,0.00004
7.45600,0.12794,0.04126,0.00834,0.00017,0.00000,0.00000,0.00000,0.95016,0.00000,0.00007
7.48800,0.12794,0.03447,0.00818,0.00013,0.00000,0.00000,0.00000,0.95715,0.00000,0.00007
7.52000,0.12794,0.01812,0.00290,0.00006,0.00000,0.00000,0.00000,0.97888,0.00000,0.00003
7.55200,0.12794,0.01962,0.00329,0.00007,0.00000,0.00000,0.00000,0.97698,0.00000,0.00004
7.58400,0.12794,0.01793,0.00289,0.00008,0.00000,0.00000,0.00000,0.97908,0.00000,0.00003
7.61600,0.12794,0.02135,0.00443,0.00013,0.00000,0.00000,0.00000,0.97407,0.00000,0.00003
7.64800,0.12794,0.03382,0.01147,0.00025,0.00000,0.00000,0.00000,0.95441,0.00000,0.00004
7.68000,0.12794,0.03946,0.01448,0.00024,0.00000,0.00000,0.00000,0.94575,0.00001,0.00006
7.71200,0.12794,0.04989,0.01929,0.00031,0.00000,0.00001,0.00001,0.93031,0.00002,0.00015
7.74400,0.12794,0.03573,0.00956,0.00017,0.00000,0.00000,0.00000,0.95445,0.00001,0.00006
7.77600,0.12794,0.02125,0.00337,0.00009,0.00000,0.00000,0.00000,0.97525,0.00001,0.00003
7.80800,0.12794,0.01666,0.00233,0.00008,0.00000,0.00000,0.00000,0.98091,0.00001,0.00001
7.84000,0.12794,0.01111,0.00152,0.00005,0.00000,0.00000,0.00000,0.98731,0.00000,0.00000
7.87200,0.12794,0.01390,0.00251,0.00009,0.00000,0.00000,0.00000,0.98349,0.00000,0.00000
7.90400,0.12794,0.01862,0.00780,0.00017,0.00000,0.00000,0.00000,0.97340,0.00001,0.00000
7.93600,0.12794,0.01852,0.01366,0.00019,0.00000,0.00000,0.00000,0.96762,0.00001,0.00001
7.96800,0.12794,0.02047,0.02138,0.00025,0.00000,0.00000,0.00000,0.95787,0.00001,0.00002
8.00000,0.12794,0.02450,0.04009,0.00036,0.00000,0.00000,0.00000,0.93500,0.00001,0.00003
8.03200,0.12794,0.02735,0.05917,0.00040,0.00000,0.00000,0.00000,0.91299,0.00002,0.00006
8.06400,0.12794,0.03089,0.06175,0.00048,0.00000,0.00001,0.00001,0.90678,0.00002,0.00007
8.09600,0.12794,0.03521,0.06915,0.00067,0.00000,0.00001,0.00001,0.89484,0.00003,0.00008
8.12800,0.12794,0.03489,0.06108,0.00062,0.00000,0.00001,0.00001,0.90323,0.00003,0.00013
8.16000,0.12794,0.02845,0.03481,0.00046,0.00000,0.00001,0.00001,0.93618,0.00002,0.00007
8.19200,0.12794,0.02129,0.01703,0.00037,0.00000,0.00000,0.00000,0.96127,0.00001,0.00002
8.22400,0.12794,0.01625,0.00867,0.00031,0.00000,0.00000,0.00000,0.97475,0.00001,0.00001
8.25600,0.12794,0.01028,0.00299,0.00024,0.00000,0.00000,0.00000,0.98647,0.00001,0.00000
8.28800,0.12794,0.00681,0.00108,0.00022,0.00000,0.00000,0.00000,0.99186,0.00002,0.00000
8.32000,0.12794,0.00744,0.00114,0.00039,0.00000,0.00000,0.00000,0.99092,0.00011,0.00000
8.35200,0.12794,0.01370,0.00231,0.00193,0.00000,0.00000,0.00000,0.98055,0.00150,0.00000
8.38400,0.12794,0.02469,0.00482,0.00728,0.00000,0.00002,0.00000,0.94823,0.01495,0.00000
8.41600,0.12794,0.06636,0.02379,0.04059,0.00000,0.00011,0.00001,0.79443,0.07472,0.00000
8.44800,0.12794,0.10951,0.05092,0.05812,0.00001,0.00023,0.00002,0.71571,0.06546,0.00001
8.48000,0.12794,0.09794,0.06099,0.03220,0.00001,0.00011,0.00002,0.79073,0.01799,0.00002
8.51200,0.12794,0.10004,0.04891,0.01608,0.00001,0.00010,0.00002,0.82475,0.01007,0.00003
8.54400,0.12794,0.05170,0.02738,0.01376,0.00000,0.00005,0.00001,0.90162,0.00548,0.00000
8.57600,0.12794,0.07017,0.04849,0.01053,0.00000,0.00006,0.00002,0.86753,0.00318,0.00002
8.60800,0.12794,0.06920,0.03623,0.00596,0.00000,0.00006,0.00001,0.88711,0.00140,0.00003
8.64000,0.12794,0.04728,0.02726,0.00514,0.00000,0.00003,0.00001,0.92005,0.00022,0.00001
8.67200,0.12794,0.05316,0.01951,0.00156,0.00000,0.00002,0.00001,0.92560,0.00006,0.00008
8.70400,0.12794,0.02633,0.00746,0.00120,0.00000,0.00001,0.00000,0.96499,0.00002,0.00001
8.73600,0.12794,0.01844,0.00507,0.00142,0.00000,0.00000,0.00000,0.97507,0.00001,0.00000
8.76800,0.12794,0.02205,0.00646,0.00133,0.00000,0.00000,0.00000,0.97015,0.00001,0.00000
8.80000,0.12794,0.02737,0.00926,0.00148,0.00000,0.00000,0.00000,0.96188,0.00000,0.00000
8.83200,0.12794,0.02704,0.00687,0.00109,0.00000,0.00000,0.00000,0.96500,0.00000,0.00000
8.86400,0.12794,0.02114,0.00379,0.00053,0.00000,0.00000,0.00000,0.97453,0.00000,0.00000
8.89600,0.12794,0.01918,0.00246,0.00039,0.00000,0.00000,0.00000,0.97796,0.00000,0.00000
8.92800,0.12794,0.01324,0.00123,0.00034,0.00000,0.00000,0.00000,0.98519,0.00000,0.00000
8.96000,0.12794,0.01250,0.00094,0.00039,0.00000,0.00000,0.00000,0.98617,0.00001,0.00000
8.99200,0.12794,0.01762,0.00149,0.00063,0.00000,0.00000,0.00000,0.98022,0.00003,0.00000
9.02400,0.12794,0.02696,0.00435,0.00089,0.00000,0.00000,0.00000,0.96775,0.00003,0.00001
9.05600,0.12794,0.04787,0.01443,0.00147,0.00000,0.00001,0.00000,0.93608,0.00009,0.00004
9.08800,0.12794,0.08620,0.07149,0.00514,0.00000,0.00002,0.00001,0.83674,0.00027,0.00012
9.12000,0.12794,0.07382,0.07318,0.00314,0.00000,0.00002,0.00001,0.84951,0.00018,0.00014
9.15200,0.12794,0.04696,0.02879,0.00196,0.00000,0.00001,0.00001,0.92198,0.00027,0.00003
9.18400,0.12794,0.01762,0.00318,0.00051,0.00000,0.00000,0.00000,0.97850,0.00018,0.00000
9.21600,0.12794,0.00974,0.00043,0.00008,0.00000,0.00000,0.00000,0.98971,0.00004,0.00000
9.24800,0.12794,0.01064,0.00022,0.00007,0.00000,0.00000,0.00000,0.98903,0.00004,0.00000
9.28000,0.12794,0.01007,0.00012,0.00004,0.00000,0.00000,0.00000,0.98975,0.00002,0.00000
9.31200,0.12794,0.01097,0.00012,0.00003,0.00000,0.00000,0.00000,0.98887,0.00001,0.00000
9.34400,0.12794,0.01208,0.00018,0.00003,0.00000,0.00000,0.00000,0.98769,0.00000,0.00000
9.37600,0.12794,0.00959,0.00011,0.00003,0.00000,0.00000,0.00000,0.99027,0.00001,0.00000
9.40800,0.12794,0.00938,0.00013,0.00003,0.00000,0.00000,0.00000,0.99044,0.00002,0.00000
9.44000,0.12794,0.01327,0.00030,0.00005,0.00000,0.00000,0.00000,0.98634,0.00003,0.00001
9.47200,0.12794,0.00944,0.00018,0.00004,0.00000,0.00000,0.00000,0.99030,0.00003,0.00001
9.50400,0.12794,0.01386,0.00043,0.00004,0.00000,0.00000,0.00000,0.98564,0.00001,0.00001
9.53600,0.12794,0.01428,0.00041,0.00005,0.00000,0.00000,0.00000,0.98523,0.00002,0.00001
9.56800,0.12794,0.01633,0.00046,0.00008,0.00000,0.00000,0.00000,0.98307,0.00006,0.00001
9.60000,0.12794,0.04498,0.00190,0.00021,0.00000,0.00000,0.00000,0.95271,0.00017,0.00002
9.63200,0.12794,0.15918,0.00883,0.00224,0.00000,0.00002,0.00001,0.82401,0.00565,0.00006
9.66400,0.12794,0.21727,0.01204,0.00635,0.00001,0.00006,0.00001,0.75144,0.01275,0.00008
9.69600,0.12794,0.18246,0.00938,0.00813,0.00001,0.00005,0.00002,0.78319,0.01670,0.00008
9.72800,0.12794,0.13483,0.00715,0.00689,0.00000,0.00004,0.00001,0.83524,0.01576,0.00007
9.76000,0.12794,0.18749,0.01987,0.00857,0.00001,0.00007,0.00003,0.77071,0.01293,0.00033
9.79200,0.12794,0.19500,0.04923,0.00487,0.00002,0.00005,0.00002,0.74513,0.00484,0.00083
9.82400,0.12794,0.29814,0.08817,0.00735,0.00007,0.00009,0.00006,0.59937,0.00441,0.00234
9.85600,0.12794,0.27599,0.08583,0.00550,0.00007,0.00006,0.00007,0.62708,0.00290,0.00250
9.88800,0.12794,0.15745,0.02739,0.00247,0.00003,0.00002,0.00004,0.80975,0.00120,0.00165
9.92000,0.12794,0.17486,0.01410,0.00311,0.00003,0.00003,0.00006,0.80320,0.00153,0.00308
9.95200,0.12794,0.06954,0.00285,0.00115,0.00000,0.00001,0.00001,0.92501,0.00094,0.00048
9.98400,0.12794,0.02836,0.00065,0.00058,0.00000,0.00000,0.00000,0.96964,0.00063,0.00014
10.01600,0.12794,0.00669,0.00010,0.00016,0.00000,0.00000,0.00000,0.99276,0.00028,0.00001
10.04800,0.12794,0.00572,0.00006,0.00014,0.00000,0.00000,0.00000,0.99369,0.00039,0.00000
10.08000,0.12794,0.02305,0.00053,0.00069,0.00000,0.00000,0.00000,0.97425,0.00147,0.00001
10.11200,0.12794,0.04284,0.00126,0.00103,0.00000,0.00000,0.00000,0.95336,0.00147,0.00002
10.14400,0.12794,0.03994,0.00093,0.00084,0.00000,0.00000,0.00000,0.95704,0.00122,0.00002
10.17600,0.12794,0.01697,0.00055,0.00030,0.00000,0.00000,0.00000,0.98186,0.00031,0.00001
10.20800,0.12794,0.00404,0.00006,0.00005,0.00000,0.00000,0.00000,0.99580,0.00006,0.00000
10.24000,0.12794,0.00154,0.00001,0.00002,0.00000,0.00000,0.00000,0.99840,0.00003,0.00000
10.27200,0.12794,0.00284,0.00004,0.00003,0.00000,0.00000,0.00000,0.99707,0.00003,0.00000
10.30400,0.12794,0.00347,0.00003,0.00003,0.00000,0.00000,0.00000,0.99643,0.00003,0.00000
10.33600,0.12794,0.00360,0.00003,0.00004,0.00000,0.00000,0.00000,0.99629,0.00005,0.00000
10.36800,0.12794,0.00573,0.00007,0.00007,0.00000,0.00000,0.00000,0.99405,0.00007,0.00000
10.40000,0.12794,0.00458,0.00003,0.00008,0.00000,0.00000,0.00000,0.99519,0.00012,0.00000
10.43200,0.12794,0.00463,0.00007,0.00009,0.00000,0.00000,0.00000,0.99513,0.00008,0.00000
10.46400,0.12794,0.00397,0.00005,0.00008,0.00000,0.00000,0.00000,0.99584,0.00005,0.00000
10.49600,0.12794,0.00249,0.00002,0.00006,0.00000,0.00000,0.00000,0.99740,0.00003,0.00000
10.52800,0.12794,0.00161,0.00000,0.00003,0.00000,0.00000,0.00000,0.99833,0.00002,0.00000
10.56000,0.12794,0.00137,0.00000,0.00003,0.00000,0.00000,0.00000,0.99858,0.00002,0.00000
10.59200,0.12794,0.00197,0.00001,0.00004,0.00000,0.00000,0.00000,0.99795,0.00004,0.00000
10.62400,0.12794,0.00265,0.00001,0.00005,0.00000,0.00000,0.00000,0.99719,0.00010,0.00000
10.65600,0.12794,0.00259,0.00001,0.00005,0.00000,0.00000,0.00000,0.99720,0.00014,0.00000
10.68800,0.12794,0.00213,0.00001,0.00004,0.00000,0.00000,0.00000,0.99752,0.00031,0.00000
10.72000,0.12794,0.00170,0.00000,0.00003,0.00000,0.00000,0.00000,0.99742,0.00084,0.00000
10.75200,0.12794,0.00127,0.00000,0.00003,0.00000,0.00000,0.00000,0.99785,0.00085,0.00000
10.78400,0.12794,0.00187,0.00000,0.00006,0.00000,0.00000,0.00000,0.99588,0.00220,0.00000
10.81600,0.12794,0.00696,0.00000,0.00035,0.00000,0.00000,0.00000,0.98152,0.01117,0.00000
10.84800,0.12794,0.01249,0.00002,0.00080,0.00000,0.00000,0.00000,0.96692,0.01976,0.00000
10.88000,0.12794,0.07821,0.00019,0.00859,0.00000,0.00001,0.00001,0.76749,0.14550,0.00000
10.91200,0.12794,0.11151,0.00046,0.01590,0.00000,0.00005,0.00001,0.60002,0.27205,0.00001
10.94400,0.12794,0.06701,0.00049,0.00819,0.00000,0.00004,0.00001,0.81521,0.10905,0.00000
10.97600,0.12794,0.07600,0.00047,0.00923,0.00000,0.00004,0.00001,0.82350,0.09074,0.00000
11.00800,0.12794,0.03899,0.00027,0.00457,0.00000,0.00003,0.00000,0.87522,0.08093,0.00000
11.04000,0.12794,0.04666,0.00033,0.00697,0.00000,0.00004,0.00000,0.82058,0.12541,0.00000
11.07200,0.12794,0.04552,0.00010,0.00718,0.00000,0.00002,0.00000,0.72478,0.22239,0.00000
11.10400,0.12794,0.06442,0.00006,0.01122,0.00000,0.00003,0.00000,0.48179,0.44249,0.00000
11.13600,0.12794,0.10581,0.00004,0.02070,0.00000,0.00003,0.00000,0.25728,0.61613,0.00000
11.16800,0.12794,0.13454,0.00007,0.02216,0.00000,0.00004,0.00000,0.09929,0.74391,0.00000
11.20000,0.12794,0.16194,0.00022,0.03152,0.00000,0.00006,0.00000,0.02507,0.78119,0.00000
11.23200,0.12794,0.18574,0.00104,0.03425,0.00000,0.00007,0.00000,0.02500,0.75389,0.00000
11.26400,0.12794,0.27819,0.00400,0.03388,0.00000,0.00007,0.00000,0.09467,0.58918,0.00000
11.29600,0.12794,0.32952,0.00290,0.03536,0.00000,0.00003,0.00000,0.17049,0.46169,0.00000
11.32800,0.12794,0.23130,0.00078,0.02250,0.00000,0.00001,0.00000,0.59296,0.15245,0.00000
11.36000,0.12794,0.16802,0.00077,0.01091,0.00000,0.00001,0.00001,0.80127,0.01901,0.00000
11.39200,0.12794,0.06879,0.00019,0.00542,0.00000,0.00000,0.00000,0.91404,0.01156,0.00000
11.42400,0.12794,0.01511,0.00003,0.00071,0.00000,0.00000,0.00000,0.98120,0.00295,0.00000
11.45600,0.12794,0.00725,0.00001,0.00022,0.00000,0.00000,0.00000,0.99026,0.00226,0.00000
11.48800,0.12794,0.00279,0.00000,0.00008,0.00000,0.00000,0.00000,0.99473,0.00240,0.00000
11.52000,0.12794,0.00306,0.00000,0.00006,0.00000,0.00000,0.00000,0.99469,0.00218,0.00000
11.55200,0.12794,0.00288,0.00000,0.00007,0.00000,0.00000,0.00000,0.99246,0.00459,0.00000
11.58400,0.12794,0.00380,0.00000,0.00010,0.00000,0.00000,0.00000,0.98948,0.00662,0.00000
11.61600,0.12794,0.00352,0.00000,0.00009,0.00000,0.00000,0.00000,0.98300,0.01339,0.00000
11.64800,0.12794,0.00347,0.00000,0.00008,0.00000,0.00000,0.00000,0.98489,0.01157,0.00000
11.68000,0.12794,0.00359,0.00000,0.00007,0.00000,0.00000,0.00000,0.99177,0.00456,0.00000
11.71200,0.12794,0.00357,0.00000,0.00006,0.00000,0.00000,0.00000,0.99376,0.00260,0.00000
11.74400,0.12794,0.00386,0.00000,0.00007,0.00000,0.00000,0.00000,0.99411,0.00196,0.00000
11.77600,0.12794,0.00490,0.00000,0.00008,0.00000,0.00000,0.00000,0.99296,0.00205,0.00000
11.80800,0.12794,0.00499,0.00000,0.00007,0.00000,0.00000,0.00000,0.99364,0.00129,0.00000
11.84000,0.12794,0.00765,0.00001,0.00011,0.00000,0.00000,0.00000,0.99109,0.00114,0.00000
11.87200,0.12794,0.01732,0.00004,0.00027,0.00000,0.00000,0.00000,0.98077,0.00160,0.00000
11.90400,0.12794,0.02168,0.00005,0.00040,0.00000,0.00000,0.00000,0.97620,0.00166,0.00000
11.93600,0.12794,0.03608,0.00011,0.00097,0.00000,0.00001,0.00000,0.95912,0.00371,0.00000
11.96800,0.12794,0.04298,0.00018,0.00150,0.00000,0.00002,0.00000,0.94902,0.00627,0.00001
12.00000,0.12794,0.03909,0.00016,0.00152,0.00000,0.00001,0.00000,0.95401,0.00519,0.00001
12.03200,0.12794,0.04408,0.00036,0.00181,0.00000,0.00002,0.00001,0.94752,0.00619,0.00001
12.06400,0.12794,0.03984,0.00085,0.00122,0.00000,0.00002,0.00001,0.95538,0.00266,0.00002
12.09600,0.12794,0.03983,0.00163,0.00096,0.00000,0.00002,0.00001,0.95611,0.00139,0.00004
