Time (seconds), Duration (seconds),pred_unlabeled,pred_down,pred_bottom left,pred_bottom right,pred_left,pred_right,pred_top,pred_top left,pred_top right
0.00000,0.12794,0.99232,0.00000,0.00001,0.00034,0.00000,0.00731,0.00000,0.00000,0.00003
0.03200,0.12794,0.99788,0.00000,0.00002,0.00019,0.00000,0.00177,0.00000,0.00000,0.00015
0.06400,0.12794,0.99890,0.00000,0.00003,0.00008,0.00000,0.00042,0.00000,0.00000,0.00057
0.09600,0.12794,0.99776,0.00000,0.00005,0.00005,0.00000,0.00012,0.00000,0.00000,0.00203
0.12800,0.12794,0.99302,0.00001,0.00010,0.00002,0.00000,0.00003,0.00000,0.00000,0.00682
0.16000,0.12794,0.99311,0.00001,0.00013,0.00003,0.00000,0.00005,0.00000,0.00000,0.00667
0.19200,0.12794,0.99151,0.00005,0.00030,0.00010,0.00000,0.00011,0.00000,0.00001,0.00792
0.22400,0.12794,0.98720,0.00051,0.00124,0.00053,0.00003,0.00033,0.00003,0.00014,0.00998
0.25600,0.12794,0.98110,0.00249,0.00303,0.00294,0.00014,0.00114,0.00015,0.00061,0.00840
0.28800,0.12794,0.97135,0.00571,0.00482,0.00929,0.00030,0.00352,0.00038,0.00165,0.00298
0.32000,0.12794,0.97341,0.00561,0.00354,0.01031,0.00020,0.00423,0.00034,0.00115,0.00121
0.35200,0.12794,0.98117,0.00244,0.00162,0.00830,0.00008,0.00485,0.00024,0.00032,0.00098
0.38400,0.12794,0.97626,0.00237,0.00104,0.01215,0.00006,0.00632,0.00022,0.00015,0.00142
0.41600,0.12794,0.97321,0.00382,0.00146,0.01332,0.00011,0.00499,0.00029,0.00026,0.00255
0.44800,0.12794,0.94113,0.00834,0.00303,0.03248,0.00032,0.00827,0.00052,0.00065,0.00526
0.48000,0.12794,0.93953,0.01537,0.00474,0.02716,0.00048,0.00648,0.00066,0.00155,0.00403
0.51200,0.12794,0.95073,0.01290,0.00726,0.01679,0.00058,0.00580,0.00073,0.00352,0.00169
0.54400,0.12794,0.95657,0.00655,0.00567,0.01934,0.00052,0.00719,0.00041,0.00227,0.00146
0.57600,0.12794,0.96325,0.00487,0.00393,0.01822,0.00038,0.00654,0.00027,0.00128,0.00127
0.60800,0.12794,0.95416,0.00470,0.00380,0.02597,0.00054,0.00772,0.00027,0.00140,0.00144
0.64000,0.12794,0.97149,0.00409,0.00243,0.01428,0.00041,0.00401,0.00018,0.00080,0.00232
0.67200,0.12794,0.97361,0.00851,0.00265,0.00953,0.00041,0.00255,0.00023,0.00113,0.00139
0.70400,0.12794,0.97308,0.01286,0.00317,0.00550,0.00039,0.00171,0.00032,0.00190,0.00107
0.73600,0.12794,0.98174,0.00906,0.00208,0.00388,0.00019,0.00128,0.00016,0.00089,0.00071
0.76800,0.12794,0.96812,0.01726,0.00398,0.00513,0.00040,0.00181,0.00037,0.00238,0.00055
0.80000,0.12794,0.97610,0.00943,0.00213,0.00759,0.00021,0.00267,0.00025,0.00068,0.00095
0.83200,0.12794,0.98028,0.00388,0.00154,0.00881,0.00011,0.00413,0.00018,0.00033,0.00073
0.86400,0.12794,0.98349,0.00176,0.00302,0.00575,0.00015,0.00406,0.00028,0.00061,0.00087
0.89600,0.12794,0.98569,0.00056,0.00281,0.00514,0.00008,0.00319,0.00012,0.00029,0.00211
0.92800,0.12794,0.98935,0.00045,0.00386,0.00156,0.00009,0.00139,0.00020,0.00053,0.00258
0.96000,0.12794,0.98984,0.00042,0.00433,0.00078,0.00011,0.00083,0.00024,0.00069,0.00276
0.99200,0.12794,0.99099,0.00070,0.00302,0.00092,0.00008,0.00108,0.00033,0.00052,0.00235
1.02400,0.12794,0.99148,0.00066,0.00143,0.00160,0.00006,0.00223,0.00039,0.00022,0.00193
1.05600,0.12794,0.97888,0.00064,0.00132,0.00817,0.00007,0.00868,0.00027,0.00016,0.00180
1.08800,0.12794,0.96067,0.00114,0.00196,0.01888,0.00009,0.01424,0.00035,0.00025,0.00241
1.12000,0.12794,0.96061,0.00161,0.00155,0.02215,0.00008,0.01158,0.00023,0.00022,0.00196
1.15200,0.12794,0.97467,0.00512,0.00277,0.01088,0.00015,0.00465,0.00026,0.00079,0.00071
1.18400,0.12794,0.97465,0.01256,0.00340,0.00493,0.00014,0.00213,0.00041,0.00127,0.00050
1.21600,0.12794,0.97678,0.01541,0.00170,0.00314,0.00008,0.00138,0.00039,0.00054,0.00059
1.24800,0.12794,0.96838,0.02211,0.00153,0.00456,0.00009,0.00137,0.00036,0.00038,0.00121
1.28000,0.12794,0.97193,0.01752,0.00170,0.00485,0.00009,0.00188,0.00047,0.00042,0.00113
1.31200,0.12794,0.96508,0.01738,0.00175,0.00949,0.00012,0.00296,0.00051,0.00037,0.00234
1.34400,0.12794,0.96143,0.01597,0.00239,0.01289,0.00016,0.00364,0.00046,0.00054,0.00252
1.37600,0.12794,0.96753,0.00863,0.00247,0.01318,0.00013,0.00522,0.00042,0.00053,0.00191
1.40800,0.12794,0.96632,0.00528,0.00150,0.01689,0.00008,0.00496,0.00020,0.00019,0.00458
1.44000,0.12794,0.98501,0.00215,0.00112,0.00594,0.00006,0.00337,0.00015,0.00014,0.00206
1.47200,0.12794,0.98636,0.00080,0.00115,0.00573,0.00004,0.00450,0.00010,0.00013,0.00117
1.50400,0.12794,0.98494,0.00155,0.00166,0.00583,0.00007,0.00410,0.00022,0.00024,0.00139
1.53600,0.12794,0.98122,0.00270,0.00290,0.00494,0.00011,0.00596,0.00085,0.00066,0.00066
1.56800,0.12794,0.97317,0.00388,0.00383,0.00793,0.00011,0.00839,0.00116,0.00095,0.00058
1.60000,0.12794,0.97436,0.00462,0.00204,0.00812,0.00009,0.00825,0.00116,0.00039,0.00099
1.63200,0.12794,0.97915,0.00243,0.00166,0.00652,0.00006,0.00847,0.00072,0.00034,0.00065
1.66400,0.12794,0.97496,0.00132,0.00146,0.01007,0.00006,0.01054,0.00034,0.00021,0.00103
1.69600,0.12794,0.97002,0.00192,0.00167,0.01264,0.00007,0.01177,0.00042,0.00026,0.00123
1.72800,0.12794,0.96795,0.00192,0.00192,0.01372,0.00008,0.01252,0.00042,0.00026,0.00121
1.76000,0.12794,0.95433,0.00267,0.00244,0.02026,0.00010,0.01803,0.00062,0.00035,0.00121
1.79200,0.12794,0.94928,0.00175,0.00126,0.02466,0.00006,0.02095,0.00044,0.00013,0.00147
1.82400,0.12794,0.95760,0.00168,0.00151,0.01961,0.00006,0.01787,0.00044,0.00019,0.00104
1.85600,0.12794,0.95927,0.00182,0.00171,0.01867,0.00007,0.01677,0.00048,0.00023,0.00099
1.88800,0.12794,0.97725,0.00141,0.00116,0.00845,0.00005,0.00964,0.00047,0.00013,0.00144
1.92000,0.12794,0.97736,0.00466,0.00299,0.00479,0.00013,0.00668,0.00156,0.00057,0.00127
1.95200,0.12794,0.97764,0.00294,0.00192,0.00602,0.00010,0.00815,0.00112,0.00026,0.00185
1.98400,0.12794,0.97877,0.00396,0.00286,0.00387,0.00010,0.00727,0.00173,0.00061,0.00081
2.01600,0.12794,0.96715,0.00429,0.00314,0.01053,0.00012,0.01188,0.00127,0.00070,0.00092
2.04800,0.12794,0.95004,0.00294,0.00308,0.02070,0.00009,0.02066,0.00102,0.00062,0.00086
2.08000,0.12794,0.94953,0.00244,0.00308,0.02179,0.00009,0.02059,0.00087,0.00055,0.00107
2.11200,0.12794,0.93569,0.00169,0.00207,0.03301,0.00008,0.02443,0.00060,0.00026,0.00218
2.14400,0.12794,0.92911,0.00156,0.00182,0.03499,0.00008,0.02868,0.00063,0.00019,0.00293
2.17600,0.12794,0.94275,0.00129,0.00116,0.02829,0.00006,0.02232,0.00050,0.00010,0.00353
2.20800,0.12794,0.95875,0.00196,0.00249,0.01655,0.00009,0.01744,0.00094,0.00038,0.00140
2.24000,0.12794,0.95936,0.00240,0.00340,0.01566,0.00011,0.01608,0.00105,0.00057,0.00138
2.27200,0.12794,0.92888,0.00732,0.00736,0.03113,0.00030,0.01891,0.00186,0.00176,0.00248
2.30400,0.12794,0.88897,0.01727,0.01159,0.04878,0.00064,0.02035,0.00337,0.00355,0.00548
2.33600,0.12794,0.90278,0.02365,0.00889,0.03361,0.00059,0.01333,0.00460,0.00249,0.01007
2.36800,0.12794,0.87912,0.03420,0.01218,0.03782,0.00097,0.01446,0.00644,0.00432,0.01049
2.40000,0.12794,0.92583,0.01722,0.00967,0.02088,0.00058,0.01168,0.00474,0.00323,0.00618
2.43200,0.12794,0.93257,0.01145,0.01074,0.01957,0.00045,0.01451,0.00406,0.00370,0.00295
2.46400,0.12794,0.85080,0.00775,0.00822,0.08565,0.00038,0.03988,0.00199,0.00187,0.00347
2.49600,0.12794,0.84276,0.00512,0.00806,0.09064,0.00024,0.04752,0.00157,0.00181,0.00227
2.52800,0.12794,0.79455,0.00260,0.00748,0.12491,0.00021,0.06583,0.00106,0.00133,0.00202
2.56000,0.12794,0.77960,0.00201,0.00592,0.13704,0.00017,0.07155,0.00079,0.00093,0.00198
2.59200,0.12794,0.79502,0.00098,0.00379,0.12281,0.00010,0.07409,0.00050,0.00047,0.00225
2.62400,0.12794,0.74984,0.00244,0.00255,0.18739,0.00007,0.04480,0.00053,0.00024,0.01215
2.65600,0.12794,0.64357,0.00884,0.00141,0.20492,0.00003,0.01370,0.00054,0.00010,0.12691
2.68800,0.12794,0.31167,0.01654,0.00038,0.13284,0.00001,0.00225,0.00025,0.00002,0.53604
2.72000,0.12794,0.10072,0.04268,0.00021,0.03139,0.00000,0.00015,0.00010,0.00001,0.82472
2.75200,0.12794,0.08346,0.02027,0.00014,0.03751,0.00000,0.00014,0.00004,0.00000,0.85843
2.78400,0.12794,0.13159,0.01102,0.00018,0.13598,0.00000,0.00061,0.00003,0.00001,0.72059
2.81600,0.12794,0.15550,0.00512,0.00022,0.27760,0.00000,0.00132,0.00001,0.00001,0.56022
2.84800,0.12794,0.11040,0.00090,0.00006,0.31716,0.00000,0.00147,0.00000,0.00000,0.57001
2.88000,0.12794,0.08810,0.00068,0.00003,0.12141,0.00000,0.00052,0.00000,0.00000,0.78926
2.91200,0.12794,0.09265,0.00093,0.00004,0.09695,0.00000,0.00049,0.00000,0.00000,0.80893
2.94400,0.12794,0.05456,0.00306,0.00004,0.04611,0.00000,0.00020,0.00001,0.00000,0.89603
2.97600,0.12794,0.06516,0.02020,0.00010,0.04274,0.00000,0.00022,0.00008,0.00000,0.87150
3.00800,0.12794,0.07968,0.11320,0.00025,0.05147,0.00000,0.00024,0.00025,0.00001,0.75491
3.04000,0.12794,0.05075,0.41555,0.00031,0.01886,0.00000,0.00006,0.00023,0.00000,0.51423
3.07200,0.12794,0.06917,0.54295,0.00062,0.02321,0.00001,0.00010,0.00042,0.00001,0.36351
3.10400,0.12794,0.09134,0.52622,0.00074,0.05604,0.00001,0.00014,0.00017,0.00002,0.32533
3.13600,0.12794,0.14240,0.40003,0.00136,0.10299,0.00002,0.00045,0.00049,0.00007,0.35218
3.16800,0.12794,0.17197,0.34642,0.00140,0.13422,0.00004,0.00078,0.00085,0.00015,0.34418
3.20000,0.12794,0.14715,0.32571,0.00118,0.18201,0.00002,0.00064,0.00032,0.00010,0.34286
3.23200,0.12794,0.17320,0.25855,0.00138,0.10922,0.00004,0.00079,0.00109,0.00014,0.45558
3.26400,0.12794,0.15976,0.07993,0.00066,0.08388,0.00001,0.00069,0.00049,0.00005,0.67453
3.29600,0.12794,0.13632,0.04942,0.00029,0.03612,0.00001,0.00031,0.00038,0.00002,0.77713
3.32800,0.12794,0.16366,0.04274,0.00021,0.04385,0.00000,0.00043,0.00037,0.00001,0.74874
3.36000,0.12794,0.19561,0.05424,0.00012,0.00925,0.00000,0.00019,0.00115,0.00000,0.73943
3.39200,0.12794,0.21585,0.15066,0.00015,0.00966,0.00000,0.00018,0.00218,0.00000,0.62132
3.42400,0.12794,0.17379,0.15809,0.00013,0.01594,0.00000,0.00016,0.00090,0.00000,0.65098
3.45600,0.12794,0.14037,0.11605,0.00017,0.00637,0.00000,0.00008,0.00147,0.00000,0.73549
3.48800,0.12794,0.12211,0.04912,0.00025,0.02042,0.00000,0.00020,0.00061,0.00000,0.80729
3.52000,0.12794,0.09122,0.02233,0.00030,0.01346,0.00000,0.00016,0.00067,0.00001,0.87184
3.55200,0.12794,0.05543,0.00336,0.00013,0.00521,0.00000,0.00014,0.00095,0.00001,0.93477
3.58400,0.12794,0.03622,0.00179,0.00006,0.00258,0.00000,0.00008,0.00087,0.00000,0.95839
3.61600,0.12794,0.02176,0.00126,0.00005,0.00244,0.00000,0.00006,0.00036,0.00000,0.97408
3.64800,0.12794,0.01370,0.00120,0.00002,0.00197,0.00000,0.00003,0.00016,0.00000,0.98291
3.68000,0.12794,0.01809,0.00163,0.00003,0.00237,0.00000,0.00004,0.00012,0.00000,0.97772
3.71200,0.12794,0.01854,0.00129,0.00002,0.00300,0.00000,0.00004,0.00008,0.00000,0.97703
3.74400,0.12794,0.01707,0.00191,0.00002,0.00241,0.00000,0.00003,0.00005,0.00000,0.97852
3.77600,0.12794,0.01983,0.00142,0.00001,0.00422,0.00000,0.00004,0.00003,0.00000,0.97445
3.80800,0.12794,0.01298,0.00165,0.00001,0.00262,0.00000,0.00002,0.00003,0.00000,0.98269
3.84000,0.12794,0.01223,0.00133,0.00000,0.00128,0.00000,0.00001,0.00003,0.00000,0.98511
3.87200,0.12794,0.02007,0.00153,0.00001,0.00062,0.00000,0.00001,0.00012,0.00000,0.97764
3.90400,0.12794,0.03776,0.00247,0.00001,0.00033,0.00000,0.00002,0.00074,0.00000,0.95867
3.93600,0.12794,0.06974,0.00427,0.00002,0.00021,0.00000,0.00002,0.00266,0.00000,0.92307
3.96800,0.12794,0.09727,0.01078,0.00007,0.00023,0.00000,0.00003,0.00869,0.00000,0.88293
4.00000,0.12794,0.09774,0.00980,0.00008,0.00035,0.00000,0.00004,0.00608,0.00000,0.88590
4.03200,0.12794,0.08042,0.01316,0.00007,0.00026,0.00000,0.00002,0.00273,0.00000,0.90333
4.06400,0.12794,0.08425,0.00677,0.00007,0.00044,0.00000,0.00004,0.00167,0.00000,0.90675
4.09600,0.12794,0.08958,0.00420,0.00005,0.00073,0.00000,0.00005,0.00059,0.00000,0.90479
4.12800,0.12794,0.09564,0.00484,0.00005,0.00135,0.00000,0.00008,0.00039,0.00000,0.89765
4.16000,0.12794,0.10236,0.00418,0.00005,0.00176,0.00000,0.00010,0.00031,0.00000,0.89125
4.19200,0.12794,0.10174,0.00820,0.00006,0.00219,0.00000,0.00010,0.00037,0.00000,0.88734
4.22400,0.12794,0.10105,0.01500,0.00007,0.00288,0.00000,0.00007,0.00019,0.00000,0.88074
4.25600,0.12794,0.08696,0.01250,0.00007,0.00294,0.00000,0.00007,0.00023,0.00000,0.89722
4.28800,0.12794,0.08768,0.01644,0.00008,0.00501,0.00000,0.00007,0.00010,0.00000,0.89062
4.32000,0.12794,0.08531,0.00856,0.00007,0.00731,0.00000,0.00010,0.00008,0.00000,0.89857
4.35200,0.12794,0.09665,0.00239,0.00009,0.00838,0.00000,0.00028,0.00025,0.00001,0.89195
4.38400,0.12794,0.11303,0.00284,0.00014,0.01091,0.00000,0.00050,0.00055,0.00001,0.87202
4.41600,0.12794,0.11037,0.00283,0.00014,0.00713,0.00001,0.00065,0.00156,0.00001,0.87731
4.44800,0.12794,0.14684,0.00447,0.00020,0.00415,0.00001,0.00052,0.00289,0.00001,0.84091
4.48000,0.12794,0.12285,0.00986,0.00013,0.00158,0.00001,0.00018,0.00321,0.00001,0.86217
4.51200,0.12794,0.10087,0.00582,0.00007,0.00100,0.00000,0.00011,0.00198,0.00000,0.89013
4.54400,0.12794,0.13262,0.00516,0.00008,0.00069,0.00000,0.00012,0.00553,0.00000,0.85578
4.57600,0.12794,0.12131,0.00579,0.00005,0.00055,0.00000,0.00010,0.00619,0.00000,0.86600
4.60800,0.12794,0.09678,0.00415,0.00006,0.00069,0.00000,0.00011,0.00658,0.00000,0.89162
4.64000,0.12794,0.06429,0.00345,0.00005,0.00071,0.00000,0.00008,0.00467,0.00000,0.92675
4.67200,0.12794,0.03275,0.00296,0.00003,0.00074,0.00000,0.00004,0.00200,0.00000,0.96147
4.70400,0.12794,0.02168,0.00236,0.00003,0.00106,0.00000,0.00004,0.00116,0.00000,0.97366
4.73600,0.12794,0.02281,0.00192,0.00003,0.00147,0.00000,0.00005,0.00095,0.00000,0.97276
4.76800,0.12794,0.02685,0.00242,0.00005,0.00125,0.00000,0.00006,0.00166,0.00000,0.96772
4.80000,0.12794,0.03122,0.00243,0.00007,0.00163,0.00000,0.00009,0.00207,0.00000,0.96248
4.83200,0.12794,0.03343,0.00354,0.00010,0.00122,0.00000,0.00007,0.00327,0.00000,0.95835
4.86400,0.12794,0.03522,0.00501,0.00013,0.00113,0.00000,0.00007,0.00457,0.00000,0.95386
4.89600,0.12794,0.04137,0.00407,0.00012,0.00153,0.00000,0.00009,0.00305,0.00000,0.94976
4.92800,0.12794,0.06039,0.00484,0.00014,0.00256,0.00000,0.00012,0.00258,0.00001,0.92936
4.96000,0.12794,0.09593,0.00664,0.00029,0.00427,0.00000,0.00019,0.00262,0.00001,0.89003
4.99200,0.12794,0.17687,0.03249,0.00054,0.00989,0.00001,0.00020,0.00139,0.00002,0.77859
5.02400,0.12794,0.20460,0.09005,0.00062,0.01522,0.00001,0.00018,0.00101,0.00001,0.68829
5.05600,0.12794,0.16202,0.13591,0.00043,0.01607,0.00000,0.00013,0.00053,0.00000,0.68491
5.08800,0.12794,0.14191,0.08932,0.00025,0.01693,0.00000,0.00015,0.00047,0.00000,0.75097
5.12000,0.12794,0.16862,0.04779,0.00022,0.00913,0.00000,0.00021,0.00206,0.00000,0.77196
5.15200,0.12794,0.14655,0.03683,0.00018,0.00949,0.00000,0.00028,0.00225,0.00000,0.80441
5.18400,0.12794,0.21302,0.11625,0.00043,0.00529,0.00001,0.00042,0.01503,0.00000,0.64955
5.21600,0.12794,0.32001,0.21015,0.00060,0.00163,0.00001,0.00025,0.05642,0.00000,0.41093
5.24800,0.12794,0.25965,0.26305,0.00046,0.00124,0.00000,0.00017,0.06026,0.00000,0.41516
5.28000,0.12794,0.32443,0.28181,0.00064,0.00099,0.00001,0.00012,0.06064,0.00001,0.33135
5.31200,0.12794,0.31192,0.09286,0.00032,0.00219,0.00001,0.00013,0.01606,0.00001,0.57651
5.34400,0.12794,0.17671,0.02958,0.00015,0.00930,0.00000,0.00022,0.00137,0.00000,0.78267
5.37600,0.12794,0.11028,0.01105,0.00009,0.00971,0.00000,0.00020,0.00045,0.00000,0.86821
5.40800,0.12794,0.07165,0.00484,0.00005,0.00513,0.00000,0.00016,0.00066,0.00000,0.91750
5.44000,0.12794,0.05523,0.00388,0.00005,0.00297,0.00000,0.00009,0.00067,0.00000,0.93710
5.47200,0.12794,0.05942,0.01250,0.00007,0.00219,0.00001,0.00008,0.00237,0.00001,0.92336
5.50400,0.12794,0.09506,0.03748,0.00025,0.00982,0.00001,0.00023,0.00272,0.00003,0.85439
5.53600,0.12794,0.11961,0.08413,0.00035,0.02139,0.00001,0.00028,0.00145,0.00003,0.77275
5.56800,0.12794,0.18945,0.17142,0.00066,0.04795,0.00002,0.00046,0.00118,0.00006,0.58880
5.60000,0.12794,0.19364,0.22169,0.00097,0.07655,0.00002,0.00053,0.00058,0.00007,0.50594
5.63200,0.12794,0.20812,0.32544,0.00076,0.04047,0.00002,0.00034,0.00077,0.00004,0.42405
5.66400,0.12794,0.22169,0.41276,0.00084,0.02649,0.00002,0.00032,0.00144,0.00005,0.33639
5.69600,0.12794,0.20551,0.56014,0.00118,0.01162,0.00005,0.00032,0.00847,0.00012,0.21260
5.72800,0.12794,0.29632,0.36154,0.00118,0.01107,0.00007,0.00057,0.03482,0.00018,0.29423
5.76000,0.12794,0.31331,0.27702,0.00144,0.01022,0.00010,0.00080,0.08302,0.00030,0.31379
5.79200,0.12794,0.28741,0.15293,0.00097,0.01409,0.00007,0.00090,0.06374,0.00020,0.47969
5.82400,0.12794,0.25967,0.14350,0.00087,0.05756,0.00005,0.00126,0.01159,0.00018,0.52533
5.85600,0.12794,0.19879,0.15960,0.00055,0.11523,0.00003,0.00096,0.00235,0.00010,0.52240
5.88800,0.12794,0.16102,0.14193,0.00029,0.11508,0.00002,0.00053,0.00090,0.00006,0.58017
5.92000,0.12794,0.16193,0.20034,0.00041,0.26366,0.00003,0.00090,0.00066,0.00012,0.37194
5.95200,0.12794,0.14125,0.23104,0.00034,0.16746,0.00002,0.00054,0.00074,0.00008,0.45852
5.98400,0.12794,0.12943,0.48099,0.00040,0.08241,0.00003,0.00037,0.00198,0.00009,0.30430
6.01600,0.12794,0.12932,0.50162,0.00054,0.04517,0.00003,0.00036,0.00517,0.00006,0.31774
6.04800,0.12794,0.11645,0.42974,0.00054,0.02070,0.00002,0.00024,0.00789,0.00004,0.42436
6.08000,0.12794,0.14058,0.30803,0.00067,0.00549,0.00002,0.00017,0.01921,0.00003,0.52580
6.11200,0.12794,0.12358,0.20085,0.00077,0.00647,0.00002,0.00020,0.01132,0.00003,0.65676
6.14400,0.12794,0.09928,0.11925,0.00060,0.00998,0.00001,0.00019,0.00292,0.00002,0.76774
6.17600,0.12794,0.10327,0.21503,0.00081,0.02256,0.00001,0.00022,0.00118,0.00002,0.65692
6.20800,0.12794,0.05561,0.07559,0.00027,0.01341,0.00000,0.00010,0.00048,0.00000,0.85453
6.24000,0.12794,0.01828,0.01597,0.00004,0.00590,0.00000,0.00002,0.00004,0.00000,0.95974
6.27200,0.12794,0.01892,0.01419,0.00004,0.00344,0.00000,0.00002,0.00009,0.00000,0.96330
6.30400,0.12794,0.01044,0.00567,0.00001,0.00092,0.00000,0.00001,0.00013,0.00000,0.98283
6.33600,0.12794,0.01570,0.01985,0.00003,0.00128,0.00000,0.00001,0.00032,0.00000,0.96281
6.36800,0.12794,0.02871,0.07316,0.00007,0.00145,0.00000,0.00002,0.00201,0.00000,0.89457
6.40000,0.12794,0.03048,0.15170,0.00008,0.00200,0.00000,0.00002,0.00134,0.00000,0.81438
6.43200,0.12794,0.03674,0.22522,0.00008,0.00161,0.00000,0.00002,0.00144,0.00000,0.73489
6.46400,0.12794,0.03364,0.21535,0.00008,0.00223,0.00000,0.00001,0.00078,0.00000,0.74791
6.49600,0.12794,0.03641,0.21145,0.00008,0.00292,0.00000,0.00002,0.00078,0.00000,0.74833
6.52800,0.12794,0.02945,0.17325,0.00007,0.00277,0.00000,0.00002,0.00077,0.00000,0.79366
6.56000,0.12794,0.02523,0.12555,0.00005,0.00181,0.00000,0.00002,0.00108,0.00000,0.84626
6.59200,0.12794,0.01846,0.06816,0.00003,0.00098,0.00000,0.00001,0.00101,0.00000,0.91135
6.62400,0.12794,0.01884,0.06114,0.00003,0.00053,0.00000,0.00001,0.00181,0.00000,0.91765
6.65600,0.12794,0.01651,0.06550,0.00002,0.00051,0.00000,0.00001,0.00112,0.00000,0.91634
6.68800,0.12794,0.01872,0.08335,0.00002,0.00073,0.00000,0.00001,0.00089,0.00000,0.89628
6.72000,0.12794,0.02012,0.08982,0.00003,0.00117,0.00000,0.00001,0.00098,0.00000,0.88787
6.75200,0.12794,0.01413,0.06530,0.00002,0.00162,0.00000,0.00001,0.00024,0.00000,0.91869
6.78400,0.12794,0.01471,0.04819,0.00002,0.00231,0.00000,0.00001,0.00019,0.00000,0.93457
6.81600,0.12794,0.01636,0.02749,0.00002,0.00453,0.00000,0.00002,0.00012,0.00000,0.95146
6.84800,0.12794,0.02075,0.02680,0.00003,0.00833,0.00000,0.00003,0.00010,0.00000,0.94395
6.88000,0.12794,0.03987,0.02484,0.00008,0.01708,0.00000,0.00010,0.00018,0.00000,0.91785
6.91200,0.12794,0.06010,0.01774,0.00014,0.02322,0.00000,0.00026,0.00032,0.00001,0.89822
6.94400,0.12794,0.07649,0.01543,0.00018,0.02712,0.00000,0.00033,0.00024,0.00001,0.88019
6.97600,0.12794,0.12733,0.00627,0.00025,0.07497,0.00000,0.00117,0.00013,0.00002,0.78986
7.00800,0.12794,0.11594,0.00433,0.00017,0.07342,0.00000,0.00086,0.00006,0.00001,0.80520
7.04000,0.12794,0.13779,0.00249,0.00019,0.09152,0.00000,0.00129,0.00006,0.00002,0.76665
7.07200,0.12794,0.30253,0.01363,0.00111,0.15679,0.00005,0.00347,0.00037,0.00027,0.52178
7.10400,0.12794,0.30312,0.03106,0.00112,0.09937,0.00005,0.00183,0.00049,0.00026,0.56270
7.13600,0.12794,0.31497,0.03200,0.00094,0.06786,0.00005,0.00145,0.00069,0.00023,0.58182
7.16800,0.12794,0.25380,0.01288,0.00038,0.05441,0.00001,0.00095,0.00020,0.00005,0.67732
7.20000,0.12794,0.09653,0.00116,0.00004,0.01928,0.00000,0.00022,0.00002,0.00000,0.88276
7.23200,0.12794,0.07231,0.00083,0.00002,0.01461,0.00000,0.00013,0.00001,0.00000,0.91209
7.26400,0.12794,0.09359,0.00065,0.00004,0.03503,0.00000,0.00028,0.00001,0.00000,0.87041
7.29600,0.12794,0.09167,0.00070,0.00003,0.02987,0.00000,0.00019,0.00000,0.00000,0.87753
7.32800,0.12794,0.07181,0.00126,0.00004,0.02194,0.00000,0.00013,0.00000,0.00000,0.90482
7.36000,0.12794,0.06377,0.00051,0.00003,0.01453,0.00000,0.00013,0.00000,0.00000,0.92103
7.39200,0.12794,0.05553,0.00019,0.00001,0.00961,0.00000,0.00010,0.00000,0.00000,0.93456
7.42400,0.12794,0.04518,0.00018,0.00001,0.00588,0.00000,0.00008,0.00001,0.00000,0.94867
7.45600,0.12794,0.04511,0.00010,0.00001,0.00670,0.00000,0.00011,0.00000,0.00000,0.94798
7.48800,0.12794,0.03308,0.00015,0.00001,0.00431,0.00000,0.00006,0.00001,0.00000,0.96238
7.52000,0.12794,0.03169,0.00045,0.00001,0.00343,0.00000,0.00004,0.00002,0.00000,0.96436
7.55200,0.12794,0.05100,0.00087,0.00002,0.01227,0.00000,0.00012,0.00002,0.00000,0.93569
7.58400,0.12794,0.07731,0.00158,0.00005,0.02107,0.00000,0.00026,0.00004,0.00000,0.89969
7.61600,0.12794,0.07168,0.00412,0.00005,0.01797,0.00000,0.00017,0.00005,0.00000,0.90596
7.64800,0.12794,0.05754,0.01531,0.00008,0.01154,0.00000,0.00012,0.00020,0.00000,0.91521
7.68000,0.12794,0.02794,0.02750,0.00004,0.00184,0.00000,0.00002,0.00057,0.00000,0.94208
7.71200,0.12794,0.01895,0.03221,0.00003,0.00093,0.00000,0.00001,0.00041,0.00000,0.94746
7.74400,0.12794,0.03095,0.04760,0.00007,0.00120,0.00000,0.00002,0.00152,0.00000,0.91864
7.77600,0.12794,0.05173,0.05870,0.00013,0.00475,0.00000,0.00005,0.00120,0.00000,0.88343
7.80800,0.12794,0.10982,0.11907,0.00028,0.01721,0.00001,0.00020,0.00207,0.00001,0.75134
7.84000,0.12794,0.15192,0.22785,0.00040,0.02295,0.00002,0.00030,0.00389,0.00003,0.59264
7.87200,0.12794,0.15355,0.28549,0.00050,0.04489,0.00002,0.00037,0.00164,0.00005,0.51349
7.90400,0.12794,0.20715,0.27462,0.00083,0.02196,0.00004,0.00042,0.00598,0.00011,0.48890
7.93600,0.12794,0.21768,0.13513,0.00082,0.01414,0.00004,0.00046,0.00729,0.00010,0.62433
7.96800,0.12794,0.15816,0.04865,0.00032,0.00804,0.00001,0.00029,0.00418,0.00002,0.78032
8.00000,0.12794,0.20969,0.05745,0.00042,0.00314,0.00001,0.00022,0.01453,0.00002,0.71453
8.03200,0.12794,0.15675,0.05330,0.00029,0.00180,0.00001,0.00012,0.01010,0.00001,0.77762
8.06400,0.12794,0.17585,0.12405,0.00030,0.00120,0.00001,0.00006,0.01319,0.00001,0.68535
8.09600,0.12794,0.18636,0.20524,0.00042,0.00129,0.00001,0.00006,0.01900,0.00001,0.58760
8.12800,0.12794,0.14433,0.12529,0.00028,0.00230,0.00001,0.00006,0.00528,0.00001,0.72245
8.16000,0.12794,0.13851,0.08525,0.00023,0.00359,0.00000,0.00007,0.00241,0.00001,0.76993
8.19200,0.12794,0.11116,0.02343,0.00023,0.00569,0.00000,0.00014,0.00164,0.00001,0.85770
8.22400,0.12794,0.08665,0.00818,0.00017,0.00509,0.00000,0.00018,0.00175,0.00001,0.89797
8.25600,0.12794,0.09142,0.00811,0.00019,0.00235,0.00000,0.00015,0.00696,0.00001,0.89080
8.28800,0.12794,0.05535,0.00585,0.00014,0.00171,0.00000,0.00011,0.00625,0.00001,0.93058
8.32000,0.12794,0.03116,0.01046,0.00008,0.00115,0.00000,0.00004,0.00259,0.00000,0.95451
8.35200,0.12794,0.02769,0.01103,0.00008,0.00090,0.00000,0.00003,0.00233,0.00000,0.95794
8.38400,0.12794,0.01534,0.00361,0.00003,0.00099,0.00000,0.00002,0.00046,0.00000,0.97955
8.41600,0.12794,0.01591,0.00361,0.00002,0.00138,0.00000,0.00003,0.00032,0.00000,0.97872
8.44800,0.12794,0.01593,0.00226,0.00002,0.00165,0.00000,0.00003,0.00026,0.00000,0.97984
8.48000,0.12794,0.01443,0.00169,0.00002,0.00139,0.00000,0.00003,0.00026,0.00000,0.98218
8.51200,0.12794,0.01698,0.00080,0.00001,0.00220,0.00000,0.00004,0.00012,0.00000,0.97985
8.54400,0.12794,0.03122,0.00089,0.00001,0.00389,0.00000,0.00008,0.00012,0.00000,0.96378
8.57600,0.12794,0.09902,0.00251,0.00003,0.00319,0.00000,0.00015,0.00091,0.00000,0.89418
8.60800,0.12794,0.17320,0.00303,0.00005,0.00328,0.00000,0.00023,0.00157,0.00000,0.81864
8.64000,0.12794,0.20799,0.01182,0.00012,0.00153,0.00000,0.00018,0.00815,0.00000,0.77019
8.67200,0.12794,0.15886,0.01075,0.00015,0.00051,0.00000,0.00009,0.01321,0.00001,0.81643
8.70400,0.12794,0.07721,0.00845,0.00009,0.00050,0.00000,0.00006,0.00428,0.00000,0.90942
8.73600,0.12794,0.04549,0.00858,0.00005,0.00058,0.00000,0.00004,0.00152,0.00000,0.94374
8.76800,0.12794,0.04208,0.00227,0.00003,0.00091,0.00000,0.00005,0.00049,0.00000,0.95418
8.80000,0.12794,0.04579,0.00296,0.00003,0.00140,0.00000,0.00006,0.00032,0.00000,0.94944
8.83200,0.12794,0.05489,0.00150,0.00002,0.00168,0.00000,0.00008,0.00026,0.00000,0.94158
8.86400,0.12794,0.07418,0.00228,0.00003,0.00215,0.00000,0.00012,0.00036,0.00000,0.92088
8.89600,0.12794,0.08120,0.00499,0.00005,0.00277,0.00000,0.00013,0.00049,0.00000,0.91036
8.92800,0.12794,0.08229,0.00240,0.00005,0.00402,0.00000,0.00021,0.00043,0.00000,0.91058
8.96000,0.12794,0.08442,0.00249,0.00008,0.00741,0.00000,0.00037,0.00056,0.00001,0.90466
8.99200,0.12794,0.09886,0.00182,0.00011,0.00864,0.00001,0.00054,0.00068,0.00001,0.88934
9.02400,0.12794,0.10194,0.00144,0.00013,0.00969,0.00001,0.00068,0.00104,0.00001,0.88507
9.05600,0.12794,0.09847,0.00117,0.00009,0.00675,0.00000,0.00048,0.00073,0.00001,0.89230
9.08800,0.12794,0.09205,0.00148,0.00004,0.00615,0.00000,0.00025,0.00024,0.00000,0.89978
9.12000,0.12794,0.10484,0.00075,0.00003,0.00547,0.00000,0.00030,0.00021,0.00000,0.88840
9.15200,0.12794,0.11026,0.00130,0.00004,0.00238,0.00000,0.00015,0.00039,0.00000,0.88547
9.18400,0.12794,0.13685,0.00147,0.00008,0.00246,0.00000,0.00025,0.00156,0.00000,0.85732
9.21600,0.12794,0.23294,0.00212,0.00029,0.00147,0.00000,0.00039,0.01573,0.00002,0.74702
9.24800,0.12794,0.21133,0.00623,0.00026,0.00099,0.00000,0.00021,0.02432,0.00002,0.75663
9.28000,0.12794,0.15933,0.00639,0.00019,0.00190,0.00000,0.00023,0.00828,0.00001,0.82367
9.31200,0.12794,0.13720,0.00694,0.00015,0.00160,0.00000,0.00015,0.00631,0.00001,0.84765
9.34400,0.12794,0.06319,0.00506,0.00006,0.00183,0.00000,0.00010,0.00170,0.00000,0.92805
9.37600,0.12794,0.04645,0.00215,0.00006,0.00288,0.00000,0.00013,0.00083,0.00000,0.94752
9.40800,0.12794,0.04770,0.00127,0.00005,0.00377,0.00000,0.00018,0.00067,0.00000,0.94636
9.44000,0.12794,0.04188,0.00151,0.00006,0.00382,0.00000,0.00020,0.00095,0.00000,0.95157
9.47200,0.12794,0.04469,0.00196,0.00006,0.00339,0.00000,0.00019,0.00108,0.00000,0.94863
9.50400,0.12794,0.04454,0.00325,0.00009,0.00193,0.00000,0.00012,0.00234,0.00000,0.94773
9.53600,0.12794,0.04467,0.00640,0.00014,0.00145,0.00000,0.00009,0.00476,0.00000,0.94250
9.56800,0.12794,0.05347,0.00503,0.00014,0.00188,0.00000,0.00011,0.00370,0.00001,0.93565
9.60000,0.12794,0.07154,0.00437,0.00017,0.00239,0.00000,0.00015,0.00404,0.00001,0.91731
9.63200,0.12794,0.09311,0.00579,0.00027,0.00320,0.00001,0.00019,0.00439,0.00002,0.89303
9.66400,0.12794,0.10790,0.00853,0.00029,0.00522,0.00001,0.00018,0.00173,0.00002,0.87612
9.69600,0.12794,0.12138,0.01778,0.00032,0.00834,0.00000,0.00019,0.00100,0.00001,0.85097
9.72800,0.12794,0.11669,0.02821,0.00023,0.01180,0.00000,0.00017,0.00056,0.00001,0.84233
9.76000,0.12794,0.09433,0.02767,0.00012,0.01150,0.00000,0.00013,0.00034,0.00000,0.86591
9.79200,0.12794,0.13977,0.03864,0.00014,0.00684,0.00000,0.00014,0.00134,0.00000,0.81313
9.82400,0.12794,0.13829,0.04834,0.00016,0.00395,0.00000,0.00014,0.00364,0.00000,0.80546
9.85600,0.12794,0.22648,0.06526,0.00066,0.00287,0.00003,0.00019,0.01920,0.00004,0.68528
9.88800,0.12794,0.33782,0.06541,0.00114,0.00151,0.00005,0.00020,0.06607,0.00010,0.52769
9.92000,0.12794,0.32502,0.03800,0.00117,0.00137,0.00005,0.00023,0.07616,0.00012,0.55789
9.95200,0.12794,0.42724,0.04253,0.00156,0.00086,0.00007,0.00017,0.10676,0.00020,0.42061
9.98400,0.12794,0.29787,0.04588,0.00046,0.00155,0.00001,0.00015,0.02697,0.00002,0.62709
10.01600,0.12794,0.22561,0.03132,0.00028,0.00553,0.00001,0.00026,0.00548,0.00001,0.73149
10.04800,0.12794,0.21897,0.03400,0.00033,0.00621,0.00001,0.00032,0.00753,0.00002,0.73260
10.08000,0.12794,0.15791,0.02308,0.00022,0.00621,0.00001,0.00032,0.00702,0.00002,0.80522
10.11200,0.12794,0.19216,0.01771,0.00027,0.00429,0.00002,0.00036,0.01323,0.00003,0.77192
10.14400,0.12794,0.21547,0.04409,0.00044,0.00251,0.00004,0.00026,0.05638,0.00008,0.68073
10.17600,0.12794,0.20942,0.09780,0.00049,0.00649,0.00003,0.00026,0.01705,0.00006,0.66840
10.20800,0.12794,0.21349,0.15588,0.00062,0.01289,0.00003,0.00034,0.01156,0.00009,0.60509
10.24000,0.12794,0.23290,0.31556,0.00109,0.01755,0.00006,0.00036,0.01178,0.00020,0.42050
10.27200,0.12794,0.25930,0.31207,0.00131,0.02442,0.00007,0.00050,0.00892,0.00029,0.39312
10.30400,0.12794,0.26441,0.33625,0.00169,0.02063,0.00010,0.00066,0.01884,0.00045,0.35697
10.33600,0.12794,0.22123,0.39064,0.00136,0.01763,0.00007,0.00052,0.01529,0.00024,0.35301
10.36800,0.12794,0.21876,0.34752,0.00131,0.01554,0.00006,0.00062,0.02155,0.00019,0.39446
10.40000,0.12794,0.21171,0.38963,0.00109,0.02638,0.00005,0.00073,0.01531,0.00013,0.35497
10.43200,0.12794,0.25440,0.33665,0.00133,0.03657,0.00009,0.00124,0.02512,0.00027,0.34432
10.46400,0.12794,0.27165,0.21329,0.00114,0.06914,0.00008,0.00181,0.01420,0.00023,0.42848
10.49600,0.12794,0.22992,0.16865,0.00088,0.18566,0.00007,0.00227,0.00432,0.00021,0.40802
10.52800,0.12794,0.17852,0.10080,0.00049,0.12962,0.00003,0.00136,0.00234,0.00010,0.58672
10.56000,0.12794,0.13124,0.08656,0.00027,0.08961,0.00001,0.00063,0.00104,0.00003,0.69060
10.59200,0.12794,0.14059,0.13011,0.00043,0.14953,0.00002,0.00081,0.00096,0.00007,0.57747
10.62400,0.12794,0.11116,0.19071,0.00031,0.07439,0.00001,0.00045,0.00144,0.00003,0.62149
10.65600,0.12794,0.10081,0.22950,0.00038,0.07515,0.00002,0.00050,0.00244,0.00004,0.59117
10.68800,0.12794,0.10143,0.26672,0.00046,0.07456,0.00002,0.00062,0.00433,0.00004,0.55180
10.72000,0.12794,0.09857,0.23466,0.00039,0.01745,0.00001,0.00031,0.01111,0.00002,0.63747
10.75200,0.12794,0.10764,0.21964,0.00047,0.01054,0.00001,0.00020,0.00836,0.00001,0.65314
10.78400,0.12794,0.10739,0.18240,0.00049,0.00568,0.00001,0.00012,0.00602,0.00001,0.69788
10.81600,0.12794,0.09837,0.17079,0.00046,0.00489,0.00000,0.00006,0.00110,0.00000,0.72433
10.84800,0.12794,0.06381,0.13973,0.00038,0.01049,0.00000,0.00004,0.00012,0.00000,0.78543
10.88000,0.12794,0.04403,0.07041,0.00021,0.00738,0.00000,0.00004,0.00016,0.00000,0.87778
10.91200,0.12794,0.02232,0.01926,0.00008,0.00493,0.00000,0.00002,0.00006,0.00000,0.95332
10.94400,0.12794,0.02185,0.03171,0.00006,0.00532,0.00000,0.00003,0.00016,0.00000,0.94087
10.97600,0.12794,0.01703,0.02660,0.00004,0.00193,0.00000,0.00002,0.00038,0.00000,0.95401
11.00800,0.12794,0.02141,0.03281,0.00005,0.00164,0.00000,0.00002,0.00047,0.00000,0.94361
11.04000,0.12794,0.01902,0.05748,0.00004,0.00113,0.00000,0.00001,0.00066,0.00000,0.92166
11.07200,0.12794,0.01340,0.02594,0.00002,0.00047,0.00000,0.00001,0.00061,0.00000,0.95955
11.10400,0.12794,0.01556,0.03697,0.00003,0.00076,0.00000,0.00001,0.00078,0.00000,0.94589
11.13600,0.12794,0.01538,0.04834,0.00003,0.00090,0.00000,0.00001,0.00076,0.00000,0.93458
11.16800,0.12794,0.02278,0.09770,0.00005,0.00179,0.00000,0.00001,0.00078,0.00000,0.87689
11.20000,0.12794,0.02710,0.13814,0.00007,0.00215,0.00000,0.00002,0.00149,0.00000,0.83103
11.23200,0.12794,0.03006,0.16782,0.00007,0.00131,0.00000,0.00002,0.00294,0.00000,0.79779
11.26400,0.12794,0.02901,0.18227,0.00005,0.00130,0.00000,0.00002,0.00252,0.00000,0.78483
11.29600,0.12794,0.03237,0.15810,0.00006,0.00059,0.00000,0.00002,0.00806,0.00000,0.80080
11.32800,0.12794,0.02490,0.14469,0.00004,0.00065,0.00000,0.00001,0.00271,0.00000,0.82700
11.36000,0.12794,0.02910,0.09096,0.00004,0.00076,0.00000,0.00002,0.00254,0.00000,0.87658
11.39200,0.12794,0.02361,0.07195,0.00003,0.00085,0.00000,0.00001,0.00154,0.00000,0.90200
11.42400,0.12794,0.01960,0.05763,0.00002,0.00097,0.00000,0.00001,0.00066,0.00000,0.92111
11.45600,0.12794,0.02120,0.04960,0.00003,0.00159,0.00000,0.00001,0.00062,0.00000,0.92695
11.48800,0.12794,0.02444,0.05246,0.00004,0.00287,0.00000,0.00002,0.00031,0.00000,0.91987
11.52000,0.12794,0.03243,0.04511,0.00006,0.00386,0.00000,0.00003,0.00038,0.00000,0.91813
11.55200,0.12794,0.05923,0.05724,0.00018,0.01192,0.00000,0.00011,0.00042,0.00001,0.87090
11.58400,0.12794,0.09257,0.02827,0.00034,0.01849,0.00001,0.00034,0.00056,0.00002,0.85941
11.61600,0.12794,0.10685,0.02432,0.00042,0.02724,0.00001,0.00060,0.00059,0.00002,0.83994
11.64800,0.12794,0.17248,0.01372,0.00063,0.08819,0.00002,0.00243,0.00049,0.00005,0.72198
11.68000,0.12794,0.14665,0.00540,0.00032,0.06852,0.00001,0.00187,0.00023,0.00002,0.77699
11.71200,0.12794,0.12125,0.00397,0.00017,0.04879,0.00000,0.00091,0.00012,0.00001,0.82478
11.74400,0.12794,0.09981,0.00096,0.00007,0.02729,0.00000,0.00053,0.00005,0.00001,0.87128
11.77600,0.12794,0.06569,0.00114,0.00004,0.01253,0.00000,0.00015,0.00004,0.00000,0.92041
11.80800,0.12794,0.06498,0.00118,0.00004,0.01294,0.00000,0.00016,0.00005,0.00000,0.92064
11.84000,0.12794,0.06919,0.00069,0.00003,0.01436,0.00000,0.00023,0.00005,0.00000,0.91544
11.87200,0.12794,0.08798,0.00124,0.00006,0.02520,0.00000,0.00049,0.00009,0.00001,0.88494
11.90400,0.12794,0.09892,0.00087,0.00006,0.03194,0.00000,0.00062,0.00005,0.00000,0.86754
11.93600,0.12794,0.09251,0.00039,0.00005,0.04277,0.00000,0.00074,0.00001,0.00000,0.86353
11.96800,0.12794,0.08105,0.00038,0.00004,0.04153,0.00000,0.00053,0.00001,0.00000,0.87647
12.00000,0.12794,0.05098,0.00035,0.00002,0.02155,0.00000,0.00017,0.00000,0.00000,0.92693
12.03200,0.12794,0.05328,0.00054,0.00002,0.01871,0.00000,0.00016,0.00001,0.00000,0.92729
12.06400,0.12794,0.04219,0.00069,0.00002,0.00928,0.00000,0.00008,0.00001,0.00000,0.94773
12.09600,0.12794,0.05249,0.00050,0.00002,0.01466,0.00000,0.00019,0.00002,0.00000,0.93212
12.12800,0.12794,0.08601,0.00021,0.00002,0.02417,0.00000,0.00051,0.00002,0.00000,0.88905
12.16000,0.12794,0.06975,0.00014,0.00002,0.01791,0.00000,0.00046,0.00002,0.00000,0.91170
12.19200,0.12794,0.08641,0.00009,0.00002,0.02361,0.00000,0.00070,0.00001,0.00000,0.88916
12.22400,0.12794,0.08587,0.00019,0.00002,0.01701,0.00000,0.00043,0.00002,0.00000,0.89647
12.25600,0.12794,0.09374,0.00066,0.00004,0.02618,0.00000,0.00057,0.00005,0.00000,0.87875
12.28800,0.12794,0.08425,0.00132,0.00006,0.02769,0.00000,0.00051,0.00006,0.00000,0.88610
12.32000,0.12794,0.06144,0.00770,0.00008,0.00833,0.00000,0.00017,0.00035,0.00000,0.92192
12.35200,0.12794,0.04446,0.01241,0.00006,0.00457,0.00000,0.00010,0.00065,0.00000,0.93775
12.38400,0.12794,0.02798,0.01472,0.00003,0.00138,0.00000,0.00002,0.00061,0.00000,0.95525
12.41600,0.12794,0.03989,0.02422,0.00006,0.00139,0.00000,0.00003,0.00166,0.00000,0.93276
12.44800,0.12794,0.06667,0.03893,0.00010,0.00612,0.00000,0.00008,0.00098,0.00000,0.88712
12.48000,0.12794,0.11046,0.06565,0.00021,0.01886,0.00000,0.00023,0.00127,0.00001,0.80331
12.51200,0.12794,0.20077,0.18192,0.00063,0.02753,0.00002,0.00055,0.00587,0.00004,0.58267
12.54400,0.12794,0.21484,0.20555,0.00064,0.04653,0.00002,0.00060,0.00254,0.00005,0.52923
12.57600,0.12794,0.28282,0.26572,0.00113,0.02071,0.00005,0.00057,0.01208,0.00014,0.41678
12.60800,0.12794,0.30396,0.11540,0.00084,0.02102,0.00003,0.00079,0.00900,0.00008,0.54887
12.64000,0.12794,0.22160,0.03490,0.00043,0.02070,0.00001,0.00066,0.00276,0.00003,0.71890
12.67200,0.12794,0.37873,0.06113,0.00057,0.00591,0.00002,0.00041,0.02150,0.00005,0.53167
12.70400,0.12794,0.42979,0.03305,0.00066,0.00247,0.00001,0.00028,0.04691,0.00007,0.48676
12.73600,0.12794,0.42458,0.07753,0.00090,0.00082,0.00002,0.00013,0.15496,0.00009,0.34099
12.76800,0.12794,0.43571,0.10517,0.00092,0.00094,0.00002,0.00010,0.09660,0.00009,0.36045
12.80000,0.12794,0.27998,0.08539,0.00070,0.00162,0.00002,0.00011,0.02849,0.00005,0.60364
12.83200,0.12794,0.18796,0.08964,0.00040,0.00370,0.00001,0.00011,0.00396,0.00001,0.71421
12.86400,0.12794,0.13969,0.03748,0.00028,0.00608,0.00001,0.00014,0.00136,0.00001,0.81495
12.89600,0.12794,0.11098,0.01628,0.00020,0.00587,0.00001,0.00018,0.00159,0.00001,0.86489
12.92800,0.12794,0.05617,0.00674,0.00009,0.00457,0.00000,0.00012,0.00066,0.00000,0.93166
12.96000,0.12794,0.02784,0.00308,0.00004,0.00265,0.00000,0.00006,0.00029,0.00000,0.96604
12.99200,0.12794,0.01998,0.00300,0.00002,0.00185,0.00000,0.00003,0.00016,0.00000,0.97497
13.02400,0.12794,0.01589,0.00315,0.00001,0.00137,0.00000,0.00002,0.00010,0.00000,0.97946
13.05600,0.12794,0.01847,0.00261,0.00001,0.00159,0.00000,0.00002,0.00012,0.00000,0.97717
13.08800,0.12794,0.02244,0.00190,0.00001,0.00181,0.00000,0.00003,0.00012,0.00000,0.97368
13.12000,0.12794,0.02070,0.00180,0.00001,0.00120,0.00000,0.00002,0.00017,0.00000,0.97609
13.15200,0.12794,0.02343,0.00220,0.00002,0.00065,0.00000,0.00002,0.00039,0.00000,0.97329
13.18400,0.12794,0.02397,0.00164,0.00002,0.00042,0.00000,0.00001,0.00046,0.00000,0.97347
13.21600,0.12794,0.04743,0.00637,0.00005,0.00025,0.00000,0.00002,0.00555,0.00000,0.94032
13.24800,0.12794,0.08942,0.00835,0.00009,0.00026,0.00000,0.00004,0.01586,0.00000,0.88598
13.28000,0.12794,0.12962,0.01650,0.00012,0.00026,0.00000,0.00006,0.03160,0.00000,0.82184
13.31200,0.12794,0.16922,0.02249,0.00018,0.00030,0.00000,0.00010,0.06253,0.00001,0.74517
13.34400,0.12794,0.10079,0.00900,0.00008,0.00036,0.00000,0.00006,0.00868,0.00000,0.88102
13.37600,0.12794,0.06375,0.00489,0.00004,0.00033,0.00000,0.00003,0.00211,0.00000,0.92884
13.40800,0.12794,0.05480,0.00149,0.00003,0.00082,0.00000,0.00006,0.00062,0.00000,0.94216
13.44000,0.12794,0.05174,0.00086,0.00002,0.00117,0.00000,0.00007,0.00018,0.00000,0.94597
13.47200,0.12794,0.05913,0.00094,0.00002,0.00202,0.00000,0.00010,0.00013,0.00000,0.93766
13.50400,0.12794,0.09540,0.00091,0.00002,0.00366,0.00000,0.00024,0.00018,0.00000,0.89959
13.53600,0.12794,0.10528,0.00126,0.00003,0.00323,0.00000,0.00023,0.00022,0.00000,0.88975
13.56800,0.12794,0.09422,0.00554,0.00003,0.00256,0.00000,0.00008,0.00016,0.00000,0.89741
13.60000,0.12794,0.10860,0.00368,0.00003,0.00345,0.00000,0.00013,0.00017,0.00000,0.88393
13.63200,0.12794,0.08550,0.00770,0.00005,0.00338,0.00000,0.00010,0.00027,0.00000,0.90300
13.66400,0.12794,0.07775,0.00480,0.00004,0.00442,0.00000,0.00011,0.00016,0.00000,0.91272
13.69600,0.12794,0.10225,0.00121,0.00005,0.00696,0.00000,0.00042,0.00041,0.00000,0.88869
13.72800,0.12794,0.09997,0.00128,0.00005,0.00579,0.00000,0.00033,0.00036,0.00000,0.89221
13.76000,0.12794,0.11245,0.00069,0.00004,0.00665,0.00000,0.00041,0.00026,0.00000,0.87949
13.79200,0.12794,0.11347,0.00230,0.00005,0.00421,0.00000,0.00027,0.00046,0.00000,0.87924
13.82400,0.12794,0.08473,0.00381,0.00004,0.00210,0.00000,0.00012,0.00051,0.00000,0.90870
13.85600,0.12794,0.12350,0.00536,0.00008,0.00167,0.00000,0.00015,0.00204,0.00000,0.86718
13.88800,0.12794,0.17954,0.01527,0.00024,0.00100,0.00000,0.00016,0.01700,0.00001,0.78677
13.92000,0.12794,0.13738,0.01847,0.00022,0.00125,0.00000,0.00015,0.01784,0.00001,0.82467
13.95200,0.12794,0.09308,0.00801,0.00013,0.00114,0.00000,0.00011,0.00766,0.00000,0.88987
13.98400,0.12794,0.07246,0.00317,0.00008,0.00188,0.00000,0.00014,0.00175,0.00000,0.92052
14.01600,0.12794,0.04379,0.00088,0.00003,0.00348,0.00000,0.00017,0.00022,0.00000,0.95143
14.04800,0.12794,0.05076,0.00029,0.00003,0.00502,0.00000,0.00027,0.00012,0.00000,0.94350
14.08000,0.12794,0.08210,0.00045,0.00006,0.01211,0.00000,0.00076,0.00023,0.00000,0.90429
14.11200,0.12794,0.05712,0.00165,0.00006,0.00568,0.00000,0.00029,0.00059,0.00000,0.93460
14.14400,0.12794,0.05365,0.00243,0.00009,0.00522,0.00000,0.00027,0.00108,0.00000,0.93726
14.17600,0.12794,0.04339,0.00419,0.00011,0.00271,0.00000,0.00013,0.00193,0.00000,0.94754
14.20800,0.12794,0.03990,0.00990,0.00017,0.00158,0.00000,0.00008,0.00401,0.00000,0.94435
14.24000,0.12794,0.04070,0.00353,0.00013,0.00260,0.00000,0.00013,0.00226,0.00001,0.95066
14.27200,0.12794,0.05341,0.00441,0.00013,0.00305,0.00000,0.00013,0.00179,0.00001,0.93707
14.30400,0.12794,0.07209,0.00444,0.00017,0.00555,0.00000,0.00025,0.00146,0.00001,0.91601
14.33600,0.12794,0.09073,0.00574,0.00018,0.01015,0.00000,0.00025,0.00045,0.00001,0.89249
14.36800,0.12794,0.13931,0.02279,0.00030,0.01789,0.00001,0.00028,0.00043,0.00001,0.81898
14.40000,0.12794,0.13340,0.02919,0.00023,0.01926,0.00000,0.00022,0.00031,0.00000,0.81738
14.43200,0.12794,0.12937,0.03964,0.00016,0.01405,0.00000,0.00015,0.00034,0.00000,0.81629
14.46400,0.12794,0.19362,0.05069,0.00025,0.00816,0.00000,0.00019,0.00289,0.00001,0.74418
14.49600,0.12794,0.34419,0.04728,0.00055,0.00627,0.00001,0.00035,0.01452,0.00002,0.58681
14.52800,0.12794,0.21778,0.05203,0.00015,0.00234,0.00000,0.00011,0.01771,0.00000,0.70987
14.56000,0.12794,0.35883,0.16165,0.00034,0.00080,0.00001,0.00007,0.15890,0.00001,0.31940
14.59200,0.12794,0.38776,0.13195,0.00024,0.00048,0.00000,0.00005,0.18531,0.00001,0.29420
14.62400,0.12794,0.30988,0.13342,0.00018,0.00035,0.00000,0.00004,0.14204,0.00000,0.41408
14.65600,0.12794,0.48149,0.14384,0.00056,0.00109,0.00001,0.00013,0.09810,0.00002,0.27476
14.68800,0.12794,0.29807,0.02470,0.00018,0.00519,0.00000,0.00028,0.00491,0.00000,0.66666
14.72000,0.12794,0.14916,0.01374,0.00010,0.00860,0.00000,0.00028,0.00098,0.00000,0.82714
14.75200,0.12794,0.07891,0.00531,0.00005,0.00679,0.00000,0.00017,0.00040,0.00000,0.90836
14.78400,0.12794,0.07249,0.00464,0.00006,0.00292,0.00000,0.00014,0.00146,0.00000,0.91829
14.81600,0.12794,0.09522,0.01843,0.00015,0.00202,0.00001,0.00014,0.01054,0.00002,0.87347
14.84800,0.12794,0.11946,0.04073,0.00028,0.00424,0.00002,0.00018,0.01008,0.00005,0.82495
14.88000,0.12794,0.15722,0.13431,0.00059,0.00665,0.00005,0.00022,0.01542,0.00011,0.68542
14.91200,0.12794,0.19767,0.20932,0.00098,0.01310,0.00006,0.00029,0.00926,0.00018,0.56914
14.94400,0.12794,0.19800,0.37153,0.00124,0.02858,0.00006,0.00039,0.00476,0.00016,0.39528
14.97600,0.12794,0.20609,0.46522,0.00142,0.02393,0.00006,0.00037,0.00482,0.00017,0.29791
15.00800,0.12794,0.15589,0.59270,0.00090,0.01666,0.00002,0.00019,0.00198,0.00005,0.23160
15.04000,0.12794,0.16664,0.59668,0.00114,0.01601,0.00004,0.00027,0.00434,0.00010,0.21478
15.07200,0.12794,0.24542,0.39365,0.00134,0.01113,0.00006,0.00037,0.01198,0.00018,0.33587
15.10400,0.12794,0.26589,0.25686,0.00098,0.00701,0.00005,0.00037,0.02893,0.00013,0.43978
15.13600,0.12794,0.28894,0.12041,0.00091,0.00745,0.00007,0.00072,0.08021,0.00018,0.50111
15.16800,0.12794,0.25526,0.09223,0.00057,0.01154,0.00004,0.00069,0.03399,0.00009,0.60558
15.20000,0.12794,0.19474,0.09024,0.00034,0.02360,0.00002,0.00050,0.00625,0.00003,0.68427
15.23200,0.12794,0.15995,0.08664,0.00029,0.02713,0.00002,0.00038,0.00362,0.00004,0.72193
15.26400,0.12794,0.16227,0.12763,0.00037,0.06525,0.00002,0.00046,0.00139,0.00007,0.64254
15.29600,0.12794,0.14647,0.18110,0.00036,0.07895,0.00002,0.00042,0.00098,0.00005,0.59164
15.32800,0.12794,0.12874,0.23548,0.00036,0.04038,0.00002,0.00034,0.00272,0.00004,0.59192
15.36000,0.12794,0.09640,0.16157,0.00023,0.02916,0.00001,0.00026,0.00219,0.00001,0.71018
15.39200,0.12794,0.07730,0.09270,0.00018,0.01101,0.00001,0.00017,0.00406,0.00001,0.81455
15.42400,0.12794,0.06551,0.05777,0.00018,0.00392,0.00000,0.00012,0.00828,0.00001,0.86421
15.45600,0.12794,0.07578,0.06918,0.00032,0.00422,0.00001,0.00015,0.01032,0.00001,0.84001
15.48800,0.12794,0.08879,0.12966,0.00051,0.00584,0.00001,0.00019,0.01297,0.00002,0.76201
15.52000,0.12794,0.07407,0.15370,0.00049,0.00577,0.00001,0.00012,0.00541,0.00001,0.76041
15.55200,0.12794,0.10382,0.37611,0.00052,0.00362,0.00001,0.00010,0.01078,0.00002,0.50502
15.58400,0.12794,0.07675,0.48878,0.00028,0.00338,0.00001,0.00005,0.00525,0.00001,0.42549
15.61600,0.12794,0.08730,0.32086,0.00030,0.00224,0.00000,0.00005,0.00789,0.00001,0.58136
15.64800,0.12794,0.07998,0.27567,0.00021,0.00142,0.00000,0.00004,0.01539,0.00000,0.62727
15.68000,0.12794,0.03707,0.09093,0.00009,0.00118,0.00000,0.00002,0.00393,0.00000,0.86678
15.71200,0.12794,0.02021,0.02336,0.00004,0.00052,0.00000,0.00001,0.00233,0.00000,0.95353
15.74400,0.12794,0.01971,0.04047,0.00003,0.00066,0.00000,0.00001,0.00115,0.00000,0.93798
15.77600,0.12794,0.02162,0.04793,0.00003,0.00071,0.00000,0.00001,0.00124,0.00000,0.92846
15.80800,0.12794,0.02878,0.08127,0.00004,0.00122,0.00000,0.00001,0.00117,0.00000,0.88750
15.84000,0.12794,0.03018,0.19255,0.00006,0.00255,0.00000,0.00002,0.00097,0.00000,0.77367
15.87200,0.12794,0.03236,0.21707,0.00008,0.00277,0.00000,0.00002,0.00157,0.00000,0.74612
15.90400,0.12794,0.03567,0.25938,0.00007,0.00163,0.00000,0.00002,0.00286,0.00000,0.70038
15.93600,0.12794,0.02674,0.16267,0.00005,0.00121,0.00000,0.00002,0.00299,0.00000,0.80631
15.96800,0.12794,0.02298,0.06158,0.00003,0.00043,0.00000,0.00001,0.00429,0.00000,0.91067
16.00000,0.12794,0.01836,0.03190,0.00003,0.00029,0.00000,0.00001,0.00475,0.00000,0.94466
16.03200,0.12794,0.01691,0.02101,0.00003,0.00049,0.00000,0.00001,0.00218,0.00000,0.95936
16.06400,0.12794,0.01540,0.01988,0.00003,0.00061,0.00000,0.00001,0.00121,0.00000,0.96287
16.09600,0.12794,0.01757,0.03437,0.00003,0.00090,0.00000,0.00001,0.00122,0.00000,0.94590
16.12800,0.12794,0.01774,0.04401,0.00003,0.00220,0.00000,0.00002,0.00046,0.00000,0.93554
16.16000,0.12794,0.01919,0.06739,0.00004,0.00347,0.00000,0.00002,0.00034,0.00000,0.90954
16.19200,0.12794,0.03557,0.08625,0.00011,0.01086,0.00000,0.00006,0.00038,0.00000,0.86676
16.22400,0.12794,0.04573,0.06306,0.00016,0.02044,0.00000,0.00013,0.00026,0.00001,0.87021
16.25600,0.12794,0.08367,0.04843,0.00033,0.04015,0.00001,0.00040,0.00036,0.00002,0.82664
16.28800,0.12794,0.09399,0.01879,0.00028,0.04393,0.00001,0.00057,0.00024,0.00001,0.84218
16.32000,0.12794,0.11217,0.00867,0.00028,0.06658,0.00001,0.00113,0.00020,0.00002,0.81095
16.35200,0.12794,0.10631,0.00300,0.00016,0.07847,0.00000,0.00125,0.00009,0.00001,0.81070
16.38400,0.12794,0.09563,0.00117,0.00010,0.06124,0.00000,0.00091,0.00004,0.00001,0.84091
16.41600,0.12794,0.09907,0.00113,0.00011,0.08635,0.00000,0.00140,0.00006,0.00001,0.81186
16.44800,0.12794,0.08312,0.00085,0.00007,0.04250,0.00000,0.00072,0.00005,0.00001,0.87268
16.48000,0.12794,0.09551,0.00190,0.00010,0.03272,0.00000,0.00060,0.00011,0.00001,0.86904
16.51200,0.12794,0.09236,0.00320,0.00010,0.02914,0.00000,0.00050,0.00015,0.00001,0.87455
16.54400,0.12794,0.08317,0.00336,0.00007,0.01409,0.00000,0.00021,0.00010,0.00000,0.89900
16.57600,0.12794,0.07939,0.00363,0.00007,0.01892,0.00000,0.00018,0.00005,0.00000,0.89776
16.60800,0.12794,0.08591,0.00292,0.00008,0.02853,0.00000,0.00021,0.00002,0.00000,0.88234
16.64000,0.12794,0.07369,0.00216,0.00006,0.02172,0.00000,0.00014,0.00001,0.00000,0.90223
16.67200,0.12794,0.06175,0.00154,0.00005,0.02061,0.00000,0.00013,0.00001,0.00000,0.91591
16.70400,0.12794,0.06892,0.00182,0.00005,0.01413,0.00000,0.00015,0.00002,0.00000,0.91492
16.73600,0.12794,0.05611,0.00067,0.00002,0.00975,0.00000,0.00013,0.00001,0.00000,0.93330
16.76800,0.12794,0.05900,0.00050,0.00002,0.01089,0.00000,0.00018,0.00002,0.00000,0.92939
16.80000,0.12794,0.05543,0.00039,0.00001,0.00803,0.00000,0.00014,0.00002,0.00000,0.93598
16.83200,0.12794,0.03773,0.00030,0.00001,0.00485,0.00000,0.00007,0.00001,0.00000,0.95703
16.86400,0.12794,0.03917,0.00055,0.00001,0.00579,0.00000,0.00008,0.00002,0.00000,0.95438
16.89600,0.12794,0.04234,0.00080,0.00002,0.00799,0.00000,0.00007,0.00002,0.00000,0.94877
16.92800,0.12794,0.04468,0.00063,0.00002,0.01164,0.00000,0.00011,0.00002,0.00000,0.94290
16.96000,0.12794,0.05051,0.00229,0.00004,0.01351,0.00000,0.00013,0.00005,0.00000,0.93347
16.99200,0.12794,0.03895,0.00693,0.00004,0.00546,0.00000,0.00006,0.00013,0.00000,0.94842
17.02400,0.12794,0.02424,0.01783,0.00003,0.00227,0.00000,0.00003,0.00037,0.00000,0.95522
17.05600,0.12794,0.03534,0.09239,0.00009,0.00209,0.00000,0.00003,0.00119,0.00000,0.86886
17.08800,0.12794,0.04454,0.10717,0.00014,0.00276,0.00000,0.00004,0.00157,0.00000,0.84378
17.12000,0.12794,0.05842,0.12097,0.00022,0.00812,0.00000,0.00009,0.00136,0.00000,0.81083
17.15200,0.12794,0.09499,0.11889,0.00034,0.01262,0.00001,0.00018,0.00234,0.00001,0.77064
17.18400,0.12794,0.10900,0.08599,0.00031,0.01813,0.00001,0.00028,0.00274,0.00002,0.78352
17.21600,0.12794,0.14905,0.10441,0.00041,0.02377,0.00002,0.00038,0.00340,0.00004,0.71852
17.24800,0.12794,0.24894,0.11735,0.00076,0.01645,0.00004,0.00053,0.01143,0.00012,0.60440
17.28000,0.12794,0.23792,0.07891,0.00063,0.01506,0.00003,0.00049,0.00756,0.00007,0.65934
17.31200,0.12794,0.21806,0.03351,0.00042,0.01249,0.00002,0.00049,0.00470,0.00004,0.73026
17.34400,0.12794,0.17928,0.02084,0.00023,0.00625,0.00001,0.00027,0.00415,0.00002,0.78895
17.37600,0.12794,0.09993,0.02446,0.00006,0.00244,0.00000,0.00008,0.00264,0.00000,0.87039
17.40800,0.12794,0.14770,0.03977,0.00009,0.00247,0.00000,0.00010,0.00536,0.00000,0.80450
17.44000,0.12794,0.15741,0.04902,0.00008,0.00242,0.00000,0.00008,0.00444,0.00000,0.78655
17.47200,0.12794,0.14192,0.04288,0.00009,0.00448,0.00000,0.00010,0.00214,0.00000,0.80838
17.50400,0.12794,0.14401,0.01683,0.00015,0.00812,0.00000,0.00020,0.00101,0.00001,0.82968
17.53600,0.12794,0.10506,0.00893,0.00013,0.00518,0.00000,0.00014,0.00090,0.00001,0.87965
17.56800,0.12794,0.05044,0.00319,0.00007,0.00360,0.00000,0.00009,0.00058,0.00000,0.94204
17.60000,0.12794,0.04106,0.00205,0.00006,0.00240,0.00000,0.00009,0.00087,0.00000,0.95348
17.63200,0.12794,0.02942,0.00112,0.00005,0.00174,0.00000,0.00007,0.00060,0.00000,0.96701
17.66400,0.12794,0.03377,0.00110,0.00005,0.00238,0.00000,0.00011,0.00065,0.00000,0.96192
17.69600,0.12794,0.04335,0.00203,0.00008,0.00218,0.00000,0.00012,0.00121,0.00000,0.95103
17.72800,0.12794,0.03567,0.00193,0.00005,0.00227,0.00000,0.00009,0.00063,0.00000,0.95936
17.76000,0.12794,0.03659,0.00366,0.00005,0.00254,0.00000,0.00007,0.00049,0.00000,0.95660
17.79200,0.12794,0.04418,0.00767,0.00006,0.00129,0.00000,0.00004,0.00132,0.00000,0.94544
17.82400,0.12794,0.04054,0.01013,0.00006,0.00069,0.00000,0.00002,0.00189,0.00000,0.94667
17.85600,0.12794,0.04046,0.01071,0.00008,0.00072,0.00000,0.00003,0.00321,0.00000,0.94479
17.88800,0.12794,0.06405,0.01322,0.00006,0.00055,0.00000,0.00004,0.00621,0.00000,0.91586
17.92000,0.12794,0.11321,0.02262,0.00009,0.00056,0.00000,0.00007,0.01675,0.00000,0.84670
17.95200,0.12794,0.21133,0.03688,0.00015,0.00053,0.00000,0.00012,0.04215,0.00000,0.70882
17.98400,0.12794,0.23076,0.05233,0.00016,0.00026,0.00000,0.00008,0.06728,0.00000,0.64912
18.01600,0.12794,0.20326,0.08463,0.00022,0.00023,0.00000,0.00006,0.05550,0.00000,0.65609
18.04800,0.12794,0.10831,0.04792,0.00007,0.00028,0.00000,0.00003,0.00550,0.00000,0.83789
18.08000,0.12794,0.05705,0.01667,0.00003,0.00043,0.00000,0.00002,0.00108,0.00000,0.92472
18.11200,0.12794,0.06569,0.00903,0.00002,0.00060,0.00000,0.00003,0.00066,0.00000,0.92396
18.14400,0.12794,0.06791,0.01053,0.00003,0.00088,0.00000,0.00004,0.00065,0.00000,0.91995
18.17600,0.12794,0.07877,0.00992,0.00005,0.00102,0.00000,0.00006,0.00148,0.00000,0.90870
18.20800,0.12794,0.09474,0.01243,0.00007,0.00155,0.00000,0.00010,0.00169,0.00000,0.88941
18.24000,0.12794,0.08935,0.02921,0.00011,0.00222,0.00000,0.00008,0.00123,0.00000,0.87779
18.27200,0.12794,0.10833,0.02753,0.00010,0.00393,0.00000,0.00008,0.00029,0.00000,0.85973
18.30400,0.12794,0.09735,0.00941,0.00006,0.00481,0.00000,0.00007,0.00008,0.00000,0.88823
18.33600,0.12794,0.10749,0.00587,0.00004,0.00469,0.00000,0.00007,0.00004,0.00000,0.88180
18.36800,0.12794,0.12145,0.00110,0.00004,0.00499,0.00000,0.00015,0.00008,0.00000,0.87219
18.40000,0.12794,0.09286,0.00056,0.00005,0.00459,0.00000,0.00029,0.00034,0.00000,0.90130
18.43200,0.12794,0.13930,0.00599,0.00013,0.00664,0.00000,0.00018,0.00030,0.00000,0.84745
18.46400,0.12794,0.15812,0.01622,0.00018,0.00409,0.00000,0.00012,0.00054,0.00001,0.82072
18.49600,0.12794,0.17870,0.03482,0.00022,0.00168,0.00000,0.00006,0.00153,0.00001,0.78298
18.52800,0.12794,0.17738,0.03761,0.00022,0.00082,0.00000,0.00004,0.00301,0.00001,0.78092
18.56000,0.12794,0.19356,0.00965,0.00024,0.00038,0.00000,0.00008,0.03378,0.00001,0.76228
18.59200,0.12794,0.24050,0.01653,0.00023,0.00012,0.00000,0.00006,0.15912,0.00001,0.58344
18.62400,0.12794,0.19381,0.01239,0.00015,0.00057,0.00000,0.00013,0.02864,0.00000,0.76430
18.65600,0.12794,0.17681,0.01047,0.00011,0.00077,0.00000,0.00014,0.02077,0.00000,0.79092
18.68800,0.12794,0.09434,0.00579,0.00005,0.00117,0.00000,0.00012,0.00377,0.00000,0.89477
18.72000,0.12794,0.03333,0.00206,0.00002,0.00339,0.00000,0.00010,0.00043,0.00000,0.96067
18.75200,0.12794,0.03325,0.00174,0.00002,0.00292,0.00000,0.00009,0.00039,0.00000,0.96160
18.78400,0.12794,0.02550,0.00163,0.00002,0.00289,0.00000,0.00007,0.00028,0.00000,0.96961
18.81600,0.12794,0.01835,0.00273,0.00002,0.00236,0.00000,0.00004,0.00022,0.00000,0.97629
18.84800,0.12794,0.01781,0.00200,0.00003,0.00150,0.00000,0.00003,0.00032,0.00000,0.97832
18.88000,0.12794,0.01428,0.00330,0.00004,0.00062,0.00000,0.00001,0.00062,0.00000,0.98113
18.91200,0.12794,0.01508,0.00203,0.00003,0.00066,0.00000,0.00002,0.00047,0.00000,0.98171
18.94400,0.12794,0.03160,0.00250,0.00006,0.00135,0.00000,0.00004,0.00063,0.00000,0.96381
18.97600,0.12794,0.04523,0.00471,0.00007,0.00195,0.00000,0.00004,0.00036,0.00000,0.94764
19.00800,0.12794,0.07126,0.00786,0.00009,0.00527,0.00000,0.00006,0.00012,0.00000,0.91535
19.04000,0.12794,0.12978,0.03338,0.00020,0.01353,0.00000,0.00010,0.00012,0.00000,0.82290
19.07200,0.12794,0.11660,0.04299,0.00015,0.01325,0.00000,0.00010,0.00012,0.00000,0.82677
19.10400,0.12794,0.10350,0.03077,0.00012,0.01272,0.00000,0.00013,0.00020,0.00000,0.85257
19.13600,0.12794,0.13970,0.04354,0.00013,0.00437,0.00000,0.00012,0.00193,0.00000,0.81019
19.16800,0.12794,0.10745,0.03846,0.00008,0.00165,0.00000,0.00007,0.00409,0.00000,0.84820
19.20000,0.12794,0.17831,0.07508,0.00018,0.00069,0.00000,0.00008,0.03097,0.00000,0.71468
19.23200,0.12794,0.30826,0.15978,0.00023,0.00037,0.00001,0.00007,0.12310,0.00000,0.40817
19.26400,0.12794,0.32947,0.10190,0.00034,0.00033,0.00001,0.00008,0.17060,0.00001,0.39725
19.29600,0.12794,0.40704,0.11315,0.00045,0.00048,0.00001,0.00011,0.20609,0.00002,0.27265
19.32800,0.12794,0.40686,0.06066,0.00028,0.00169,0.00001,0.00017,0.04338,0.00001,0.48692
19.36000,0.12794,0.20480,0.01702,0.00016,0.00592,0.00000,0.00023,0.00378,0.00001,0.76808
19.39200,0.12794,0.13590,0.01513,0.00010,0.00854,0.00000,0.00024,0.00150,0.00000,0.83858
19.42400,0.12794,0.10163,0.00566,0.00008,0.00567,0.00000,0.00022,0.00117,0.00001,0.88554
19.45600,0.12794,0.10282,0.00742,0.00011,0.00467,0.00001,0.00023,0.00257,0.00001,0.88217
19.48800,0.12794,0.16472,0.02055,0.00024,0.00243,0.00002,0.00027,0.02380,0.00004,0.78793
19.52000,0.12794,0.21252,0.06565,0.00055,0.00679,0.00004,0.00040,0.01840,0.00007,0.69560
19.55200,0.12794,0.22161,0.17851,0.00076,0.00895,0.00005,0.00036,0.02097,0.00011,0.56869
19.58400,0.12794,0.20637,0.23473,0.00065,0.01426,0.00003,0.00032,0.00902,0.00008,0.53453
19.61600,0.12794,0.18695,0.33790,0.00097,0.03769,0.00004,0.00042,0.00350,0.00014,0.43239
19.64800,0.12794,0.20096,0.26676,0.00085,0.02604,0.00003,0.00043,0.00394,0.00009,0.50089
19.68000,0.12794,0.17152,0.21950,0.00063,0.02760,0.00002,0.00035,0.00174,0.00004,0.57861
19.71200,0.12794,0.20325,0.38453,0.00098,0.01506,0.00003,0.00035,0.00595,0.00006,0.38979
19.74400,0.12794,0.27661,0.24170,0.00135,0.00999,0.00004,0.00049,0.01994,0.00009,0.44978
19.77600,0.12794,0.34906,0.17591,0.00155,0.00795,0.00007,0.00070,0.08317,0.00018,0.38141
19.80800,0.12794,0.34993,0.16708,0.00138,0.00798,0.00007,0.00071,0.11385,0.00017,0.35883
19.84000,0.12794,0.34820,0.13083,0.00147,0.02133,0.00009,0.00114,0.05571,0.00032,0.44091
19.87200,0.12794,0.23334,0.15074,0.00064,0.04574,0.00004,0.00068,0.00692,0.00011,0.56180
19.90400,0.12794,0.18435,0.16833,0.00048,0.04599,0.00003,0.00050,0.00368,0.00010,0.59655
19.93600,0.12794,0.12594,0.11644,0.00025,0.04034,0.00001,0.00027,0.00129,0.00004,0.71542
19.96800,0.12794,0.10317,0.09597,0.00015,0.05263,0.00000,0.00022,0.00053,0.00001,0.74730
20.00000,0.12794,0.09589,0.18387,0.00015,0.03930,0.00000,0.00016,0.00072,0.00001,0.67990
20.03200,0.12794,0.07443,0.16328,0.00011,0.03224,0.00000,0.00012,0.00061,0.00000,0.72922
20.06400,0.12794,0.09714,0.15523,0.00020,0.01943,0.00001,0.00016,0.00231,0.00001,0.72553
20.09600,0.12794,0.08959,0.14155,0.00018,0.00372,0.00000,0.00007,0.00657,0.00000,0.75830
20.12800,0.12794,0.10325,0.09328,0.00030,0.00267,0.00001,0.00009,0.01148,0.00001,0.78891
20.16000,0.12794,0.08683,0.09128,0.00037,0.00327,0.00000,0.00009,0.00456,0.00001,0.81359
20.19200,0.12794,0.06974,0.17077,0.00036,0.00577,0.00000,0.00005,0.00079,0.00000,0.75251
20.22400,0.12794,0.06525,0.18608,0.00031,0.00527,0.00000,0.00004,0.00066,0.00000,0.74238
20.25600,0.12794,0.02748,0.05166,0.00008,0.00312,0.00000,0.00001,0.00010,0.00000,0.91756
20.28800,0.12794,0.02229,0.04679,0.00004,0.00173,0.00000,0.00001,0.00012,0.00000,0.92902
20.32000,0.12794,0.01848,0.02913,0.00002,0.00078,0.00000,0.00001,0.00043,0.00000,0.95116
20.35200,0.12794,0.01681,0.02568,0.00002,0.00055,0.00000,0.00001,0.00041,0.00000,0.95652
20.38400,0.12794,0.02249,0.04967,0.00003,0.00051,0.00000,0.00001,0.00141,0.00000,0.92588
20.41600,0.12794,0.02230,0.03250,0.00003,0.00046,0.00000,0.00001,0.00158,0.00000,0.94313
20.44800,0.12794,0.01623,0.02268,0.00002,0.00048,0.00000,0.00001,0.00068,0.00000,0.95991
20.48000,0.12794,0.01579,0.02908,0.00002,0.00077,0.00000,0.00001,0.00051,0.00000,0.95383
20.51200,0.12794,0.02530,0.08145,0.00004,0.00126,0.00000,0.00001,0.00106,0.00000,0.89089
20.54400,0.12794,0.03776,0.24650,0.00006,0.00147,0.00000,0.00001,0.00215,0.00000,0.71204
20.57600,0.12794,0.04314,0.44707,0.00008,0.00125,0.00000,0.00001,0.00277,0.00000,0.50566
20.60800,0.12794,0.03906,0.29001,0.00007,0.00085,0.00000,0.00001,0.00337,0.00000,0.66663
20.64000,0.12794,0.03162,0.15928,0.00005,0.00061,0.00000,0.00001,0.00293,0.00000,0.80549
20.67200,0.12794,0.01981,0.06943,0.00002,0.00058,0.00000,0.00001,0.00090,0.00000,0.90926
20.70400,0.12794,0.02072,0.04341,0.00002,0.00065,0.00000,0.00001,0.00051,0.00000,0.93469
20.73600,0.12794,0.02148,0.04459,0.00002,0.00092,0.00000,0.00001,0.00033,0.00000,0.93265
20.76800,0.12794,0.02020,0.05031,0.00002,0.00113,0.00000,0.00001,0.00020,0.00000,0.92815
20.80000,0.12794,0.02103,0.04800,0.00002,0.00184,0.00000,0.00001,0.00014,0.00000,0.92896
20.83200,0.12794,0.02353,0.05453,0.00003,0.00268,0.00000,0.00001,0.00019,0.00000,0.91904
20.86400,0.12794,0.03129,0.03779,0.00004,0.00500,0.00000,0.00003,0.00015,0.00000,0.92570
20.89600,0.12794,0.05010,0.02797,0.00008,0.00892,0.00000,0.00008,0.00022,0.00000,0.91263
20.92800,0.12794,0.07428,0.01686,0.00015,0.01846,0.00000,0.00022,0.00021,0.00001,0.88980
20.96000,0.12794,0.06870,0.00783,0.00013,0.02106,0.00000,0.00025,0.00012,0.00001,0.90191
20.99200,0.12794,0.08155,0.00806,0.00015,0.03093,0.00000,0.00037,0.00012,0.00001,0.87879
21.02400,0.12794,0.07158,0.00470,0.00010,0.03641,0.00000,0.00032,0.00005,0.00001,0.88683
21.05600,0.12794,0.06771,0.00514,0.00008,0.02479,0.00000,0.00023,0.00006,0.00001,0.90198
21.08800,0.12794,0.04830,0.00293,0.00004,0.01155,0.00000,0.00008,0.00003,0.00000,0.93707
21.12000,0.12794,0.07434,0.00553,0.00007,0.01738,0.00000,0.00015,0.00006,0.00001,0.90246
21.15200,0.12794,0.11386,0.01319,0.00016,0.02035,0.00001,0.00024,0.00021,0.00002,0.85196
21.18400,0.12794,0.11582,0.00755,0.00012,0.02023,0.00000,0.00025,0.00018,0.00002,0.85582
21.21600,0.12794,0.19753,0.01361,0.00034,0.06127,0.00002,0.00106,0.00047,0.00006,0.72564
21.24800,0.12794,0.12448,0.00497,0.00012,0.03722,0.00000,0.00043,0.00011,0.00001,0.83265
21.28000,0.12794,0.11588,0.00178,0.00008,0.05009,0.00000,0.00049,0.00003,0.00001,0.83164
21.31200,0.12794,0.09989,0.00136,0.00006,0.04182,0.00000,0.00040,0.00001,0.00000,0.85644
21.34400,0.12794,0.08817,0.00090,0.00004,0.03960,0.00000,0.00033,0.00001,0.00000,0.87095
21.37600,0.12794,0.09240,0.00066,0.00005,0.03560,0.00000,0.00045,0.00001,0.00000,0.87082
21.40800,0.12794,0.07510,0.00021,0.00002,0.01867,0.00000,0.00022,0.00000,0.00000,0.90578
21.44000,0.12794,0.07493,0.00013,0.00001,0.01105,0.00000,0.00017,0.00000,0.00000,0.91371
21.47200,0.12794,0.06196,0.00004,0.00000,0.00457,0.00000,0.00008,0.00000,0.00000,0.93334
21.50400,0.12794,0.04835,0.00005,0.00000,0.00224,0.00000,0.00004,0.00000,0.00000,0.94932
21.53600,0.12794,0.04338,0.00015,0.00001,0.00218,0.00000,0.00005,0.00001,0.00000,0.95423
21.56800,0.12794,0.05780,0.00024,0.00001,0.00460,0.00000,0.00008,0.00001,0.00000,0.93725
21.60000,0.12794,0.07276,0.00091,0.00003,0.01135,0.00000,0.00019,0.00003,0.00000,0.91474
21.63200,0.12794,0.07037,0.00168,0.00003,0.01209,0.00000,0.00018,0.00004,0.00000,0.91560
21.66400,0.12794,0.07084,0.00563,0.00006,0.00992,0.00000,0.00016,0.00014,0.00000,0.91326
21.69600,0.12794,0.04402,0.01179,0.00005,0.00320,0.00000,0.00006,0.00051,0.00000,0.94036
21.72800,0.12794,0.02299,0.01553,0.00003,0.00113,0.00000,0.00002,0.00055,0.00000,0.95975
21.76000,0.12794,0.03088,0.05386,0.00009,0.00213,0.00000,0.00003,0.00091,0.00000,0.91210
21.79200,0.12794,0.05187,0.09537,0.00014,0.00497,0.00000,0.00005,0.00115,0.00000,0.84643
21.82400,0.12794,0.08029,0.15248,0.00022,0.01362,0.00000,0.00012,0.00145,0.00001,0.75181
21.85600,0.12794,0.18521,0.24586,0.00066,0.02077,0.00002,0.00036,0.00534,0.00003,0.54175
21.88800,0.12794,0.26553,0.16406,0.00077,0.02206,0.00003,0.00051,0.00637,0.00008,0.54059
21.92000,0.12794,0.27550,0.11463,0.00092,0.01586,0.00005,0.00049,0.00894,0.00013,0.58348
21.95200,0.12794,0.28362,0.03953,0.00070,0.01017,0.00003,0.00052,0.00714,0.00008,0.65822
21.98400,0.12794,0.17952,0.01352,0.00028,0.00733,0.00002,0.00029,0.00250,0.00005,0.79651
22.01600,0.12794,0.15284,0.01173,0.00019,0.00308,0.00001,0.00018,0.00375,0.00002,0.82821
22.04800,0.12794,0.19246,0.01612,0.00026,0.00127,0.00001,0.00017,0.01009,0.00001,0.77962
22.08000,0.12794,0.14886,0.03702,0.00026,0.00068,0.00000,0.00007,0.01431,0.00001,0.79880
22.11200,0.12794,0.15520,0.06942,0.00031,0.00094,0.00000,0.00008,0.01314,0.00000,0.76091
22.14400,0.12794,0.10884,0.04844,0.00021,0.00183,0.00000,0.00007,0.00267,0.00000,0.83794
22.17600,0.12794,0.06581,0.01878,0.00009,0.00395,0.00000,0.00005,0.00031,0.00000,0.91099
22.20800,0.12794,0.07512,0.00901,0.00014,0.00593,0.00000,0.00009,0.00035,0.00000,0.90936
22.24000,0.12794,0.07537,0.00424,0.00014,0.00669,0.00000,0.00014,0.00044,0.00000,0.91299
22.27200,0.12794,0.07814,0.00240,0.00012,0.00376,0.00000,0.00015,0.00109,0.00001,0.91433
22.30400,0.12794,0.06335,0.00203,0.00010,0.00314,0.00000,0.00015,0.00139,0.00001,0.92983
22.33600,0.12794,0.03550,0.00224,0.00005,0.00232,0.00000,0.00009,0.00064,0.00000,0.95916
22.36800,0.12794,0.02842,0.00200,0.00003,0.00224,0.00000,0.00007,0.00037,0.00000,0.96687
22.40000,0.12794,0.03331,0.00163,0.00004,0.00233,0.00000,0.00008,0.00050,0.00000,0.96210
22.43200,0.12794,0.02635,0.00106,0.00002,0.00236,0.00000,0.00007,0.00024,0.00000,0.96990
22.46400,0.12794,0.02807,0.00068,0.00001,0.00380,0.00000,0.00009,0.00016,0.00000,0.96718
22.49600,0.12794,0.02223,0.00068,0.00001,0.00332,0.00000,0.00006,0.00014,0.00000,0.97356
22.52800,0.12794,0.01558,0.00026,0.00000,0.00551,0.00000,0.00006,0.00002,0.00000,0.97855
22.56000,0.12794,0.02270,0.00046,0.00000,0.00599,0.00000,0.00010,0.00005,0.00000,0.97070
22.59200,0.12794,0.05547,0.00137,0.00001,0.00441,0.00000,0.00013,0.00024,0.00000,0.93836
22.62400,0.12794,0.08966,0.00350,0.00002,0.00247,0.00000,0.00013,0.00094,0.00000,0.90328
22.65600,0.12794,0.12668,0.01548,0.00006,0.00092,0.00000,0.00008,0.00544,0.00000,0.85134
22.68800,0.12794,0.10429,0.00726,0.00005,0.00037,0.00000,0.00003,0.00236,0.00000,0.88564
22.72000,0.12794,0.06408,0.00823,0.00002,0.00026,0.00000,0.00001,0.00043,0.00000,0.92696
22.75200,0.12794,0.05373,0.00662,0.00002,0.00026,0.00000,0.00001,0.00014,0.00000,0.93923
22.78400,0.12794,0.05290,0.00195,0.00001,0.00044,0.00000,0.00001,0.00003,0.00000,0.94465
22.81600,0.12794,0.06140,0.00434,0.00001,0.00071,0.00000,0.00002,0.00005,0.00000,0.93347
22.84800,0.12794,0.06703,0.00288,0.00001,0.00082,0.00000,0.00002,0.00005,0.00000,0.92918
22.88000,0.12794,0.08224,0.00176,0.00001,0.00159,0.00000,0.00005,0.00005,0.00000,0.91430
22.91200,0.12794,0.09899,0.01056,0.00002,0.00237,0.00000,0.00003,0.00005,0.00000,0.88799
22.94400,0.12794,0.11137,0.00768,0.00003,0.00501,0.00000,0.00007,0.00006,0.00000,0.87578
22.97600,0.12794,0.12259,0.00611,0.00006,0.00950,0.00000,0.00021,0.00017,0.00000,0.86136
23.00800,0.12794,0.15130,0.00386,0.00013,0.01413,0.00000,0.00050,0.00049,0.00001,0.82958
23.04000,0.12794,0.15503,0.00068,0.00014,0.01872,0.00001,0.00190,0.00158,0.00001,0.82193
23.07200,0.12794,0.12545,0.00038,0.00010,0.01771,0.00000,0.00181,0.00121,0.00001,0.85334
23.10400,0.12794,0.15286,0.00142,0.00010,0.01809,0.00000,0.00062,0.00030,0.00000,0.82659
23.13600,0.12794,0.10796,0.00406,0.00006,0.01091,0.00000,0.00023,0.00017,0.00000,0.87661
23.16800,0.12794,0.10455,0.00927,0.00005,0.00490,0.00000,0.00011,0.00020,0.00000,0.88090
23.20000,0.12794,0.09688,0.01205,0.00006,0.00239,0.00000,0.00007,0.00035,0.00000,0.88821
23.23200,0.12794,0.10732,0.00477,0.00007,0.00092,0.00000,0.00011,0.00409,0.00000,0.88272
23.26400,0.12794,0.21486,0.00934,0.00026,0.00077,0.00001,0.00021,0.04422,0.00002,0.73031
23.29600,0.12794,0.16813,0.01080,0.00030,0.00068,0.00000,0.00015,0.06211,0.00001,0.75782
23.32800,0.12794,0.12857,0.00854,0.00022,0.00093,0.00000,0.00014,0.02674,0.00001,0.83485
23.36000,0.12794,0.07618,0.00457,0.00010,0.00169,0.00000,0.00013,0.00509,0.00000,0.91225
23.39200,0.12794,0.03335,0.00368,0.00004,0.00246,0.00000,0.00007,0.00052,0.00000,0.95989
23.42400,0.12794,0.03818,0.00296,0.00004,0.00577,0.00000,0.00012,0.00028,0.00000,0.95265
23.45600,0.12794,0.04994,0.00529,0.00007,0.00668,0.00000,0.00017,0.00065,0.00000,0.93719
23.48800,0.12794,0.05025,0.00299,0.00008,0.01023,0.00000,0.00030,0.00050,0.00000,0.93565
23.52000,0.12794,0.04820,0.00119,0.00006,0.00768,0.00000,0.00031,0.00043,0.00000,0.94213
23.55200,0.12794,0.04379,0.00131,0.00007,0.00413,0.00000,0.00022,0.00086,0.00000,0.94962
23.58400,0.12794,0.04693,0.00075,0.00006,0.00735,0.00000,0.00037,0.00049,0.00000,0.94404
23.61600,0.12794,0.05078,0.00124,0.00009,0.00512,0.00000,0.00026,0.00082,0.00000,0.94170
23.64800,0.12794,0.05498,0.00075,0.00009,0.00623,0.00000,0.00034,0.00075,0.00001,0.93686
23.68000,0.12794,0.06470,0.00067,0.00011,0.00994,0.00000,0.00037,0.00027,0.00001,0.92394
23.71200,0.12794,0.07301,0.00186,0.00017,0.01322,0.00000,0.00028,0.00018,0.00001,0.91127
23.74400,0.12794,0.05071,0.00409,0.00010,0.00932,0.00000,0.00010,0.00009,0.00000,0.93559
23.77600,0.12794,0.04370,0.01308,0.00008,0.00698,0.00000,0.00006,0.00009,0.00000,0.93601
23.80800,0.12794,0.04602,0.03297,0.00007,0.00325,0.00000,0.00003,0.00029,0.00000,0.91737
23.84000,0.12794,0.08255,0.06814,0.00013,0.00153,0.00000,0.00004,0.00308,0.00000,0.84452
23.87200,0.12794,0.32203,0.10597,0.00102,0.00161,0.00003,0.00009,0.02355,0.00008,0.54561
23.90400,0.12794,0.60334,0.07487,0.00264,0.00030,0.00011,0.00005,0.18234,0.00115,0.13522
23.93600,0.12794,0.62355,0.05435,0.00286,0.00024,0.00019,0.00006,0.23941,0.00177,0.07758
23.96800,0.12794,0.65187,0.04793,0.00214,0.00015,0.00016,0.00004,0.22472,0.00112,0.07188
24.00000,0.12794,0.54249,0.08114,0.00090,0.00048,0.00005,0.00008,0.13522,0.00016,0.23950
24.03200,0.12794,0.28239,0.06433,0.00029,0.00323,0.00001,0.00018,0.01121,0.00001,0.63834
24.06400,0.12794,0.17297,0.03540,0.00023,0.00504,0.00001,0.00023,0.00497,0.00001,0.78115
24.09600,0.12794,0.17023,0.02441,0.00029,0.00856,0.00002,0.00046,0.00587,0.00002,0.79014
24.12800,0.12794,0.16744,0.01379,0.00033,0.00783,0.00003,0.00063,0.01032,0.00004,0.79960
24.16000,0.12794,0.25022,0.02197,0.00066,0.00360,0.00009,0.00062,0.08147,0.00018,0.64119
24.19200,0.12794,0.33676,0.04136,0.00096,0.00444,0.00014,0.00066,0.14187,0.00047,0.47335
24.22400,0.12794,0.26106,0.04291,0.00084,0.00832,0.00008,0.00068,0.05353,0.00030,0.63229
24.25600,0.12794,0.30020,0.05425,0.00096,0.01202,0.00008,0.00072,0.03293,0.00033,0.59850
24.28800,0.12794,0.33005,0.04891,0.00122,0.01845,0.00011,0.00116,0.02521,0.00051,0.57438
24.32000,0.12794,0.28473,0.05178,0.00100,0.01416,0.00008,0.00099,0.02427,0.00032,0.62266
24.35200,0.12794,0.32557,0.09423,0.00117,0.01468,0.00009,0.00092,0.02062,0.00026,0.54247
24.38400,0.12794,0.34462,0.14149,0.00118,0.01202,0.00009,0.00098,0.04874,0.00025,0.45062
24.41600,0.12794,0.31608,0.13706,0.00098,0.01554,0.00008,0.00108,0.03486,0.00015,0.49417
24.44800,0.12794,0.35006,0.11257,0.00095,0.01910,0.00008,0.00131,0.03949,0.00018,0.47625
24.48000,0.12794,0.37328,0.09606,0.00096,0.01945,0.00008,0.00176,0.09143,0.00023,0.41676
24.51200,0.12794,0.30204,0.09986,0.00084,0.02706,0.00007,0.00140,0.04001,0.00022,0.52851
24.54400,0.12794,0.24971,0.09585,0.00057,0.03470,0.00004,0.00099,0.01612,0.00014,0.60188
24.57600,0.12794,0.20368,0.10734,0.00044,0.03209,0.00003,0.00063,0.00980,0.00010,0.64588
24.60800,0.12794,0.17261,0.11203,0.00035,0.04337,0.00003,0.00050,0.00364,0.00009,0.66738
24.64000,0.12794,0.15648,0.12226,0.00033,0.10635,0.00002,0.00060,0.00109,0.00005,0.61281
24.67200,0.12794,0.12760,0.22982,0.00026,0.08950,0.00001,0.00036,0.00088,0.00002,0.55155
24.70400,0.12794,0.11831,0.27885,0.00026,0.07931,0.00001,0.00039,0.00124,0.00001,0.52162
24.73600,0.12794,0.06947,0.21283,0.00020,0.04958,0.00000,0.00024,0.00111,0.00000,0.66656
24.76800,0.12794,0.06926,0.19570,0.00021,0.01273,0.00000,0.00016,0.00451,0.00000,0.71743
24.80000,0.12794,0.07572,0.13881,0.00035,0.00733,0.00001,0.00016,0.00782,0.00001,0.76979
24.83200,0.12794,0.07161,0.13730,0.00037,0.00705,0.00001,0.00012,0.00406,0.00001,0.77947
24.86400,0.12794,0.08815,0.25849,0.00064,0.00824,0.00001,0.00010,0.00184,0.00001,0.64253
24.89600,0.12794,0.04829,0.13840,0.00025,0.00922,0.00000,0.00005,0.00033,0.00000,0.80345
24.92800,0.12794,0.04064,0.08449,0.00013,0.02944,0.00000,0.00007,0.00010,0.00000,0.84512
24.96000,0.12794,0.02933,0.03810,0.00006,0.02296,0.00000,0.00003,0.00001,0.00000,0.90950
24.99200,0.12794,0.02011,0.01653,0.00002,0.00717,0.00000,0.00002,0.00003,0.00000,0.95612
25.02400,0.12794,0.03017,0.02495,0.00004,0.00637,0.00000,0.00002,0.00008,0.00000,0.93838
25.05600,0.12794,0.02156,0.02481,0.00003,0.00133,0.00000,0.00001,0.00014,0.00000,0.95212
25.08800,0.12794,0.02466,0.05051,0.00005,0.00128,0.00000,0.00001,0.00095,0.00000,0.92254
25.12000,0.12794,0.01883,0.03606,0.00004,0.00135,0.00000,0.00001,0.00066,0.00000,0.94304
25.15200,0.12794,0.01821,0.04696,0.00003,0.00135,0.00000,0.00001,0.00053,0.00000,0.93291
25.18400,0.12794,0.02183,0.06754,0.00004,0.00305,0.00000,0.00002,0.00031,0.00000,0.90722
25.21600,0.12794,0.02445,0.07557,0.00005,0.00436,0.00000,0.00002,0.00036,0.00000,0.89517
25.24800,0.12794,0.02975,0.14658,0.00006,0.00342,0.00000,0.00002,0.00069,0.00000,0.81948
25.28000,0.12794,0.03060,0.14941,0.00006,0.00225,0.00000,0.00002,0.00140,0.00000,0.81625
25.31200,0.12794,0.03241,0.10480,0.00007,0.00093,0.00000,0.00002,0.00444,0.00000,0.85733
25.34400,0.12794,0.02948,0.06303,0.00005,0.00037,0.00000,0.00001,0.00675,0.00000,0.90030
25.37600,0.12794,0.02335,0.03314,0.00004,0.00034,0.00000,0.00001,0.00452,0.00000,0.93859
25.40800,0.12794,0.01755,0.02864,0.00003,0.00038,0.00000,0.00001,0.00265,0.00000,0.95075
25.44000,0.12794,0.01323,0.04406,0.00002,0.00053,0.00000,0.00001,0.00142,0.00000,0.94073
25.47200,0.12794,0.01360,0.05683,0.00002,0.00166,0.00000,0.00001,0.00053,0.00000,0.92735
25.50400,0.12794,0.01555,0.06642,0.00003,0.00371,0.00000,0.00001,0.00025,0.00000,0.91402
25.53600,0.12794,0.02675,0.04878,0.00005,0.01240,0.00000,0.00005,0.00016,0.00000,0.91181
25.56800,0.12794,0.05511,0.04372,0.00014,0.03994,0.00000,0.00019,0.00016,0.00001,0.86075
25.60000,0.12794,0.08049,0.01931,0.00020,0.04179,0.00000,0.00036,0.00013,0.00001,0.85770
25.63200,0.12794,0.10571,0.01207,0.00030,0.07080,0.00001,0.00088,0.00015,0.00002,0.81006
25.66400,0.12794,0.14213,0.01170,0.00040,0.09753,0.00001,0.00144,0.00018,0.00003,0.74659
25.69600,0.12794,0.14628,0.00586,0.00030,0.09743,0.00001,0.00178,0.00015,0.00003,0.74815
25.72800,0.12794,0.14823,0.00549,0.00026,0.09588,0.00001,0.00146,0.00011,0.00002,0.74853
25.76000,0.12794,0.09967,0.00117,0.00007,0.03632,0.00000,0.00048,0.00004,0.00001,0.86226
25.79200,0.12794,0.07067,0.00066,0.00003,0.01626,0.00000,0.00015,0.00001,0.00000,0.91223
25.82400,0.12794,0.05398,0.00038,0.00002,0.01039,0.00000,0.00009,0.00001,0.00000,0.93513
25.85600,0.12794,0.05756,0.00034,0.00002,0.00871,0.00000,0.00010,0.00001,0.00000,0.93326
25.88800,0.12794,0.11482,0.00122,0.00006,0.02686,0.00000,0.00036,0.00004,0.00000,0.85664
25.92000,0.12794,0.14141,0.00143,0.00010,0.05233,0.00000,0.00082,0.00006,0.00001,0.80385
25.95200,0.12794,0.17981,0.00237,0.00017,0.09676,0.00000,0.00112,0.00004,0.00001,0.71972
25.98400,0.12794,0.16862,0.00150,0.00012,0.10593,0.00000,0.00118,0.00002,0.00001,0.72263
26.01600,0.12794,0.12303,0.00161,0.00008,0.07413,0.00000,0.00068,0.00002,0.00001,0.80044
26.04800,0.12794,0.11751,0.00106,0.00008,0.05972,0.00000,0.00078,0.00002,0.00000,0.82082
26.08000,0.12794,0.12717,0.00043,0.00006,0.05331,0.00000,0.00116,0.00003,0.00000,0.81784
26.11200,0.12794,0.13458,0.00026,0.00005,0.06416,0.00000,0.00177,0.00003,0.00000,0.79915
26.14400,0.12794,0.18620,0.00016,0.00006,0.06788,0.00000,0.00375,0.00006,0.00000,0.74188
26.17600,0.12794,0.15465,0.00011,0.00003,0.04920,0.00000,0.00248,0.00004,0.00000,0.79348
26.20800,0.12794,0.12917,0.00021,0.00004,0.03430,0.00000,0.00169,0.00007,0.00000,0.83452
26.24000,0.12794,0.12706,0.00029,0.00004,0.02481,0.00000,0.00104,0.00009,0.00000,0.84667
26.27200,0.12794,0.11365,0.00022,0.00003,0.02372,0.00000,0.00061,0.00002,0.00000,0.86175
26.30400,0.12794,0.14809,0.00121,0.00006,0.01729,0.00000,0.00037,0.00006,0.00000,0.83292
26.33600,0.12794,0.15178,0.00154,0.00005,0.02291,0.00000,0.00029,0.00002,0.00000,0.82341
26.36800,0.12794,0.14236,0.00529,0.00006,0.02173,0.00000,0.00017,0.00003,0.00000,0.83036
26.40000,0.12794,0.14663,0.00938,0.00007,0.02793,0.00000,0.00019,0.00003,0.00000,0.81576
26.43200,0.12794,0.12858,0.00458,0.00004,0.08177,0.00000,0.00024,0.00000,0.00000,0.78478
26.46400,0.12794,0.21083,0.00514,0.00007,0.26581,0.00000,0.00107,0.00001,0.00000,0.51708
26.49600,0.12794,0.18886,0.00162,0.00006,0.46434,0.00000,0.00279,0.00000,0.00000,0.34232
26.52800,0.12794,0.14871,0.00052,0.00003,0.53166,0.00000,0.00310,0.00000,0.00000,0.31597
26.56000,0.12794,0.15888,0.00023,0.00003,0.54286,0.00000,0.00747,0.00001,0.00000,0.29052
26.59200,0.12794,0.16360,0.00007,0.00002,0.40039,0.00000,0.00583,0.00000,0.00000,0.43008
26.62400,0.12794,0.17017,0.00002,0.00001,0.36991,0.00000,0.00602,0.00000,0.00000,0.45387
26.65600,0.12794,0.23850,0.00006,0.00003,0.21113,0.00000,0.00742,0.00001,0.00000,0.54284
26.68800,0.12794,0.29122,0.00008,0.00004,0.10862,0.00000,0.00479,0.00001,0.00000,0.59523
26.72000,0.12794,0.20899,0.00017,0.00005,0.08781,0.00000,0.00247,0.00002,0.00000,0.70049
26.75200,0.12794,0.17542,0.00072,0.00009,0.05433,0.00000,0.00143,0.00007,0.00001,0.76793
26.78400,0.12794,0.11914,0.00045,0.00004,0.05631,0.00000,0.00091,0.00002,0.00000,0.82313
26.81600,0.12794,0.07346,0.00030,0.00003,0.06760,0.00000,0.00074,0.00001,0.00000,0.85787
26.84800,0.12794,0.05682,0.00034,0.00003,0.05370,0.00000,0.00064,0.00001,0.00000,0.88846
26.88000,0.12794,0.05715,0.00046,0.00003,0.13429,0.00000,0.00097,0.00001,0.00000,0.80709
26.91200,0.12794,0.05854,0.00051,0.00003,0.16799,0.00000,0.00113,0.00001,0.00000,0.77178
26.94400,0.12794,0.07974,0.00084,0.00006,0.14352,0.00000,0.00145,0.00003,0.00000,0.77436
26.97600,0.12794,0.18204,0.00299,0.00026,0.17042,0.00001,0.00282,0.00013,0.00002,0.64131
27.00800,0.12794,0.63539,0.01107,0.00166,0.11930,0.00006,0.00630,0.00093,0.00029,0.22501
27.04000,0.12794,0.86587,0.01135,0.00297,0.07549,0.00015,0.00993,0.00106,0.00063,0.03255
27.07200,0.12794,0.92536,0.01153,0.00470,0.03707,0.00030,0.01443,0.00167,0.00156,0.00336
27.10400,0.12794,0.95961,0.00611,0.00351,0.01497,0.00018,0.01230,0.00128,0.00107,0.00099
27.13600,0.12794,0.96351,0.00353,0.00242,0.01376,0.00009,0.01440,0.00091,0.00046,0.00092
27.16800,0.12794,0.97131,0.00132,0.00148,0.01043,0.00005,0.01396,0.00048,0.00019,0.00079
27.20000,0.12794,0.97539,0.00063,0.00098,0.00929,0.00003,0.01278,0.00022,0.00010,0.00058
27.23200,0.12794,0.96792,0.00014,0.00045,0.01148,0.00001,0.01943,0.00007,0.00002,0.00048
27.26400,0.12794,0.97122,0.00006,0.00021,0.00925,0.00000,0.01883,0.00003,0.00001,0.00038
27.29600,0.12794,0.96480,0.00009,0.00027,0.01205,0.00001,0.02233,0.00005,0.00001,0.00039
27.32800,0.12794,0.95904,0.00011,0.00025,0.01490,0.00001,0.02507,0.00006,0.00001,0.00057
27.36000,0.12794,0.95480,0.00017,0.00036,0.01812,0.00001,0.02576,0.00008,0.00002,0.00067
27.39200,0.12794,0.94344,0.00030,0.00063,0.02489,0.00002,0.02979,0.00012,0.00004,0.00076
27.42400,0.12794,0.94081,0.00031,0.00062,0.02828,0.00002,0.02899,0.00011,0.00005,0.00080
27.45600,0.12794,0.95008,0.00019,0.00049,0.02262,0.00002,0.02598,0.00007,0.00004,0.00052
27.48800,0.12794,0.95591,0.00019,0.00047,0.01999,0.00002,0.02280,0.00007,0.00003,0.00052
27.52000,0.12794,0.95223,0.00031,0.00064,0.02262,0.00002,0.02325,0.00010,0.00005,0.00077
27.55200,0.12794,0.95439,0.00039,0.00075,0.02104,0.00003,0.02206,0.00014,0.00006,0.00114
27.58400,0.12794,0.94140,0.00060,0.00100,0.02883,0.00004,0.02603,0.00022,0.00008,0.00180
27.61600,0.12794,0.92869,0.00136,0.00176,0.03580,0.00007,0.03008,0.00049,0.00023,0.00154
27.64800,0.12794,0.91132,0.00157,0.00156,0.04800,0.00008,0.03418,0.00055,0.00017,0.00258
27.68000,0.12794,0.90960,0.00268,0.00208,0.04896,0.00012,0.03315,0.00077,0.00029,0.00236
27.71200,0.12794,0.92702,0.00346,0.00243,0.03738,0.00012,0.02676,0.00081,0.00041,0.00161
27.74400,0.12794,0.91121,0.00508,0.00381,0.04507,0.00018,0.03053,0.00128,0.00065,0.00221
27.77600,0.12794,0.92616,0.00361,0.00380,0.03638,0.00014,0.02692,0.00091,0.00062,0.00146
27.80800,0.12794,0.94022,0.00262,0.00388,0.02887,0.00011,0.02178,0.00067,0.00063,0.00123
27.84000,0.12794,0.92770,0.00276,0.00510,0.03630,0.00014,0.02484,0.00082,0.00089,0.00145
27.87200,0.12794,0.94307,0.00149,0.00230,0.03014,0.00008,0.02065,0.00040,0.00028,0.00159
27.90400,0.12794,0.95854,0.00088,0.00169,0.02024,0.00006,0.01705,0.00028,0.00021,0.00106
27.93600,0.12794,0.96192,0.00083,0.00162,0.01630,0.00005,0.01801,0.00033,0.00022,0.00072
27.96800,0.12794,0.95572,0.00073,0.00132,0.01951,0.00005,0.02120,0.00032,0.00014,0.00101
28.00000,0.12794,0.95469,0.00097,0.00227,0.01735,0.00006,0.02316,0.00056,0.00035,0.00058
28.03200,0.12794,0.93989,0.00099,0.00225,0.02479,0.00006,0.03037,0.00057,0.00029,0.00079
28.06400,0.12794,0.95006,0.00101,0.00192,0.01956,0.00005,0.02581,0.00057,0.00024,0.00078
28.09600,0.12794,0.96273,0.00115,0.00195,0.01383,0.00005,0.01895,0.00051,0.00029,0.00054
28.12800,0.12794,0.98104,0.00130,0.00182,0.00588,0.00006,0.00848,0.00047,0.00034,0.00060
28.16000,0.12794,0.99369,0.00101,0.00145,0.00069,0.00004,0.00168,0.00054,0.00036,0.00053
28.19200,0.12794,0.99017,0.00151,0.00300,0.00042,0.00008,0.00098,0.00183,0.00124,0.00078
28.22400,0.12794,0.98186,0.00178,0.00420,0.00010,0.00007,0.00044,0.00787,0.00283,0.00083
28.25600,0.12794,0.96379,0.00268,0.00601,0.00008,0.00008,0.00038,0.02140,0.00453,0.00105
28.28800,0.12794,0.94958,0.00620,0.01104,0.00080,0.00020,0.00162,0.02085,0.00817,0.00155
28.32000,0.12794,0.96893,0.00632,0.00790,0.00198,0.00019,0.00272,0.00632,0.00402,0.00162
28.35200,0.12794,0.98194,0.00371,0.00271,0.00309,0.00009,0.00170,0.00058,0.00068,0.00551
28.38400,0.12794,0.97498,0.00111,0.00055,0.00410,0.00002,0.00104,0.00006,0.00007,0.01807
28.41600,0.12794,0.95752,0.00051,0.00018,0.00164,0.00001,0.00036,0.00002,0.00002,0.03974
28.44800,0.12794,0.90669,0.00022,0.00006,0.00042,0.00000,0.00009,0.00001,0.00000,0.09250
28.48000,0.12794,0.98309,0.00022,0.00008,0.00015,0.00000,0.00005,0.00001,0.00001,0.01638
28.51200,0.12794,0.99660,0.00023,0.00009,0.00004,0.00000,0.00003,0.00001,0.00001,0.00299
28.54400,0.12794,0.99888,0.00019,0.00010,0.00002,0.00000,0.00002,0.00000,0.00001,0.00078
28.57600,0.12794,0.99918,0.00017,0.00015,0.00003,0.00000,0.00003,0.00000,0.00002,0.00041
28.60800,0.12794,0.99771,0.00043,0.00038,0.00017,0.00001,0.00012,0.00001,0.00008,0.00108
28.64000,0.12794,0.99383,0.00118,0.00108,0.00122,0.00004,0.00062,0.00005,0.00031,0.00168
28.67200,0.12794,0.96851,0.00171,0.00132,0.01620,0.00010,0.00542,0.00010,0.00024,0.00640
